Chain ID,Residue name,Residue sequence,Conf 1,Conf 2,Conf 3,Conf 4,Conf 5,Conf 6,Conf 7,Conf 8,Conf 9,Conf 10,Conf 11,Conf 12,Conf 13,Conf 14,Conf 15,Conf 16,Conf 17,Conf 18,Conf 19,Conf 20,Conf 21,Conf 22,Conf 23,Conf 24,Conf 25,Conf 26,Conf 27,Conf 28,Conf 29,Conf 30,Conf 31,Conf 32,Conf 33,Conf 34,Conf 35,Conf 36,Conf 37,Conf 38,Conf 39,Conf 40,Conf 41,Conf 42,Conf 43,Conf 44,Conf 45,Conf 46,Conf 47,Conf 48,Conf 49,Conf 50,Conf 51,Conf 52,Conf 53,Conf 54,Conf 55,Conf 56,Conf 57,Conf 58,Conf 59,Conf 60,Conf 61,Conf 62,Conf 63,Conf 64,Conf 65,Conf 66,Conf 67,Conf 68,Conf 69,Conf 70,Conf 71,Conf 72,Conf 73,Conf 74,Conf 75,Conf 76,Conf 77,Conf 78,Conf 79,Conf 80,Conf 81,Conf 82,Conf 83,Conf 84,Conf 85,Conf 86,Conf 87,Conf 88,Conf 89,Conf 90,Conf 91,Conf 92,Conf 93,Conf 94,Conf 95,Conf 96,Conf 97,Conf 98,Conf 99,Conf 100,Conf 101,Conf 102,Conf 103,Conf 104,Conf 105,Conf 106,Conf 107,Conf 108,Conf 109,Conf 110,Conf 111,Conf 112,Conf 113,Conf 114,Conf 115,Conf 116,Conf 117,Conf 118,Conf 119,Conf 120,Conf 121,Conf 122,Conf 123,Conf 124,Conf 125,Conf 126,Conf 127,Conf 128,Conf 129,Conf 130,Conf 131,Conf 132,Conf 133,Conf 134,Conf 135,Conf 136,Conf 137,Conf 138,Conf 139,Conf 140,Conf 141,Conf 142,Conf 143,Conf 144,Conf 145,Conf 146,Conf 147,Conf 148,Conf 149,Conf 150,Conf 151,Conf 152,Conf 153,Conf 154,Conf 155,Conf 156,Conf 157,Conf 158,Conf 159,Conf 160,Conf 161,Conf 162,Conf 163,Conf 164,Conf 165,Conf 166,Conf 167,Conf 168,Conf 169,Conf 170,Conf 171,Conf 172,Conf 173,Conf 174,Conf 175,Conf 176,Conf 177,Conf 178,Conf 179,Conf 180,Conf 181,Conf 182,Conf 183,Conf 184,Conf 185,Conf 186,Conf 187,Conf 188,Conf 189,Conf 190,Conf 191,Conf 192,Conf 193,Conf 194,Conf 195,Conf 196,Conf 197,Conf 198,Conf 199,Conf 200,Conf 201,Conf 202,Conf 203,Conf 204,Conf 205,Conf 206,Conf 207,Conf 208,Conf 209,Conf 210,Conf 211,Conf 212,Conf 213,Conf 214,Conf 215,Conf 216,Conf 217,Conf 218,Conf 219,Conf 220,Conf 221,Conf 222,Conf 223,Conf 224,Conf 225,Conf 226,Conf 227,Conf 228,Conf 229,Conf 230,Conf 231,Conf 232,Conf 233,Conf 234,Conf 235,Conf 236,Conf 237,Conf 238,Conf 239,Conf 240,Conf 241,Conf 242,Conf 243,Conf 244,Conf 245,Conf 246,Conf 247,Conf 248,Conf 249,Conf 250,Conf 251,Conf 252,Conf 253,Conf 254,Conf 255,Conf 256,Conf 257,Conf 258,Conf 259,Conf 260,Conf 261,Conf 262,Conf 263,Conf 264,Conf 265,Conf 266,Conf 267,Conf 268,Conf 269,Conf 270,Conf 271,Conf 272,Conf 273,Conf 274,Conf 275,Conf 276,Conf 277,Conf 278,Conf 279,Conf 280,Conf 281,Conf 282,Conf 283,Conf 284,Conf 285,Conf 286,Conf 287,Conf 288,Conf 289,Conf 290,Conf 291,Conf 292,Conf 293,Conf 294,Conf 295,Conf 296,Conf 297,Conf 298,Conf 299,Conf 300,Conf 301,Conf 302,Conf 303,Conf 304,Conf 305,Conf 306,Conf 307,Conf 308,Conf 309,Conf 310,Conf 311,Conf 312,Conf 313,Conf 314,Conf 315,Conf 316,Conf 317,Conf 318,Conf 319,Conf 320,Conf 321,Conf 322
A,GLN,19,,,,,,,,,,,,,,,,,,,,,,,,,,,,,,,,,,,,,,,,,,,,,,,,,,,,,,,,,,,,,,,,,,,,,,,,,,,,,,,,,,,,,,,,,,,,,,,,,,,,,,,,,,,,,,,,,,,,,,,,,,,,,,,,,,,,,,,,,,,,,,,,,,,,,,,,,,,,,,,,,,,,,,,,,,,,,,,,,,,,,,,,,,,,,,,,,,,,,,,,,,,,,,,,,,,,,,,,,,,,,,,,,,,,,,,,,,,,,,,,,,,,,,,,,,,,,,,,,,,,,,,,,,,,,,,,,,,,,,,,,,,,,,,,,,,,,,,,,,,,,,,,,,,,,,,,,,,,,,,,,,
A,VAL,20,,,,,,,,,,,,,,,,,,,,,,,,,,,,,,,,,,,,,,,,,,,,,,,,,,,,,,,,,,,,,,,,,,,,,,,,,,,,,,,,,,,,,,,,,,,,,,,,,,,,,,,,,,,,,,,,,,,,,,,,,,,,,,,,,,,,,,,,,,,,,,,,,,,,,,,,,,,,,,,,,,,,,,,,,,,,,,,,,,,,,,,,,,,,,,,,,,,,,,,,,,,,,,,,,,,,,,,,,,,,,,,,,,,,,,,,,,,,,,,,,,,,,,,,,,,,,,,,,,,,,,,,,,,,,,,,,,,,,,,,,,,,,,,,,,,,,,,,,,,,,,,,,,,,,,,,,,,,,,,,,,
A,THR,21,,,,,,,,,,,,,,,,,,,,,,,,,,,,,,,,,,,,,,,,,,,,,,,,,,,,,,,,,,,,,,,,,,,,,,,,,,,,,,,,,,,,,,,,,,,,,,,,,,,,,,,,,,,,,,,,,,,,,,,,,,,,,,,,,,,,,,,,,,,,,,,,,,,,,,,,,,,,,,,,,,,,,,,,,,,,,,,,,,,,,,,,,,,,,,,,,,,,,,,,,,,,,,,,,,,,,,,,,,,,,,,,,,,,,,,,,,,,,,,,,,,,,,,,,,,,,,,,,,,,,,,,,,,,,,,,,,,,,,,,,,,,,,,,,,,,,,,,,,,,,,,,,,,,,,,,,,,,,,,,,,
A,CYS,22,,,,,,,,,,,,,,,,,,,,,,,,,,,,,,,,,,,,,,,,,,,,,,,,,,,,,,,,,,,,,,,,,,,,,,,,,,,,,,,,,,,,,,,,,,,,,,,,,,,,,,,,,,,,,,,,,,,,,,,,,,,,,,,,,,,,,,,,,,,,,,,,,,,,,,,,,,,,,,,,,,,,,,,,,,,,,,,,,,,,,,,,,,,,,,,,,,,,,,,,,,,,,,,,,,,,,,,,,,,,,,,,,,,,,,,,,,,,,,,,,,,,,,,,,,,,,,,,,,,,,,,,,,,,,,,,,,,,,,,,,,,,,,,,,,,,,,,,,,,,,,,,,,,,,,,,,,,,,,,,,,
A,THR,24,,,,,,,,,,,,,,,,,,,,,,,,,,,,,,,,,,,,,,,,,,,,,,,,,,,,,,,,,,,,,-0.0001,,,,,,,,,,,,-0.0136,,,,-0.0047,-0.0003,,,,,,,,,,,,,,,-0.0028,,,,,,,,,,,,,,,,,,,-0.0044,,,,,,,,,,,,,,,,,,,-0.0080,,,,,,,,,,,,,,,,,,,,,,,,,,,,,,,-0.0002,,,,,,,,,,,,,,,,,,,,,,,,,,,,,,,,,,,,,,,,,,,,,,,-0.0001,,,,,,,,,,,,,,,,,,,,,,,,,,,,,,,,,,,,,,,,,,,,,,,,,-0.0001,,,,,,,,,,,,,,,,,,,,,,,,,,,,,,,,,,,,,,,,,,,,,,,,,,,,,,,,,,,,,,,,
A,THR,25,,,,,,,,,,,,,,,,,,,,,-0.0285,-0.0001,,,,,,,,,,,,,-0.0658,-0.1370,,,,,,,,,,,-0.0339,,,,,,-0.0360,,-0.0538,,,,,,-0.0989,,,,,,-0.0418,-0.0037,,-0.0787,-0.0003,,-0.2348,-0.0820,,,-0.0814,-0.0798,,-0.0001,-0.1183,,,-0.0949,-0.0357,-0.0061,-0.0429,-0.0003,-0.0019,,,,-0.1693,-0.0005,,,,,-0.0207,,-0.0202,,,,,,,-0.0288,,,,-0.0888,,-0.0298,-0.0553,-0.0286,,,,,,,,-0.0211,,,,,-0.0001,-0.0554,-0.1161,-0.0871,,,,,-0.0062,,,-0.0497,,,,,-0.0001,-0.0338,,,,,-0.0006,,,,-0.0096,,,,-0.0692,,,-0.0049,,,,,-0.0068,,,,,,-0.0005,-0.0028,-0.0101,,,,,,,,-0.0335,,,,-0.0160,,,,-0.0145,-0.0003,,,,,,-0.0001,,,,,,-0.0062,-0.0012,-0.0033,,,-0.0592,,-0.0003,,-0.0639,,,,,,,-0.0040,-0.0001,,,,-0.0001,,,,,,,,,,,-0.0349,,,,,,,-0.0002,,,,,,,,,,,,,,,-0.1156,,,,,,,,,,,,,,,,,,,,-0.0089,,,,,,,,-0.0416,,-0.0020,,-0.0040,,-0.0003,,-0.0116,,,,,,,,,,,-0.0350,,,,,,,,,,,,-0.0143,,,,,
A,THR,26,-0.0378,,-0.0196,,,,-0.0122,-0.0446,-0.0036,,-0.0005,,,,,,,,,,-0.0365,,,,,,,,,,-0.0399,,,,-0.0722,-0.1041,-0.0007,,,,,-0.0002,-0.0135,,,,-0.0001,,,,,,-0.0010,-0.0108,-0.0203,,,,,,-0.0252,-0.0159,,,,,-0.0058,-0.0019,,-0.1680,-0.0375,-0.0399,-0.0689,-0.0880,,,-0.2708,-0.1140,,-0.0422,-0.0498,,,-0.0006,,-0.0028,-0.0002,-0.0095,-0.0019,,,,-0.1025,-0.0100,,,,,-0.0896,,-0.0404,,,,,,,-0.0255,,,,-0.1928,,-0.0235,-0.0352,-0.0338,,,,,,,-0.0105,-0.0404,,,,,,-0.0058,-0.0009,-0.1408,,,,,-0.0046,,,-0.0849,,,,,-0.0001,,,,,,-0.0315,,,-0.0846,-0.0873,,,,-0.0016,,,-0.0530,,,,,-0.0072,,,,,,-0.0011,-0.0375,,,,,,,,,-0.0183,,,,-0.0944,,,,-0.0110,-0.0014,,-0.0316,,,,-0.0091,,,,,,-0.0011,,-0.0065,,,-0.0544,,-0.0267,,-0.1769,,,,,,,-0.0371,,,,,-0.0095,-0.0001,,,,,,,,,,-0.0009,,,,,,,-0.0019,,,,,,,,,,,,,,,-0.1269,,,,,,,,,,,,,,,,,,,,-0.0661,,,,,,,,-0.0090,,,,,,,,-0.0754,,,,,,,,,,,-0.0161,,,,,,-0.0001,,,,-0.0001,,-0.0324,,,,,
A,LEU,27,-0.0843,,-0.0516,,,,-0.0666,-0.0760,-0.0232,,-0.0114,,,,,,,,,,-0.1480,-0.0252,,,,,,,,,-0.0796,,,,-0.0934,-0.1634,-0.0166,,,,,-0.0061,-0.0630,,,,-0.0001,,,,,,-0.0516,-0.0700,-0.0899,,,,,,-0.0276,-0.0015,,,,,,-0.0315,,-0.1943,-0.0882,-0.0814,-0.0029,-0.1023,,,-0.2059,-0.1282,,-0.0589,-0.0878,,,-0.0103,-0.0416,-0.0787,-0.0402,-0.0846,-0.0736,,,,-0.0003,-0.0847,,,,,-0.1323,,-0.1496,,,,,,,-0.1104,,,,-0.0974,,-0.0833,-0.0846,-0.1618,,,,,,,-0.0480,-0.1459,,,,,-0.0002,,,-0.0301,,,,,-0.0474,,,-0.0002,,,,,,,,,,,-0.0914,,,,-0.0824,,,,-0.0012,,,-0.0001,,,,,-0.0759,,,,,,-0.0238,-0.0674,-0.0002,,,,,,,,-0.0099,,,,-0.0904,,,,-0.1022,-0.0767,,-0.0915,,,,-0.0031,,,,,,-0.0630,,-0.0047,,,-0.1331,,-0.0695,,-0.1248,,,,,,,-0.0565,,,,,-0.0716,-0.0464,,,,,,,,,,-0.0261,,,,,,,-0.0003,,,,,,,,,,,,,,,-0.0759,,,-0.0005,,,,,,,,,,,,,,,,,-0.0771,,,,,,,,-0.0005,,-0.0003,,-0.0002,,,,-0.0208,,,,,,,-0.0001,,,,-0.0414,,,,,,,,,-0.0001,,,-0.0013,,,,,
A,ASN,28,,,,,,,,,,,,,,,,,,,,,,,,,,,,,,,,,,,,,,,,,,,,,,,,,,,,,,,,,,,,,,,,,,,,,,,,,,,,,,,,,,,,,,,,,,,,,,,,,,,,,,,,,,,,,,,,,,,,,,,,,,,,,,,,,,,,,,,,,,,,,,,,,,,,,,,,,,,,,,,,,,,,,,,,,,,,,,,,,,,,,,,,,,,,,,,,,,,,,,,,,,,,,,,,,,,,,,,,,,,,,,,,,,,,,,,,,,,,,,,,,,,,,,,,,,,,,,,,,,,,,,,,,,,,,,,,,,,,,,,,,,,,,,,,,,,,,,,,,,,,,,,,,,,,,,,,,,,,,,,,,,
A,PRO,39,,,,,,,,,,,,,,,,,,,,,,,,,,,,,,,,,,,,,,,,,,,,,,,,,,,,,,,,,,,,,,,,,,,,,,,,,,,,,,,,,,,,,,,,,,,,,,,,,,,,,,,,,,,,,,,,,,,,,,,,,,,,,,,,,,,,,,,,,,,,,,,,,,,,,,,,,,,,,,,,,,,,,,,,,,,,,,,,,,,,,,,,,,,,,,,,,,,,,,,,,,,,,,,,,,,,,,,,,,,,,,,,,,,,,,,,,,,,,,,,,,,,,,,,,,,,,,,,,,,,,,,,,,,,,,,,,,,,,,,,,,,,,,,,,,,,,,,,,,,,,,,,,,,,,,,,,,,,,,,,,,
A,ARG,40,,,,,,,,,,,,,,,,,,,,,,,,,,,,,,,,,,,,,,,,,,,,,,,,,,,,,,,,,,,,,,,,,,,,,,,,,,,,,,,,,,,,,,,,,,,,,,,,,,,,,,,,,,,,,,,,,,,,,,,,,,,,,,,,,,,,,,,,,,,,,,,,,,,,,,,,,,,,,,,,,,,,,,,,,,,,,,,,,,,,,,,,,,,,,,,,,,,,,,,,,,,,,,,,,,,,,,,,,,,,,,,,,,,,,,,,,,,,,,,,,,,,,,,,,,,,,,,,,,,,,,,,,,,,,,,,,,,,,,,,,,,,,,,,,,,,,,,,,,,,,,,,,,,,,,,,,,,,,,,,,,
A,HIS,41,-0.0310,,-0.0427,-0.0460,-0.0882,,-0.0568,-0.1137,-0.0009,-0.2168,-0.0010,-0.2769,,,-0.2298,-0.0004,-0.0004,-0.3291,-0.1736,,-0.1341,-0.0493,,,-0.3680,,,-0.0395,-0.0985,-0.0001,-0.0547,,-0.0454,-0.0001,-0.0210,-0.0822,-0.0285,,,-0.0530,-0.4779,-0.0005,-0.0650,-0.3988,-0.0001,-0.0131,-0.0263,-0.0011,,,-0.2288,-0.5284,-0.1836,-0.0313,-0.0541,,-0.3843,-0.0009,-0.0599,,-0.4154,-0.1198,-0.0002,-0.2486,-0.3571,-0.3803,-0.4166,-0.0620,-0.4012,-0.0676,-0.0585,-0.0620,-0.1787,-0.0046,-0.4471,-0.1837,-0.0725,-0.0899,-0.5005,-0.0626,-0.1117,-0.4686,,-0.1499,-0.2318,-0.3110,-0.1634,-0.0340,-0.1145,,-0.2172,,-0.0858,-0.0193,-0.3319,,,-0.0006,-0.0688,-0.0003,-0.2220,,,-0.5028,,,,-0.0973,-0.0473,,,-0.1561,-0.2248,-0.0339,-0.0711,-0.2298,-0.0090,-0.0356,-0.3981,-0.2383,-0.0007,,-0.0065,-0.1894,,,,,-0.1915,-0.1263,-0.0318,-0.3183,-0.0395,,-0.0024,-0.0800,-0.0771,-0.0225,-0.1779,-0.2062,-0.0001,,-0.4178,-0.0016,-0.1559,-0.0326,-0.4821,-0.0005,,-0.0002,-0.0543,-0.2482,-0.0069,-0.0151,-0.1147,-0.1746,-0.0061,-0.0312,-0.3360,-0.0002,-0.0048,-0.0014,-0.1219,-0.0130,-0.0001,,-0.0294,,,-0.0097,-0.0188,,-0.0155,-0.0348,-0.1696,,-0.2670,-0.0002,-0.2225,,-0.3735,-0.0002,-0.0016,,-0.0050,-0.0001,-0.0155,-0.0016,,,-0.1249,-0.1152,,-0.1447,,-0.3893,,-0.0913,-0.2423,-0.3744,,,-0.0334,-0.2287,-0.0001,-0.0005,,-0.3760,-0.0456,-0.0078,-0.0561,-0.0478,-0.0999,-0.0002,,-0.0029,-0.0008,,-0.0129,-0.0754,-0.0045,,,,-0.0115,-0.1294,-0.4511,-0.0228,,,-0.1053,-0.3080,-0.0241,,,-0.0927,-0.0079,,-0.0001,,-0.0785,-0.0052,-0.0002,,-0.0816,,,,,,-0.3999,-0.0107,,-0.0164,,,,-0.0184,-0.0816,,-0.0068,-0.0005,-0.2381,,,,,-0.0555,,,,-0.0245,-0.0002,,,-0.2118,-0.0406,-0.0551,-0.0718,,,,,,,-0.0031,,-0.1002,,-0.0579,-0.3216,-0.0009,-0.0824,-0.1887,-0.0016,,,-0.0002,,,-0.0742,-0.0004,-0.1612,,-0.0050,,,,-0.1671,-0.0004,,-0.1631,-0.1671,-0.0179,,-0.1001,-0.2876,-0.1721,,,-0.2170,-0.0025
A,VAL,42,,,,,,,,,,,,,,,,,,,,,,,,,,,,,,,,,,,,,,,,,,,,,,,,,,,,,,,,,,,,,,,,,,,,,,,,,,,,,,,,,,,,,,,,,,,,,,,,,,,,,,,,,,,,,,,,,,,,,,,,,,,,,,,,,,,,,,,,,,,,,,,,,,,,,,,,,,,,,,,,,,,,,,,,,,,,,,,,,,,,,,,,,,,,,,,,,,,,,,,,,,,,,,,,,,,,,,,,,,,,,,,,,,,,,,,,,,,,,,,,,,,,,,,,,,,,,,,,,,,,,,,,,,,,,,,,,,,,,,,,,,,,,,,,,,,,,,,,,,,,,,,,,,,,,,,,,,,,,,,,,,
A,ILE,43,,,,,,,,,,,,,,,,,,,,,,,,,,,,,,,,,,,,,,,,,,,,,,,,,,,,,,,,,,,,,,,,,,,,,,,,,,,,,,,,,,,,,,,,,,,,,,,,,,,,,,,,,,,,,,,,,,,,,,,,,,,,,,,,,,,,,,,,,,,,,,,,,,,,,,,,,,,,,,,,,,,,,,,,,,,,,,,,,,,,,,,,,,,,,,,,,,,,,,,,,,,,,,,,,,,,,,,,,,,,,,,,,,,,,,,,,,,,,,,,,,,,,,,,,,,,,,,,,,,,,,,,,,,,,,,,,,,,,,,,,,,,,,,,,,,,,,,,,,,,,,,,,,,,,,,,,,,,,,,,,,
A,CYS,44,,,,,,,,,,,,,,,,,,,,,,,,,,,,,,,,,,,,,,,,,,,,,,,,,,,,,,,,,,,-0.0013,,,,,,,,,,,,,,,,,,,,,,,,,,,,,,,,,,,,-0.0006,,,,,,,,,,,,,,,,,,,,,,,,,,,,,,,,,,,,,,,,,,,,,,,,,,,,,,,,,,,,,,,,,,,,,,,,,,,,,,,,,,,,,,,,,,,,,,,,,,,,,,,,,,,,,,,,,,,,,,,,,,,,,,,,,,,,,,,,,,,,,,,,,,,,,,,,,,,,,,,,,,,,,,,,,,,,,,,,,,,,,,,,,,,,,,,,,,,,,,,,,,,,,,,,,,,,,,,,,,,,,,,,,,,
A,THR,45,,,,,,,,,,,,,,,,,,,,,,,,,,,,,,,,,,,,,,,,,,,,,,,,,,,,,,,,,,,,,,,,,,,,,,,,,,,,,,,,,,,,,,,,,,,,,,,,,,,,,,,,,,,,,,,,,,,,,,,,,,,,,,,,,,,-0.0124,,,,,,,,,,,,,,,,,,,,,,,,,,,,,,,,,,,,,,,,,,,,,,,,,,,,,,,,,,,,,,,,,,,,,,,,,,,,,,,,,,,,,,,,,,,,,,,,,,,,,,,,,,,,,,,,,,,,,,,,,,,,,,,,,,,,,,,,,,,,,,,,,,,,,,,,,,,,,,,,,,,,,,,,,,,,,,,,,,,,,,,,,,,,,,,
A,SER,46,,,,,,,,,,,,,,,,,,,,,,,,,,,,,,,,,,,,,,,,,,,,,,,,,,,,,,,,,,,,,,,,,,,,,,,,,,,,,,,,,,,,,,,,,,,,,,,,,,,,,,,,,,,,,,,,,,,,,,,,,,,,,,,,,,,-0.0590,,,,,,,,,,,,,,,,,,,,,,,,,,,,,,,-0.0246,,,,,,,,,,,,,,,,,,,,,,,,,,,,,,,,,,,,,,,,,,,,,,,,,,,,,,,,,,,,,,,,,,,,,,,,,,,,,,,,,,,,,,,,,,,,,,,,,,,,,,,,,,,,,,,,,,,,,,,,,,,,,,,,,,,,,,,,,,,,,,,,,,,,,,,,,,-0.0037,,,,,,-0.0001
A,GLU,47,,,,,,,,,,,,,,,,,,,,,,,,,,,,,,,,,,,,,,,,,,,,,,,,,,,,,,,,,,,,,,,,,,,,,,,,,,,,,,,,,,,,,,,,,,,,,,,,,,,,,,,,,,,,,,,,,,,,,,,,,,,,,,,,,,,,,,,,,,,,,,,,,,,,,,,,,,,,,,,,,,,,,,,,,,,,,,,,,,,,,,,,,,,,,,,,,,,,,,,,,,,,,,,,,,,,,,,,,,,,,,,,,,,,,,,,,,,,,,,,,,,,,,,,,,,,,,,,,,,,,,,,,,,,,,,,,,,,,,,,,,,,,,,,,,,,,,,,,,,,,,,,,,,,,,,,,,,,,,,,,,
A,ASP,48,,,,,,,,,,,,,,,,,,,,,,,,,,,,,,,,,,,,,,,,,,,,,,,,,,,,,,,,,,,,,,,,,,,,,,,,,,,,,,,,,,,,,,,,,,,,,,,,,,,,,,,,,,,,,,,,,,,,,,,,,,,,,,,,,,,,,,,,,,,,,,,,,,,,,,,,,,,,,,,,,,,,,,,,,,,,,,,,,,,,,,,,,,,,,,,,,,,,,,,,,,,,,,,,,,,,,,,,,,,,,,,,,,,,,,,,,,,,,,,,,,,,,,,,,,,,,,,,,,,,,,,,,,,,,,,,,,,,,,,,,,,,,,,,,,,,,,,,,,,,,,,,,,,,,,,,,,,,,,,,,,
A,MET,49,-0.0007,,-0.0002,-0.0001,-0.0009,,-0.0015,-0.0077,,-0.1027,,-0.2554,,,-0.0285,,,-0.3214,-0.0002,,-0.0167,,,,-0.1204,,,-0.0001,-0.1414,,-0.0002,,-0.0005,,-0.1080,-0.1005,-0.0028,,,-0.0022,-0.1975,,-0.0009,-0.0705,,,-0.0930,-0.0011,,-0.0004,-0.0726,-0.1292,-0.0565,-0.0003,-0.0380,,-0.1991,-0.0034,-0.3433,,-0.1970,-0.0456,,-0.2978,-0.0923,-0.1965,-0.1468,-0.0338,-0.0588,-0.0605,-0.0317,-0.0016,-0.0983,-0.1447,-0.1495,-0.1687,-0.1138,-0.0010,-0.1940,-0.0023,-0.0917,-0.0123,,-0.0767,-0.0861,-0.1739,-0.1551,-0.0048,-0.1629,,-0.0007,,-0.1209,-0.0101,-0.3348,,,-0.0001,-0.1255,,-0.1546,-0.0020,,-0.1116,-0.0037,,,-0.0077,-0.0048,,,-0.0014,-0.0415,-0.0351,-0.0344,-0.1231,,-0.0593,-0.0844,-0.0829,,-0.0003,-0.0086,-0.1413,,,-0.0523,,-0.0943,-0.1709,-0.1812,-0.1340,,,-0.0579,-0.1208,-0.0285,,-0.1085,-0.1721,,,-0.0994,,-0.1092,-0.0936,-0.0612,,,-0.0038,-0.0151,-0.0369,,-0.0004,-0.0563,-0.0722,-0.1109,-0.0658,-0.3641,,,-0.1611,-0.1066,,,,-0.0359,,,,,,-0.0232,,-0.1366,,-0.0195,-0.0001,-0.1138,,-0.1078,,-0.0001,,-0.0001,-0.1953,,,-0.0141,,-0.0357,-0.0147,,-0.2214,,-0.1070,,-0.0297,-0.1685,-0.1547,-0.0660,,-0.0097,-0.0620,-0.0158,-0.0031,,-0.0819,-0.1393,,-0.0032,-0.0008,-0.0012,,,,-0.0001,-0.0005,-0.0001,-0.0046,-0.0403,,,,-0.0084,-0.0599,-0.0827,,,-0.0032,-0.0500,-0.1197,-0.1265,,,-0.0775,,-0.0693,-0.0693,,-0.0005,,-0.0951,,-0.0025,,,,,,-0.1259,-0.0825,,,,,,-0.0479,-0.0669,,,,-0.0414,,,,-0.0250,-0.0825,,,-0.0004,-0.0220,,,,-0.0883,-0.1279,-0.1614,-0.0005,,,,,,-0.0034,-0.0517,,-0.0364,,-0.0577,-0.0863,-0.0636,-0.1333,-0.1343,,-0.0639,,-0.0731,-0.0059,,-0.0431,,-0.0004,-0.1631,-0.0007,,,,-0.0197,,-0.0151,-0.0197,-0.0197,-0.0001,-0.0147,-0.1721,-0.1548,-0.0198,,,-0.0333,-0.6156
A,LEU,50,,,,,,,,,,,,,,,,,,,,,,,,,,,,,,,,,,,,,,,,,,,,,,,,,,,,,,,,,,,,,,,,,,,,,,,,,,,,,,,,,,,,,,,,,,,,,,,,,,,,,,,,,,,,,,,,,,,,,,,,,,,,,,,,,,,,,,,,,,,,,,,,,,,,,,,,,,,,,,,,,,,,,,,,,,,,,,,,,,,,,,,,,,,,,,,,,,,,,,,,,,,,,,,,,,,,,,,,,,,,,,,,,,,,,,,,,,,,,,,,,,,,,,,,,,,,,,,,,,,,,,,,,,,,,,,,,,,,,,,,,,,,,,,,,,,,,,,,,,,,,,,,,,,,,,,,,,,,,,,,,,-0.0006
A,ASN,51,,,,,,,,,,,,,,,,,,,,,,,,,,,,,,,,,,,,,,,,,,,,,,,,,,,,,,,,,,,,,,,,,,,,,,,,,,,,,,,,,,,,,,,,,,,,,,,,,,,,,,,,,,,,,,,,,,,,,,,,,,,,,,,,,,,,,,,,,,,,,,,,,,,,,,,,,,,,,,,,,,,,,,,,,,,,,,,,,,,,,,,,,,,,,,,,,,,,,,,,,,,,,,,,,,,,,,,,,,,,,,,,,,,,,,,,,,,,,,,,,,,,,,,,,,,,,,,,,,,,,,,,,,,,,,,,,,,,,,,,,,,,,,,,,,,,,,,,,,,,,,,,,,,,,,,,,,,,,,,,,,
A,PRO,52,,,,,,,,,,,,,,,,,,-0.0001,,,,,,,,,,,,,,,,,,,,,,,,,,,,,,,,,,,,,,,,,-0.0013,,,,,,,,,,,,,,,,,,,,,,,,,,,,,,,,,,,,,,,,,,,,,,,,,,,,,,,,,,,,,,,,,,,,,,,,,,,,,,,,,,,,,,,,,,,,,,,,,,,,,,,,,,,,,,,,,,,,,,,,,,,,,,,,,,,,,,,,,,,,,,,,,,,,,,,,,,,,,,,,,,,,,,,,,,,,,,,,,,,,,,,,,,,,,,,,,,,,,,,,,,,,,,,,,,,,,,,,,,,,,,,,,,,,,,,,,,,,,,,,,,,,,,,,,,,,,,,,,,,,,,,
A,TYR,54,,,,,,,,,,-0.0319,,-0.0136,,,,,,-0.0418,,,,,,,,,,,,,,,,,,,,,,,-0.0002,,,-0.0315,,,-0.0001,,,,,-0.0332,,,,,-0.0059,-0.0006,-0.0227,,,,,-0.0002,,-0.0083,-0.0022,,,,,,,,-0.0020,,,,-0.0311,,,-0.0317,,,,,,,,,,,,,-0.0358,,,,,,,,,-0.0035,,,,,,,,,,,,,,,,,,,,,,,,,,,,,,,,,,,,,,,-0.0001,,,,-0.0254,,,,,-0.0007,,,,,,,,,,,,,,,,,,,,,,,,,-0.0102,,,,-0.0016,,,,,,,,,,,,,,,-0.0339,,,,,,,,,,,,,,,,,,,,,,,,,,,,,,,,,,,,-0.0038,,,,,,,,,,,,,,,,,,,-0.0142,,,,,,,,,,,,,,,,,,,,,,,,,,,,,,,,,,,,,,,,-0.0002,,,,,,,,,,,,,,,,,,,,,,,,,-0.0006,,,,,,
A,CYS,117,,,,,,,,,,,,,,,,,,,,,,,,,,,,,,,,,,,,,,,,,,,,,,,,,,,,,,,,,,,,,,,,,,,,,,,,,,,,,,,,,,,,,,,,,,,,,,,,,,,,,,,,,,,,,,,,,,,,,,,,,,,,,,,,,,,,,,,,,,,,,,,,,,,,,,,,,,,,,,,,,,,,,,,,,,,,,,,,,,,,,,,,,,,,,,,,,,,,,,,,,,,,,,,,,,,,,,,,,,,,,,,,,,,,,,,,,,,,,,,,,,,,,,,,,,,,,,,,,,,,,,,,,,,,,,,,,,,,,,,,,,,,,,,,,,,,,,,,,,,,,,,,,,,,,,,,,,,,,,,,,,
A,TYR,118,,,,,,,,,,,,,,,,,,,,,,,,,,,,,,,,,,,,,,,,,,,,,,,,,,,,,,,,,,,,,,,,,,,,,,,,,,,,,,,,,,,,,,,,,,,,,,,,,,,,,,,,,,,,,,,,,,,,,,,,,,,,,,,,,,,,,,,,,,,,,,,,,,,,,,,,,,,,,,,,,,,,,,,,,,,,,,,,,,,,,,,,,,,,,,,,,,,,,,,,,,,,,,,,,,,,,,,,,,,,,,,,,,,,,,,,,,,,,,,,,,,,,,,,,,,,,,,,,,,,,,,,,,,,,,,,,,,,,,,,,,,,,,,,,,,,,,,,,,,,,,,,,,,,,,,,,,,,,,,,,,
A,ASN,119,,,,,,,,,,,,,,,,,,,,,,,,,,,,,,,,,,,,,,,,,,,,,,,,,,,,,,,,,,,,,,,,,,,,,,,,,,,,,,,,,,,,,,,,,,,,,,,,,,,,,,,,,,,,,,,,,,,,,,,,,,,,,,,,,,,,,,,,,,,,,,,,,,,,,,,,,,,,,,,,,,,,,,,,,,,,,,,,,,,,,,,,,,,,,,,,,,,,,,,,,,,,,,,,,,,,,,,,,,,,,,,,,,,,,,,,,,,,,,,,,,,,,,,,,,,,,,,,,,,,,,,,,,,,,,,,,,,,,,,,,,,,,,,,,,,,,,,,,,,,,,,,,,,,,,,,,,,,,,,,,,
A,GLY,138,,,,,,,,,,,,,,,,,,,,,,,,,,,,,,,,,,,,,,,,,,,,,,,,,,,,,,,,,,,,,,,,,,,,,,,,,,,,,,,,,,,,,,,,,,,,,,,,,,,,,,,,,,,,,,,,,,,,,,,,,,,,,,,,,,,,,,,,,,,,,,,,,,,,,,,,,,,,,,,,,,,,,,,,,,,,,,,,,,,,,,,,,,,,,,,,,,,,,,,,,,,,,,,,,,,,,,,,,,,,,,,,,,,,,,,,,,,,,,,,,,,,,,,,,,,,,,,,,,,,,,,,,,,,,,,,,,,,,,,,,,,,,,,,,,,,,,,,,,,,,,,,,,,,,,,,,,,,,,,,,,
A,SER,139,,,,,,,,,,,,,,,,,,,,,,,,,,,,,,,,,,,,,,,,,,,,,,,,,,,,,,,,,,,,,,,,,,,,,,,,,,,,,,,,,,,,,,,,,,,,,,,,,,,,,,,,,,,,,,,,,,,,,,,,,,,,,,,,,,,,,,,,,,,,,,,,,,,,,,,,,,,,,,,,,,,,,,,,,,,,,,,,,,,,,,,,,,,,,,,,,,,,,,,,,,,,,,,,,,,,,,,,,,,,,,,,,,,,,,,,,,,,,,,,,,,,,,,,,,,,,,,,,,,,,,,,,,,,,,,,,,,,,,,,,,,,,,,,,,,,,,,,,,,,,,,,,,,,,,,,,,,,,,,,,,
A,PHE,140,,-0.1578,,,-0.0202,-0.1659,,,-0.0634,-0.1102,-0.0858,,-0.2717,-0.0610,-0.1578,-0.1101,-0.1537,,,-0.1352,,,-0.1199,-0.1572,-0.1482,-0.1964,-0.1012,,,-0.0905,,-0.1790,-0.1007,-0.1225,-0.2836,-0.1093,-0.0112,-0.1158,-0.1332,-0.0040,-0.0303,-0.0890,-0.0084,,-0.1041,-0.1765,,,-0.0668,,-0.2200,-0.0519,-0.2008,,,-0.0833,-0.1735,-0.0838,-0.1607,-0.1602,,-0.1663,,,-0.1030,-0.1959,,,-0.0003,,,,,-0.2057,,-0.1580,-0.1045,-0.2490,,-0.0003,,,-0.1148,,,,,,-0.0963,-0.1184,,-0.1324,,-0.0248,,-0.1280,-0.1010,-0.0806,-0.0543,,-0.0062,,-0.1705,,,-0.0001,-0.1029,,-0.0005,-0.1085,-0.0031,,,,,,-0.2531,,,,-0.0044,,-0.0010,-0.0159,-0.1320,-0.0011,,-0.0021,,,-0.1254,,,-0.2167,-0.0121,-0.0476,,,-0.0009,,-0.1060,-0.0003,-0.0078,-0.0035,,,,-0.0079,,,,,-0.0779,-0.1883,-0.0059,-0.0004,-0.0973,-0.0015,,-0.0996,-0.1893,-0.0046,-0.2479,-0.0047,,-0.1337,-0.0001,,-0.2236,,-0.0269,-0.0395,,,-0.0647,-0.0040,-0.0027,-0.1701,,-0.0967,,-0.2803,,-0.0244,-0.1087,,,-0.0889,,-0.0992,,-0.0002,-0.0579,-0.0502,-0.1554,,-0.0106,,,-0.0518,,-0.0957,-0.0269,,-0.1021,,-0.0482,,,,,,-0.0395,,,-0.0213,-0.0011,-0.0066,-0.0038,-0.0983,,,,,-0.0168,,-0.0004,-0.0098,-0.0520,,-0.0084,,,-0.0843,-0.0210,,-0.1049,,,-0.0467,,-0.1019,-0.0053,-0.0001,,,-0.0748,-0.0340,-0.0195,-0.0005,,,,-0.0098,,-0.0590,-0.0008,,,-0.0056,,,,,,-0.0203,,-0.0003,,-0.0093,,,,-0.0588,-0.0193,,,,,,,-0.0971,,,,,,,-0.0876,,,,,,,-0.0004,-0.0007,-0.0888,,,-0.0009,,,,-0.0003,,,,,,,,,,,,,,-0.0661,,,
A,LEU,141,-0.0561,-0.3201,-0.0695,-0.1117,-0.1238,-0.2828,-0.1333,,-0.1797,-0.3572,-0.1985,,-0.3187,-0.0671,-0.3401,-0.0821,-0.1641,,,-0.1659,-0.1213,-0.0585,-0.2165,-0.2579,-0.3583,-0.2647,-0.1951,-0.0004,-0.0220,-0.2249,-0.0625,-0.2069,-0.1903,-0.2593,-0.2950,-0.0579,-0.2286,-0.2542,-0.3189,-0.0473,-0.0131,-0.2126,-0.2051,,-0.2134,-0.1954,-0.0638,,-0.2150,-0.0652,-0.2097,-0.0456,-0.2922,-0.0609,-0.0544,-0.2253,-0.1698,-0.1930,-0.2151,-0.2917,,-0.1816,-0.0763,,-0.0183,-0.1809,-0.0006,-0.0249,,-0.0001,-0.0001,-0.0826,,-0.2698,,-0.0954,-0.0795,-0.2369,,-0.1541,-0.0004,,-0.1378,-0.0087,,,,,-0.1915,-0.1290,,-0.3633,,-0.2137,,-0.2214,-0.0286,-0.1996,-0.0962,,-0.0974,-0.0946,-0.3457,,-0.1266,-0.1178,-0.0201,,-0.0963,-0.1486,-0.1754,,,,-0.0007,-0.0007,-0.2349,,,,-0.0780,-0.0007,-0.1377,-0.1116,-0.2450,,-0.0123,-0.0001,,,-0.2158,,-0.0121,-0.2340,-0.1238,-0.2161,-0.0653,-0.0001,-0.1637,,-0.1068,,-0.0003,-0.0734,,,,-0.0543,,-0.0001,-0.0011,,-0.1545,-0.1735,-0.0032,,-0.1396,-0.1609,,-0.1398,-0.2269,-0.1488,-0.2268,-0.1114,-0.0604,-0.1737,-0.0037,-0.0713,-0.2827,-0.0011,-0.1201,-0.0229,-0.0685,-0.0010,-0.1051,-0.1552,-0.0029,-0.1492,-0.0034,-0.1840,,-0.2273,-0.0143,-0.0007,-0.2537,-0.0001,,-0.0775,-0.0117,-0.2680,-0.0207,-0.0382,-0.0865,-0.0701,-0.1151,-0.0001,-0.0250,-0.0001,,-0.0895,-0.0765,-0.2020,-0.0942,,-0.2255,-0.0395,-0.0746,,,-0.0711,-0.0003,,-0.0412,-0.0002,,-0.1251,-0.0114,-0.0944,-0.1510,-0.2664,-0.0505,,-0.0078,,-0.1654,,-0.0008,-0.0305,-0.0736,,-0.0120,,,-0.0046,-0.2207,,-0.2029,-0.0637,-0.0651,-0.1863,,-0.1928,-0.0806,-0.0105,,,-0.0794,-0.0825,-0.0005,-0.1257,,,,-0.0727,-0.0031,-0.2410,-0.0001,,-0.0001,-0.1852,-0.1115,,,,,-0.0629,-0.0757,-0.0002,-0.0011,-0.1517,,,-0.0631,-0.2502,-0.0907,,-0.0014,,-0.0008,,,-0.2367,,-0.0030,,-0.0081,,-0.0002,-0.1869,,,-0.0018,,,,-0.0157,-0.1495,-0.2554,,,-0.1431,,,,-0.0001,-0.0649,-0.0688,-0.0001,,,,,,,,-0.0004,,,-0.0307,-0.0042,,
A,ASN,142,-0.1210,-0.2167,-0.2915,-0.1821,-0.1427,-0.3915,-0.3176,-0.0201,-0.1995,-0.3364,-0.2269,,-0.1781,-0.0117,-0.3379,-0.0893,-0.0406,,-0.0007,-0.0470,-0.2575,-0.1081,-0.1093,-0.1853,-0.4249,-0.1983,-0.3269,-0.0896,-0.1270,-0.4010,-0.1103,-0.1936,-0.1950,-0.3867,-0.2006,-0.2334,-0.3427,-0.2309,-0.4261,-0.0006,-0.0088,-0.2503,-0.3828,-0.0004,-0.3350,-0.1029,-0.1620,-0.1868,-0.3051,-0.3362,-0.1261,-0.0562,-0.2189,-0.1363,-0.2656,-0.1690,-0.1173,-0.2914,-0.1602,-0.2848,-0.0036,-0.3119,-0.2266,,-0.0722,-0.2307,-0.1505,-0.1687,-0.0313,-0.2000,-0.1116,-0.2225,,-0.4022,,-0.1673,-0.2200,-0.2103,,-0.3859,-0.7229,-0.0001,-0.0367,-0.3383,,,,-0.1254,-0.1698,-0.2125,-0.0486,-0.3325,-0.0001,-0.4237,,-0.1111,-0.0002,-0.1870,-0.1900,-0.3317,-0.3142,-0.4670,-0.2363,,-0.4305,-0.0927,-0.0789,-0.2842,-0.1910,-0.1721,-0.3136,-0.0291,-0.0007,,-0.2927,-0.0665,-0.0904,-0.0072,,-0.0029,-0.0297,-0.2764,-0.3627,-0.1816,-0.1739,-0.0361,-0.2494,-0.2345,-0.0002,-0.0023,-0.2851,-0.0137,-0.0196,-0.1947,-0.1587,-0.2984,-0.1210,-0.1830,-0.3042,-0.0357,-0.1113,-0.0084,-0.0171,-0.0032,-0.2015,-0.0001,-0.0473,-0.0213,-0.1274,-0.0397,-0.3786,,-0.2085,-0.3167,-0.3572,-0.2496,-0.2517,-0.3282,-0.0999,-0.1391,-0.1549,-0.4417,-0.2289,-0.2004,-0.1538,-0.3012,-0.1197,-0.2815,-0.1956,-0.0011,-0.1153,-0.0746,-0.2554,-0.0982,-0.5401,-0.2297,-0.0330,-0.1317,-0.1437,-0.4962,-0.0036,-0.0694,-0.1739,-0.0007,-0.3337,-0.0475,-0.0495,-0.0972,-0.4601,-0.1118,-0.2567,-0.1797,-0.1280,-0.6136,-0.2128,-0.4625,-0.0711,-0.1788,,-0.4098,-0.2128,-0.3094,-0.2090,,-0.4008,-0.3214,-0.0928,-0.0137,-0.1168,-0.1369,-0.1294,,-0.2923,-0.0191,-0.1379,-0.1816,-0.2197,-0.3419,-0.2883,-0.2751,-0.3632,,-0.1528,,-0.4593,-0.3634,-0.0175,-0.1135,-0.0032,-0.2145,-0.0329,-0.0393,-0.1152,-0.0575,-0.3679,-0.0057,-0.1932,-0.1710,-0.1380,-0.1764,,-0.2164,-0.3837,-0.0627,-0.0014,,-0.1422,-0.2345,-0.0588,-0.4423,-0.0189,-0.0366,,-0.0740,-0.3944,-0.2999,-0.0363,-0.5152,-0.4905,-0.3303,-0.3413,-0.0538,-0.0071,-0.1126,-0.0407,-0.0283,-0.1863,-0.1257,-0.0189,-0.1028,-0.1779,-0.1481,-0.0859,-0.3115,-0.1483,,-0.1757,-0.1930,-0.0173,-0.0055,-0.1810,-0.0459,-0.0596,-0.1765,-0.0102,-0.0640,-0.0910,-0.1017,-0.3046,-0.0687,-0.0167,-0.1834,-0.2223,-0.2744,-0.2717,-0.2637,-0.2616,-0.4645,-0.3157,-0.0005,-0.2315,,-0.1759,-0.0072,-0.2877,-0.1117,-0.2311,-0.1001,,-0.0504,-0.1542,,,-0.1341,-0.2423,-0.6167,-0.3114,,-0.0919,-0.0636,-0.0001,
A,GLY,143,-0.2823,,-0.2568,-0.0446,-0.0377,-0.0931,-0.2597,-0.2865,-0.2993,-0.0113,-0.2975,,-0.0359,,-0.0108,,,,,-0.0012,-0.2627,-0.2189,,-0.0266,-0.1153,-0.0028,-0.0607,,-0.1008,-0.0856,-0.2961,,-0.0348,-0.0783,-0.0723,-0.0925,-0.2065,-0.0004,-0.0014,,,-0.2761,-0.2656,,-0.0236,,-0.2151,-0.0009,-0.0594,-0.0519,-0.0014,,-0.0008,-0.2467,-0.1107,-0.0384,,,,-0.0141,-0.0774,-0.2385,-0.1285,,,-0.0648,-0.2346,-0.1240,,-0.2086,-0.2539,-0.2753,,-0.1614,,-0.1147,-0.2080,-0.2195,,-0.2671,-0.0699,,,-0.1979,-0.0008,-0.0048,-0.0079,-0.1864,-0.0536,-0.0017,,-0.0360,-0.0672,-0.2493,,-0.0040,,,-0.2230,-0.0331,-0.0655,-0.0597,-0.0045,,-0.0243,-0.0356,,-0.1500,-0.0019,-0.1148,-0.0922,-0.1846,,-0.0396,-0.1830,-0.0781,,-0.0065,,,-0.0025,-0.0062,-0.3232,-0.0663,-0.0002,,-0.0835,,,-0.0001,-0.0707,-0.1525,,,-0.0724,-0.1698,-0.1658,-0.0081,-0.0984,-0.0715,-0.0006,,,-0.0001,-0.1400,-0.0018,,-0.0001,,-0.0429,-0.1984,,-0.0780,-0.3103,-0.2449,-0.0005,-0.0715,-0.1027,-0.0922,-0.0003,,-0.3847,,,-0.0802,-0.0329,-0.1369,-0.0008,-0.0014,,-0.0019,,-0.1972,-0.2050,-0.0652,-0.0053,,,-0.0381,-0.0495,,,-0.1720,,-0.1051,-0.0001,-0.1811,,-0.0211,-0.0001,-0.1160,-0.0738,,-0.1773,-0.0047,,,-0.1024,,-0.0523,-0.0033,-0.0793,-0.0357,-0.0058,-0.2559,-0.1633,,,-0.1136,-0.0875,-0.2367,,-0.1640,,,-0.0001,,-0.0239,-0.0539,-0.1708,-0.1566,,,,-0.2890,-0.0020,,,,-0.0070,-0.0016,,,,-0.0822,-0.0671,-0.0500,-0.0149,-0.0096,-0.0042,-0.0017,-0.0560,-0.2415,,,,-0.0004,-0.0003,,-0.0262,,,,-0.0002,-0.0771,-0.0029,,-0.0964,-0.0179,-0.0570,-0.1777,,,,,,-0.0025,-0.0369,,,,-0.0088,-0.0042,-0.0029,,,-0.0009,-0.2668,,,,-0.0007,,-0.0274,,-0.0143,,-0.0405,-0.0076,-0.0001,,-0.0044,-0.0001,-0.1468,,-0.0364,-0.0458,-0.1119,-0.0500,,-0.0432,,,,-0.1470,-0.0136,-0.0753,,,,-0.0578,,,-0.0397,-0.0556,-0.0962,-0.1871,,,,,
A,SER,144,-0.0274,-0.0174,-0.0118,-0.0040,-0.0135,-0.0242,-0.0236,-0.0063,-0.1631,-0.0417,-0.1692,,-0.1200,,-0.0002,-0.0008,-0.0327,,,-0.0518,-0.1646,-0.0193,-0.0331,-0.0215,-0.1966,-0.0064,-0.0544,,-0.0004,-0.1219,-0.0486,-0.0041,-0.0406,-0.0121,-0.0386,-0.0343,-0.1737,-0.0039,-0.0002,-0.0259,-0.0002,-0.1423,-0.0149,,-0.0646,-0.0298,-0.0568,,-0.0019,-0.0170,-0.0009,,-0.0050,-0.0483,-0.0066,-0.0387,-0.0001,,-0.0108,-0.0008,-0.0055,-0.0012,-0.0054,,-0.0002,-0.0752,-0.0001,-0.0028,,-0.0080,-0.0091,-0.0690,,-0.0126,,-0.0034,-0.0123,-0.0562,,-0.0356,,,-0.0336,-0.0101,,,,-0.0010,-0.0002,-0.0004,,-0.0515,,-0.1543,,-0.0985,-0.0123,,-0.0058,,-0.0001,-0.0013,-0.0383,,,-0.0046,-0.0020,-0.0013,-0.0001,-0.1742,-0.0757,-0.0287,,,,-0.0003,-0.0342,,,,-0.0781,,-0.1522,-0.0001,-0.0183,,-0.0001,,,,-0.0260,,-0.0001,-0.0072,-0.0653,-0.1494,-0.0097,,-0.0413,,-0.0410,,,-0.0093,,,,-0.0401,,-0.0006,-0.0005,,-0.0545,-0.0398,-0.0046,,-0.0356,-0.0575,,-0.0061,-0.0337,-0.0752,-0.0004,,-0.0514,-0.0441,-0.0002,,-0.0194,,-0.0156,,-0.1324,-0.0099,,-0.0264,,-0.0012,,-0.0406,,-0.0308,-0.0017,,-0.0343,,-0.0014,-0.0003,,-0.0375,-0.0040,-0.0047,,-0.0006,-0.0003,,-0.0002,-0.0001,,,,-0.1058,-0.0469,,-0.0787,-0.0001,,,-0.0018,-0.0060,-0.0032,,-0.0003,-0.0001,,,-0.0001,-0.0272,-0.0280,-0.0402,-0.0255,,,,-0.1442,,,-0.0206,-0.0089,,,,,-0.0037,-0.0854,-0.0030,-0.0315,-0.0009,-0.0007,-0.0006,,-0.0342,-0.0297,-0.0005,,,,-0.0008,,,,,,-0.0061,-0.0002,-0.0450,,,,-0.0479,-0.0070,,,,,-0.0271,,,,-0.0051,,,-0.0005,-0.0450,-0.0013,,,-0.0063,,,,-0.0452,,,,,,-0.0001,-0.0146,,,,,,,,-0.0189,-0.0940,,,-0.0019,,,,-0.0029,-0.0003,-0.0790,,,,,,,,,,,,-0.0005,,,
A,CYS,145,-0.3584,-0.0929,-0.2135,-0.1022,-0.1500,-0.1402,-0.3442,-0.2221,-0.3727,-0.0416,-0.3837,-0.0744,-0.1093,-0.0756,-0.1274,-0.0514,-0.1076,-0.0003,-0.0846,-0.1098,-0.3931,-0.2666,-0.0106,-0.0778,-0.2613,-0.0626,-0.0625,-0.0696,-0.1281,-0.1523,-0.3889,-0.0182,-0.1228,-0.1206,-0.2202,-0.1094,-0.2821,-0.0874,-0.0049,-0.1281,-0.0581,-0.3545,-0.2467,-0.0642,-0.0843,-0.0837,-0.2703,-0.0775,-0.0459,-0.0987,-0.1103,-0.0459,-0.1202,-0.3472,-0.1709,-0.0980,-0.0139,-0.0004,-0.0136,-0.0945,-0.1845,-0.1662,-0.1767,-0.0341,-0.0242,-0.2396,-0.1904,-0.2978,-0.0218,-0.1573,-0.2701,-0.3111,-0.0848,-0.1619,-0.0026,-0.0805,-0.1279,-0.3262,-0.0367,-0.2234,-0.0185,-0.0628,-0.0378,-0.2622,-0.1095,-0.0940,-0.0797,-0.1784,-0.1494,-0.0328,-0.0639,-0.0747,-0.0406,-0.3182,-0.0080,-0.1586,-0.0336,-0.0607,-0.1781,-0.0392,-0.2277,-0.0730,-0.1010,-0.0618,-0.0370,-0.1116,-0.0351,-0.0916,-0.0836,-0.1836,-0.1279,-0.3167,-0.0713,-0.1324,-0.0772,-0.2407,-0.0831,-0.0484,-0.0080,-0.0066,-0.1466,-0.0867,-0.2960,-0.2236,-0.0127,-0.0007,-0.0778,,-0.1080,-0.0506,-0.2172,-0.1221,-0.1202,-0.0030,-0.1532,-0.2621,-0.2230,-0.0448,-0.1233,-0.0874,-0.0418,,-0.0764,-0.1374,-0.0647,-0.1023,-0.0527,-0.1380,,-0.1071,-0.1584,-0.0012,-0.1638,-0.2018,-0.2969,-0.1151,-0.2222,-0.1846,-0.1213,-0.0688,-0.0759,-0.2584,,-0.0625,-0.1147,-0.0921,-0.1162,,-0.0531,-0.0575,-0.0821,,-0.1829,-0.2358,-0.0713,-0.0554,-0.0089,,-0.0687,-0.0518,-0.0777,-0.0748,-0.1041,,-0.1482,-0.0677,-0.1726,-0.0640,-0.0258,-0.0447,-0.2736,-0.2403,,-0.1834,-0.0293,-0.0184,-0.0462,-0.1420,-0.0171,-0.1107,-0.0394,-0.1067,-0.1563,-0.1500,-0.1661,-0.0299,,-0.0325,-0.1949,-0.1074,-0.2324,-0.0360,-0.2211,-0.0953,,-0.0780,-0.0678,-0.1014,-0.1138,-0.2275,-0.1842,-0.0058,,,-0.3145,-0.0972,-0.0800,-0.0801,-0.0275,,-0.1479,-0.0005,-0.0689,-0.0306,-0.0721,-0.1210,-0.1113,-0.0655,-0.0627,-0.0363,-0.0902,-0.1077,-0.1198,-0.0430,-0.0205,,-0.0712,-0.0002,,-0.0164,-0.0784,,,-0.0806,-0.1096,-0.0838,,-0.0008,-0.0065,-0.1158,-0.1725,-0.0356,-0.0226,,,-0.0258,-0.0369,-0.0724,-0.0354,-0.0581,-0.0002,-0.0605,-0.0758,-0.0779,-0.0571,-0.0362,-0.0755,-0.1879,-0.0825,,,-0.0360,-0.0344,-0.0045,,-0.0955,,-0.0883,-0.0661,-0.0368,,-0.0001,-0.0952,-0.0618,-0.0034,-0.0374,-0.0556,-0.1563,,,-0.1171,-0.0718,-0.0012,,-0.1039,-0.0768,-0.1255,,-0.0179,-0.0007,,-0.0179,-0.0179,-0.1161,,-0.0987,-0.0954,-0.0228,,,-0.0562,
A,GLY,146,,,,,,,,,,,,,,,,,,,,,,,,,,,,,,,,,,,,,,,,,,,,,,,,,,,,,,,,,,,,,,,,,,,,,,,,,,,,,,,,,,,,,,,,,,,,,,,,,,,,,,,,,,,,,,,,,,,,,,,,,,,,,,,,,,,,,,,,,,,,,,,,,,,,,,,,,,,,,,,,,,,,,,,,,,,,,,,,,,,,,,,,,,,,,,,,,,,,,,,,,,,,,,,,,,,,,,,,,,,,,,,,,,,,,,,,,,,,,,,,,,,,,,,,,,,,,,,,,,,,,,,,,,,,,,,,,,,,,,,,,,,,,,,,,,,,,,,,,,,,,,,,,,,,,,,,,,,,,,,,,,
A,SER,147,,,,,,,,,,,,,,,,,,,,,,,,,,,,,,,,,,,,,,,,,,,,,,,,,,,,,,,,,,,,,,,,,,,,,,,,,,,,,,,,,,,,,,,,,,,,,,,,,,,,,,,,,,,,,,,,,,,,,,,,,,,,,,,,,,,,,,,,,,,,,,,,,,,,,,,,,,,,,,,,,,,,,,,,,,,,,,,,,,,,,,,,,,,,,,,,,,,,,,,,,,,,,,,,,,,,,,,,,,,,,,,,,,,,,,,,,,,,,,,,,,,,,,,,,,,,,,,,,,,,,,,,,,,,,,,,,,,,,,,,,,,,,,,,,,,,,,,,,,,,,,,,,,,,,,,,,,,,,,,,,,
A,TYR,161,,,,,,,,,,,,,,,,,,,,,,,,,,,,,,,,,,,,,,,,,,,,,,,,,,,,,,,,,,,,,,,,,,,,,,,,,,,,,,,,,,,,,,,,,,,,,,,,,,,,,,,,,,,,,,,,,,,,,,,,,,,,,,,,,,,,,,,,,,,,,,,,,,,,,,,,,,,,,,,,,,,,,,,,,,,,,,,,,,,,,,,,,,,,,,,,,,,,,,,,,,,,,,,,,,,,,,,,,,,,,,,,,,,,,,,,,,,,,,,,,,,,,,,,,,,,,,,,,,,,,,,,,,,,,,,,,,,,,,,,,,,,,,,,,,,,,,,,,,,,,,,,,,,,,,,,,,,,,,,,,,
A,HIS,163,-0.0004,-0.0814,,-0.0056,-0.0507,-0.0398,-0.0047,,-0.1697,-0.0545,-0.1779,,-0.2281,-0.0680,-0.0201,-0.0674,-0.1395,,-0.0414,-0.2117,-0.0016,-0.0005,-0.1145,-0.0682,-0.0533,-0.0788,-0.1315,-0.0001,,-0.1983,-0.0111,-0.1112,-0.1134,-0.0460,-0.1472,-0.1502,-0.0684,-0.0807,-0.0152,-0.0986,-0.0434,-0.1822,-0.0002,,-0.1431,-0.1552,-0.0012,,-0.0496,-0.0075,-0.0641,,-0.0907,-0.0238,-0.0003,-0.0617,-0.0573,-0.0053,-0.0595,-0.0394,,-0.0640,-0.0059,,-0.0939,-0.1717,,-0.0024,,,,-0.0040,,-0.1286,,-0.0503,-0.0500,-0.1499,,-0.0033,,,-0.1285,-0.0329,,,,,-0.0108,-0.0007,-0.0055,-0.0510,,-0.0183,,-0.1738,-0.1309,-0.0027,-0.0647,,-0.0001,-0.0115,-0.1559,,-0.0032,-0.0153,-0.1323,,-0.0040,-0.1767,-0.0869,,,,-0.0010,,-0.1821,,,,-0.1638,-0.0023,-0.0429,-0.0001,-0.0459,,-0.0032,,-0.0019,,-0.0728,,-0.0024,-0.1073,-0.0790,-0.0741,-0.0033,,-0.0611,,-0.1425,,-0.0009,-0.0798,,,,-0.1860,,-0.0023,,,-0.1571,-0.1691,,,-0.1340,-0.0698,,-0.0846,-0.1374,-0.0469,-0.0474,-0.0062,-0.0014,-0.0046,-0.0021,,-0.1264,,-0.0608,,-0.0089,,-0.0124,-0.0619,-0.0001,-0.0511,-0.0012,-0.0878,,-0.1609,,,-0.1052,,,-0.0561,,-0.0876,,-0.0527,,,-0.0057,,-0.0377,,,-0.0001,-0.0007,-0.1312,-0.1273,,-0.0226,,,,,-0.0052,-0.0001,,,-0.0608,,-0.0324,-0.0664,-0.0685,-0.0605,-0.0348,-0.0037,-0.0003,,,-0.0136,,,-0.1000,-0.0631,,-0.0485,,,-0.1477,-0.1242,,-0.1259,-0.0040,-0.0052,-0.0041,,-0.1192,-0.0586,-0.0666,-0.0006,,-0.0589,-0.0472,,-0.0026,,,,-0.0539,-0.0002,-0.0679,,,,-0.1134,,,,-0.0004,,-0.0512,-0.0042,-0.0019,-0.0118,-0.0809,,,-0.0004,-0.0679,-0.0369,,,,-0.0002,,,-0.0951,-0.0001,,,-0.0001,,,-0.0910,,,,,,,,-0.0433,-0.0790,,,-0.0004,-0.0003,,,,-0.0410,-0.0017,,,,,,,,,,-0.0001,,-0.0400,,,
A,HIS,164,-0.1128,-0.1173,-0.1059,-0.0252,-0.1133,-0.0886,-0.1402,-0.1264,-0.1243,-0.0162,-0.1191,-0.1140,-0.0674,-0.1456,-0.1568,-0.1009,-0.1402,-0.0523,-0.2356,-0.0864,-0.0871,-0.0401,-0.0743,-0.0195,-0.0991,-0.1077,-0.0021,-0.0851,-0.1142,-0.0566,-0.0504,-0.0031,-0.0280,-0.1104,-0.0891,-0.0159,-0.0006,-0.0300,-0.0024,-0.1166,-0.0446,-0.0887,-0.0614,-0.0956,-0.0086,-0.0822,-0.1132,-0.1210,-0.0090,-0.0426,-0.0970,-0.0967,-0.0444,-0.0345,-0.0754,-0.0429,-0.0803,-0.0398,-0.0031,-0.0881,-0.0903,-0.0700,-0.0585,-0.0408,-0.1303,-0.1131,-0.1244,-0.1425,-0.1153,-0.0729,-0.0241,,-0.0538,-0.0061,-0.0922,-0.1167,-0.0258,-0.0554,-0.0581,,,-0.1478,-0.0659,-0.0314,-0.0696,-0.0451,-0.0529,-0.1060,-0.1384,-0.0092,-0.1596,-0.0107,-0.0567,-0.0003,-0.0640,-0.1257,-0.0103,-0.1342,-0.0028,-0.1200,-0.1114,-0.0205,-0.0324,-0.1292,-0.0122,-0.1055,-0.0475,-0.0340,-0.0863,-0.0070,-0.0004,-0.0958,-0.1360,-0.0196,-0.0296,-0.0763,-0.1091,-0.0977,-0.1609,-0.0779,-0.1293,-0.0526,-0.0077,-0.0847,-0.0249,-0.0110,-0.0380,,-0.0722,-0.1197,-0.0744,-0.1160,-0.1135,-0.0003,-0.0037,-0.0084,-0.0223,-0.1469,-0.0824,-0.1183,-0.0099,,-0.2059,-0.1048,-0.1294,-0.1140,-0.0982,-0.1451,-0.0002,-0.0379,,-0.1263,-0.0044,-0.1035,-0.0011,-0.0928,-0.0920,-0.0251,-0.1165,-0.0858,-0.0718,-0.0516,-0.0935,-0.0484,-0.0130,-0.0273,-0.0073,-0.0001,-0.0717,-0.1158,-0.1135,-0.0042,-0.0252,-0.0450,-0.1447,-0.0001,-0.1779,-0.0412,-0.0578,-0.0002,-0.1614,-0.0448,-0.0005,,-0.0929,-0.0112,-0.0637,-0.1109,-0.0590,-0.0011,-0.0067,-0.0228,-0.0009,,-0.0127,-0.0514,-0.1014,-0.0010,-0.0396,-0.0804,-0.0030,-0.0001,-0.0030,-0.0437,,-0.0008,,-0.1583,-0.0216,-0.0189,-0.0137,-0.0441,-0.0012,-0.0857,,-0.0558,-0.1699,-0.0450,-0.0070,,-0.0555,-0.0405,-0.0001,-0.0002,-0.0058,,-0.1679,-0.1361,-0.0606,,-0.1108,-0.0830,-0.0746,-0.0285,-0.0001,-0.0435,-0.0684,-0.0152,-0.0217,-0.0690,-0.0415,-0.0660,,-0.0455,-0.0864,-0.0043,-0.1182,,,,-0.1398,-0.0255,,-0.1085,-0.0188,-0.0051,-0.0051,,-0.0376,-0.0532,,-0.0518,-0.1102,-0.0003,,-0.0454,-0.0008,-0.0802,-0.0438,-0.0209,-0.0003,-0.0002,-0.0221,-0.0040,-0.1013,-0.1164,-0.0546,,-0.0890,-0.0034,,-0.0340,-0.0873,,-0.0172,-0.0004,,-0.0003,-0.0077,-0.0034,-0.0721,,-0.0714,-0.0003,-0.0736,-0.0031,,-0.0085,,,-0.0002,-0.1030,-0.0427,,,-0.1286,,,-0.1498,-0.0712,,-0.1483,-0.1498,-0.0212,,-0.1057,-0.0362,-0.1488,-0.0021,-0.0007,-0.1504,-0.0006
A,MET,165,-0.4930,-0.5182,-0.5204,-0.3064,-0.4204,-0.4992,-0.5662,-0.4492,-0.5126,-0.2959,-0.4327,-0.3007,-0.3854,-0.4711,-0.3577,-0.5009,-0.3058,-0.2896,-0.4705,-0.2926,-0.5128,-0.2095,-0.6265,-0.2574,-0.3077,-0.4820,-0.2717,-0.4176,-0.4843,-0.3400,-0.2387,-0.2517,-0.3457,-0.4129,-0.1324,-0.2732,-0.0008,-0.2205,-0.3107,-0.5693,-0.4366,-0.3306,-0.3492,-0.2925,-0.2865,-0.3074,-0.7022,-0.5084,-0.1958,-0.2729,-0.2893,-0.3724,-0.1958,-0.2002,-0.3468,-0.0448,-0.2363,-0.3852,-0.2512,-0.2722,-0.3014,-0.1403,-0.3348,-0.2886,-0.4613,-0.1162,-0.2602,-0.4462,-0.2637,-0.3615,-0.2063,-0.0272,-0.3090,-0.0885,-0.2923,-0.3944,-0.1796,-0.1053,-0.3728,-0.1761,-0.2419,-0.2396,-0.4286,-0.3356,-0.2266,-0.3317,-0.3702,-0.3003,-0.3729,-0.1207,-0.3882,-0.0734,-0.3000,-0.0008,-0.1910,-0.2121,-0.1895,-0.5781,-0.1345,-0.5013,-0.1483,-0.2260,-0.2088,-0.2243,-0.2301,-0.3726,-0.1418,-0.2769,-0.1145,-0.1364,-0.2504,-0.2987,-0.1786,-0.2198,-0.2800,-0.1433,-0.2116,-0.3522,-0.3452,-0.1275,-0.1974,-0.2574,-0.0509,-0.1144,-0.1884,-0.3389,-0.3022,-0.1604,-0.1713,-0.4373,-0.0782,-0.3480,-0.1910,-0.1152,-0.0887,-0.0012,-0.1934,-0.3176,-0.4042,-0.2386,-0.3355,-0.3830,-0.2332,-0.1258,-0.3444,-0.4024,-0.0946,-0.3065,-0.2752,-0.3510,-0.1353,-0.3766,-0.0721,-0.1402,,-0.1258,-0.1114,-0.0402,-0.2743,-0.2087,-0.2054,-0.2536,-0.2755,-0.1283,-0.2435,-0.0300,-0.0785,-0.2712,-0.2656,-0.3667,-0.1893,-0.2849,-0.2059,-0.2851,-0.2854,-0.0022,-0.3177,-0.3279,-0.1764,-0.0641,-0.1109,-0.1769,-0.1056,-0.2135,-0.2118,-0.1639,-0.2233,-0.4254,-0.3372,-0.0096,-0.1053,-0.1889,-0.2962,,-0.0601,-0.0590,-0.2417,-0.0013,-0.1999,-0.0562,-0.0058,-0.0684,-0.0400,-0.1956,,-0.0986,-0.1328,-0.1440,-0.1547,-0.1956,-0.0224,-0.0511,-0.0017,-0.1085,-0.0348,-0.1300,-0.3223,-0.2817,-0.0881,-0.0002,-0.1429,-0.3381,-0.2147,-0.1623,-0.0077,-0.0091,-0.1001,-0.2539,-0.1537,-0.2405,-0.2000,-0.1952,-0.1250,-0.1839,-0.1454,-0.2788,-0.2002,-0.0301,-0.0472,-0.1095,-0.2973,-0.1482,-0.0521,-0.0884,-0.2401,-0.2111,-0.2583,-0.0140,-0.1704,-0.0642,-0.1123,-0.2569,,-0.1929,-0.1612,-0.0116,-0.2756,-0.0007,-0.0379,-0.0889,-0.0002,-0.3436,-0.1699,-0.3089,,-0.0850,-0.0565,-0.1500,-0.3160,-0.1643,-0.1356,,-0.0212,-0.0136,-0.2007,-0.1996,-0.1155,,-0.0583,-0.2145,-0.0014,-0.1755,-0.2919,-0.0066,-0.1883,-0.0029,-0.0004,-0.0104,-0.0794,-0.0001,-0.1430,-0.0181,-0.1708,,-0.3097,-0.0008,-0.0004,-0.0299,,,,-0.2359,-0.3096,,,-0.3303,,,-0.2557,-0.2203,-0.0001,-0.2597,-0.2557,-0.0351,,-0.3107,-0.0751,-0.1835,-0.0628,-0.0430,-0.1497,-0.0470
A,GLU,166,-0.2837,-0.5257,-0.2937,-0.6344,-0.1448,-0.5021,-0.2552,-0.2325,-0.2364,-0.6231,-0.6939,-0.6609,-0.7041,-0.6816,-0.5470,-0.7250,-0.8538,-0.3344,-0.5832,-0.6095,-0.3692,-0.6680,-0.6394,-0.5733,-0.2710,-0.4369,-0.5981,-0.2923,-0.0683,-0.3902,-0.7696,-0.7410,-0.3344,-0.7516,-0.4806,-0.4407,-0.7803,-0.7018,-0.4448,-0.3487,-0.6811,-0.4217,-0.5758,-0.5962,-0.5847,-0.6488,-0.3171,-0.2987,-0.6342,-0.6492,-0.8373,-0.8556,-0.6132,-1.0717,-0.3443,-0.6112,-0.6681,-0.6210,-0.8843,-0.6112,-0.0506,-0.6810,-0.4613,-0.6644,-0.7651,-0.4700,-0.0888,-0.4256,-0.7884,-0.3331,-0.4857,-0.9210,-0.4440,-0.5153,-0.1303,-0.9856,-0.2848,-0.3914,-0.5065,-0.7203,-0.4852,-0.3942,-0.3197,-0.3282,-0.8373,-0.5382,-0.1127,-0.3500,-0.7445,-1.0225,-0.5917,-0.7592,-0.0886,-0.5735,-0.8618,-0.5259,-0.3196,-0.7056,-0.2635,-0.1819,-0.4841,-0.6405,-0.3392,-0.0907,-0.4744,-0.1192,-0.7474,-0.1272,-0.3827,-0.3407,-0.3817,-0.2165,-0.0939,-0.3669,-0.4605,-0.5965,-0.7327,-0.3319,-0.1035,-0.4499,-0.7812,-1.1219,-0.4261,-0.6518,-0.2338,-0.5289,-0.4878,-0.5435,-0.1104,-0.1297,-0.3343,-0.1229,-0.7033,-0.6959,-0.9082,-0.5791,-0.7848,-0.4194,-0.1573,-0.3040,-0.2839,-1.2641,-0.7094,-0.6820,-0.4657,-0.2108,-0.6038,-0.5429,-0.6144,-0.3309,-0.3403,-0.3672,-0.5624,-0.5174,-0.1643,-0.3770,-0.4309,-0.1295,-0.0511,-0.7917,-0.4087,-0.2629,-0.6189,-0.3999,-0.1206,-0.7320,-0.7828,-0.5540,-0.7215,-0.2585,-0.6535,-0.5920,-0.4717,-0.4089,-0.3099,-0.3762,-0.7088,-0.7048,-0.4824,-0.2276,-0.4956,-0.6349,-0.2783,-0.7620,-0.3135,-0.7915,-0.9839,-0.3693,-0.1908,-0.7759,-0.0742,-0.6606,-0.7785,-0.2943,-0.9061,-0.2709,-0.9419,-0.3798,-0.2460,-0.3225,-0.5689,-0.4979,-0.3402,-0.6459,-0.4761,-0.1094,-0.6793,-0.3163,-0.4351,-0.5415,-0.3738,-0.2046,-0.2144,-0.2904,-0.6751,-0.3955,-0.4007,-0.6924,-0.2500,-0.4041,-0.0907,-0.6873,-0.3663,-0.4875,-0.3767,-0.3476,-0.4056,-0.1493,-0.4398,-0.2133,-0.6617,-0.2186,-0.3974,-0.6923,-0.4896,-0.0990,-0.5681,-0.6809,-0.7559,-0.7195,-0.5259,-0.5686,-0.0848,-0.4839,-0.2647,-0.5468,-0.4776,-0.6136,-0.8430,-0.4634,-0.5626,-0.5405,-0.2760,-0.6406,-0.5530,-0.5320,-0.4154,-0.2496,-0.5116,-0.1185,-0.2919,-0.1521,-0.2700,-0.5032,-0.3061,-0.6918,-0.7141,-0.6031,-0.5042,-0.4899,-0.4008,-0.3881,-0.5901,-0.5821,-0.8727,-0.3744,-0.5946,-0.0046,-0.4417,-0.5257,-0.3731,-0.2299,-0.7986,-0.5001,-0.3229,-0.2949,-0.5409,-0.7281,-0.1186,-0.3564,-0.1329,-0.2876,-0.0254,-0.0012,-0.0848,-0.2422,-0.8335,-0.1969,-0.3769,-0.3901,-0.2919,-0.4126,-0.1620,-0.3325,-0.3636,-0.2699,-0.2256,-0.2395,-0.3222,-0.1126,-0.5213,-0.3311,-0.3278,-0.2142,-0.5582,-0.0108,-0.0692,-0.1906,-0.4536,-0.1772,,-0.1804
A,LEU,167,-0.0231,-0.0810,-0.0007,-0.1296,-0.0732,-0.0546,-0.0050,-0.1295,-0.0670,,-0.1586,-0.2514,-0.0027,-0.1807,,-0.1171,-0.0052,-0.1310,-0.2133,-0.0007,,-0.2132,-0.0040,-0.0230,,-0.0876,-0.0921,-0.1429,-0.0004,-0.0063,-0.1819,-0.0535,,-0.1088,,,-0.0177,-0.0800,,-0.0861,,-0.0098,-0.0003,-0.0760,-0.1351,-0.0270,,-0.0419,-0.2151,-0.1282,,,,-0.2567,,-0.1321,,-0.0006,,-0.0991,-0.0002,,-0.1879,-0.0652,,,,-0.0078,-0.0741,,-0.0007,-0.1317,-0.0001,,,,,,-0.0592,,,-0.0152,-0.0012,,-0.1903,-0.0885,-0.0012,-0.0350,,-0.1342,-0.0457,-0.0001,,-0.0202,-0.2393,,,,,,,-0.1061,,-0.0071,,-0.0318,-0.1136,,-0.0824,,,,-0.0244,-0.0555,,-0.0369,-0.0057,-0.1671,,-0.0256,-0.0001,-0.2569,,-0.0015,-0.0002,-0.0013,,-0.0312,-0.0011,-0.0004,,,-0.1516,-0.0122,-0.0649,-0.1073,-0.1187,-0.0415,-0.0006,-0.0041,-0.0222,-0.1336,-0.0253,,,-0.0083,-0.0707,-0.0210,-0.0010,,-0.0007,-0.0533,-0.0562,,,,,-0.0237,,-0.0229,,,,,-0.0004,-0.0187,-0.0112,-0.0005,-0.0432,-0.0032,-0.0001,-0.1204,-0.0142,,,-0.0506,-0.0182,-0.0140,,-0.0011,-0.1062,,,-0.0312,,-0.0787,-0.0817,,,-0.0067,,-0.0001,-0.0318,,-0.0118,,-0.1487,-0.0176,-0.1186,,-0.0007,-0.0132,-0.0462,-0.0925,,,-0.1381,-0.0089,,-0.0843,-0.0416,-0.0019,,,-0.0967,,,,,,,-0.0435,,-0.1594,-0.0320,-0.0004,,,,-0.0013,,,-0.0022,-0.0538,-0.0066,,-0.0027,-0.0819,-0.0767,-0.1091,-0.0788,,,-0.0003,-0.0001,-0.1624,,-0.1459,-0.0002,,-0.0546,-0.0696,-0.1835,-0.0913,-0.0670,-0.0043,-0.0012,,-0.0034,-0.0207,-0.0522,-0.0034,-0.0012,-0.0626,-0.0079,-0.1427,,-0.0021,-0.0672,,-0.0710,-0.0087,-0.0704,-0.0258,-0.0689,-0.1304,-0.0055,,-0.0005,-0.0624,-0.1043,-0.0002,-0.1447,-0.1281,,-0.0049,-0.0320,-0.0001,-0.0058,,-0.0056,-0.1275,,,,,-0.0691,,-0.0955,-0.1600,,-0.0023,,-0.1383,,,-0.1509,-0.0004,,-0.0370,-0.0148,,-0.0001,-0.0040,-0.0031,,,,,-0.0034,,
A,PRO,168,-0.1744,-0.2650,-0.0172,-0.3446,-0.3007,-0.2642,-0.0692,-0.3359,-0.3045,,-0.3102,-0.4816,-0.0158,-0.4354,,-0.4216,-0.0177,-0.4998,-0.5589,-0.0654,,-0.3712,-0.1959,-0.0008,,-0.4534,-0.2730,-0.4277,-0.0002,-0.0690,-0.3039,-0.3219,,-0.0574,,,-0.0113,-0.3218,,-0.2623,,-0.1756,,-0.1889,-0.2717,-0.0015,,-0.2850,-0.3283,-0.1730,,,,-0.4226,,-0.3854,,,,-0.3364,-0.0744,,-0.4636,-0.3388,,,,-0.0029,-0.0485,,-0.0063,-0.2657,,,-0.1102,,,,-0.1097,,,-0.0819,-0.0835,,-0.3755,-0.1323,-0.2177,-0.3401,,-0.2810,-0.1551,-0.0422,,-0.3413,-0.4436,,-0.2012,,,-0.0007,,-0.2747,-0.0479,-0.2825,-0.0436,-0.2138,-0.1365,-0.0193,-0.3418,-0.0520,-0.0806,-0.0427,-0.1802,-0.4248,-0.0316,-0.1322,-0.0165,-0.3506,-0.1604,-0.3098,-0.0881,-0.4429,,-0.0005,-0.1136,-0.3046,-0.0002,-0.2466,-0.2471,-0.0604,,,-0.1805,-0.0016,-0.0334,-0.1212,-0.1285,-0.2233,,-0.0854,-0.0007,-0.1904,-0.0135,,,-0.0523,-0.0634,-0.4103,-0.1284,-0.2584,-0.0715,-0.4641,-0.3955,,,,,-0.2664,,-0.3254,-0.0008,,,-0.1317,-0.1751,-0.1770,-0.0873,-0.1947,-0.2917,-0.3332,-0.0762,-0.2507,-0.0049,,,-0.2909,-0.0753,-0.0125,-0.0001,-0.1044,-0.2880,-0.0001,-0.0001,-0.1946,,-0.0524,-0.0658,-0.2516,-0.1183,-0.1679,-0.0305,-0.0001,-0.2920,,-0.1840,,-0.4961,-0.0798,-0.5559,,-0.0087,-0.2050,-0.1402,-0.0748,-0.0001,-0.0916,-0.1898,-0.1988,,-0.3854,-0.3049,-0.1612,,-0.1699,-0.1074,,,,,-0.0037,,-0.2809,-0.0236,-0.3583,-0.1618,-0.0009,,,,-0.0534,,-0.0001,-0.0281,-0.2218,-0.4039,,-0.1421,-0.1317,-0.1745,-0.1329,-0.2656,,,-0.1354,-0.2560,-0.4666,,-0.3098,-0.0316,-0.0414,-0.2303,-0.2366,-0.8329,-0.2641,-0.0380,-0.2814,-0.2476,,-0.0001,-0.1592,-0.2919,-0.1798,-0.0795,-0.1018,-0.0822,-0.3836,,-0.0162,-0.3517,-0.0006,-0.1602,-0.2691,-0.2453,-0.0712,-0.1652,-0.4341,,,-0.1529,-0.0734,-0.4056,-0.0001,-0.1280,-0.4163,-0.0419,-0.0003,-0.0705,-0.0733,-0.1507,-0.0001,-0.3049,-0.5197,,,,,-0.0425,,-0.3574,-0.5104,,-0.3466,,-0.3315,,,-0.3618,-0.1778,-0.0054,-0.3547,-0.0358,-0.0108,-0.0098,-0.0026,-0.0538,,,,-0.0003,-0.0896,,
A,THR,169,,,,,,,,,,,,,,,,,,,,,,,,,,,,,,,,,,,,,,,,,,,,,,,,,,,,,,-0.0186,,,,,,,,,,,,,,,,,,,,,,,,,,,,,,,,,,,,,,,,,-0.0144,,,,,,,,,,,,,,,,,,,,,,,,,,,-0.0171,,,,,,,,,,,-0.0001,,,,,,,,,,,,,,,,,,,,,,,,,,,,,,,,,,,,,,,,,,,,,,,,,,,,,,,,,,,,,,,,,,-0.0007,,,,,,,,,,,,-0.0001,,,,,,,,,,,,,,-0.0023,,,,,,,,,,,,,,,,,,,,,-0.0001,,,,,-0.0086,,-0.0001,-0.0001,,,,,,,,,,,,,,,-0.0003,,,,-0.0002,,,-0.0006,,,,,,,,,,,,,,,,-0.0004,,,,,,,,,,,,,,,-0.0001,,,-0.0001,,,,,-0.0057,,,,,,,
A,GLY,170,,,,,,,,,,,,,,,,,,,,,,,,,,,,,,,,,,,,,,,,,,,,,,,,,,,,,,-0.1165,,,,,,,,,,,,,,,,,,,,,,,,,-0.0006,,,,,,-0.0009,,,,,,,,,,-0.1144,,,,,,,,,,,,,,,,,,,,,,,,,,,-0.1269,,,,,,,,,,,-0.0063,,,,,,,,,,,,,,,,,,,,,,,,,,,,,,,,,,,,-0.0010,,,,,,,,,,,,,,,,,,,,,,,,,,,,,,-0.0488,,,,,,,,,,,,-0.0025,,,,,,,,,,,,,,-0.0694,,,,,,,,,,,,,-0.0001,-0.0001,,,,,,,-0.0070,,,,,-0.0751,,-0.0067,-0.0144,,-0.0014,,,,,,,,,,,,,-0.0005,,,,-0.0191,,,-0.0158,,,,,,,,,,,,,,,,-0.0239,,,,,,,,,,,,,,,-0.0053,,,-0.0012,,,,,-0.0689,,,,,,,
A,VAL,171,,,,,,,,,,,,,,,,,,,,,,,,,,,,,,,,,,,,,,,,,,,,,,,,,,,,,,,,,,,,,,,,,,,,,,,,,,,,,,,,,,,,,,,,,,,,,,,,,,,,,,,,,,,,,,,,,,,,,,,,,,,,,,,,,,,,,,,,,,,,,,,,,,,,,,,,,,,,,,,,,,,,,,,,,,,,,,,,,,,,,,,,,,,,,,,,,,,,,,,,,,,,,,,,,,,,,,,,,,,,,,,,,,,,,,,,,,,,,,,,,,,,,,,,,,,,,,,,,,,,,,,,,,,,,,,,,,,,,,,,,,,,,,,,,,,,,,,,,,,,,,,,,,,,,,,,,,,,,,,,,,
A,HIS,172,,,,,,-0.0089,,,,,,,-0.0096,,,-0.0538,-0.0003,,,-0.0004,,,,-0.0351,-0.0094,-0.0619,,,,,,-0.0528,,-0.0021,-0.0278,-0.0529,,-0.0001,,,-0.0016,,,,,-0.0008,,,-0.0002,,-0.0530,,-0.0067,,,,-0.0417,,-0.0131,-0.0114,,-0.0278,,,-0.0309,-0.0318,,,,,,,,-0.0096,,-0.0584,-0.0092,-0.0576,,,,,-0.0010,,,,,,-0.0001,-0.0267,,,,,,-0.0007,-0.0289,,-0.0001,,,,-0.0001,,,,-0.0246,,,-0.0651,-0.0140,,,,,,-0.0009,,,,-0.0001,,,,-0.0018,,,,,,-0.0022,,,-0.0287,,-0.0003,,,,,-0.0118,,,,,,,-0.0009,,,,,,-0.0374,,,-0.0126,,,-0.0021,-0.0005,-0.0036,-0.0371,,,-0.0564,,,-0.0033,,,,,,-0.0003,,,-0.0531,,,,-0.0029,,,-0.0002,,,-0.0396,,,,,,,-0.0483,,,,,,,-0.0495,-0.0013,,,,,,,,,,,,,,,,,,,,,,,,,,,,,,,-0.0501,-0.0343,,,,,,,,,,,,,-0.0034,-0.0002,,,,,,,,,,,,,,,,,,,,,-0.0010,,,,,,,,,,,,-0.0104,,,,,,,-0.0002,,,,,,,,,,,,,,,,,,,,,,,,,,,,,,-0.0003,,,
A,ALA,173,,,,,,,,,,,,,,,,,,,,,,,,,,,,,,,,,,,,,,,,,,,,,,,,,,,,,,,,,,,,,,,,,,,,,,,,,,,,,,,,,,,,,,,,,,,,,,,,,,,,,,,,,,,,,,,,,,,,,,,,,,,,,,,,,,,,,,,,,,,,,,,,,,,,,,,,,,,,,,,,,,,,,,,,,,,,,,,,,,,,,,,,,,,,,,,,,,,,,,,,,,,,,,,,,,,,,,,,,,,,,,,,,,,,,,,,,,,,,,,,,,,,,,,,,,,,,,,,,,,,,,,,,,,,,,,,,,,,,,,,,,,,,,,,,,,,,,,,,,,,,,,,,,,,,,,,,,,,,,,,,,
A,PHE,181,,,,,,,,,,,,,,,,,,,,,,,,,,,,,,,,,,,,,,,,,,,,,,,,,,,,,,,,,,,,,,,,,,,,,,,,,,,,,,,,,,,,,,,,,,,,,,,,,,,,,,,,,,,,,,,,,,,,,,,,,,,,,,,,,,,,,,,,,,,,,,,,,,,,,,,,,,,,,,,,,,,,,,,,,,,,,,,,,,,,,,,,,,,,,,,,,,,,,,,,,,,,,,,,,,,,,,,,,,,,,,,,,,,,,,,,,,,,,,,,,,,,,,,,,,,,,,,,,,,,,,,,,,,,,,,,,,,,,,,,,,,,,,,,,,,,,,,,,,,,,,,,,,,,,,,,,,,,,,,,,,
A,PHE,185,,,,,,,,,,,,,,,,,,,,,,,,,,,,,,,,,,,,,,,,,,,,,,,,,,,,,,,,,,,,,,,,,,,,,,,,,,,,,,,,,,,,,,,,,,,,,,,,,,,,,,,,,,,,,,,,,,,,,,,,,,,,,,,,,,,,,,,,,,,,,,,,,,,,,,,,,,,,,,,,,,,,,,,,,,,,,,,,,,,,,,,,,,,,,,,,,,,,,,,,,,,,,,,,,,,,,,,,,,,,,,,,,,,,,,,,,,,,,,,,,,,,,,,,,,,,,,,,,,,,,,,,,,,,,,,,,,,,,,,,,,,,,,,,,,,,,,,,,,,,,,,,,,,,,,,,,,,,,,,,,,
A,VAL,186,,,,,,,,,,,,,,,,,,,,,,,,,,,,,,,,,-0.0001,,,,,,,,,,,,,,-0.0001,,,,,-0.0001,,,,,,,,,,,,-0.0003,-0.0011,,,,,,,,,,,,,,-0.0002,,,-0.0003,,,,,,,,,,,-0.0001,,,,,,,,,,,,,,,,,,,,,,,,,,,,,,,,,,,,,,,,,,,,,,,,,,,,,,,,,,,,,,,,,,,,,,,,,,,,,,,,,,,,,,,,,,,,,,,,,,,,,,,,,,,,,,,,,,,,,,,,,,,,,,,,,,,,,,,,,,,,,,,,,,,,,,,,,,,,,,,,,,,,,,,,,,,,,,,,,,,,,,,,,,,,,,,,,,,,,,,,,,,,,,,,,,,,,,,,,,,,,,,,,,,,,
A,ASP,187,,,,,-0.0012,,,,,-0.2122,,-0.0120,,,,,,-0.2114,,,,,,,-0.0638,,,-0.0025,-0.0013,,,,-0.0664,,,,,,-0.0342,-0.0005,-0.0517,,-0.0101,-0.0979,,,-0.1023,,,,,-0.2158,,,,,-0.1331,-0.1228,-0.2047,,-0.0004,,,-0.0671,-0.1617,-0.2499,-0.1021,,-0.0730,,,,,,-0.1404,,,,-0.2630,,,-0.2799,,,,-0.0001,-0.0011,,,,,,,,-0.1271,,,-0.0007,,,,,,-0.1013,,,,,,,,,-0.0793,,,,,-0.0001,-0.0863,,,,,,,,,,,,,-0.0003,,,,,,,,,-0.0731,,-0.1196,,,,-0.2002,,,,,-0.0661,,,,,,,-0.0392,,,,-0.0281,,,,,,,,,-0.0589,,,,,-0.1490,,,,-0.1211,,,,,,,,,,,,,,,-0.2158,,,-0.0053,,,,,,,,,-0.0950,,,,,,,,,,,,,,,,,,,-0.1180,,,-0.0003,,-0.1285,,,,,,,,,,,,,,,,,,,-0.1289,-0.1031,,,,,-0.0006,,,,,,-0.0001,,,,,,,,,,,,,,,,,,,,,,,,,,,,-0.0237,,,,,,,,,,,,-0.0912,,,,,,-0.0035,,,-0.0018,-0.0035,,,-0.1737,,-0.0018,,,-0.0066,
A,ARG,188,-0.1258,-0.1209,-0.1392,-0.0903,-0.1713,-0.0407,-0.0501,-0.1443,-0.0250,-0.3388,,-0.0221,-0.0485,-0.0394,-0.0705,-0.0142,-0.0518,-0.1383,-0.0797,-0.0700,-0.0465,-0.0003,-0.0713,-0.0632,-0.2419,-0.1090,-0.0003,-0.1982,-0.1704,-0.0424,-0.0002,-0.0408,-0.2032,-0.0008,,,-0.0004,-0.0001,-0.2194,-0.1828,-0.2734,,-0.0446,-0.1553,,-0.0791,-0.0877,-0.0724,,-0.0116,-0.0004,-0.3719,,,,-0.0151,-0.2777,-0.3394,-0.3607,,-0.1051,,-0.0189,-0.2757,-0.2978,-0.2187,-0.0208,-0.0040,-0.2182,-0.0221,-0.0294,,-0.0355,,-0.1049,,,,-0.4389,-0.1058,-0.0005,-0.2193,-0.1060,,,-0.1439,-0.1797,-0.0003,,-0.0167,-0.0603,,-0.1159,,-0.0581,,,-0.1252,,-0.0709,,,,-0.0316,,-0.1076,-0.0286,-0.0576,,,,-0.0003,-0.1074,-0.0005,,,,-0.1278,-0.0528,,,,,,-0.0001,-0.0299,-0.0522,-0.0674,-0.0001,-0.0730,,-0.1761,-0.0001,,,,,-0.1380,-0.0427,-0.0001,-0.3165,-0.0279,-0.0363,-0.0359,-0.0004,-0.0099,-0.2066,,-0.0818,-0.0095,,-0.1276,,,,,,,-0.0044,,,,-0.0039,,-0.0488,,,,,-0.1166,,-0.2699,,,,,-0.0921,-0.0136,,,-0.0182,,,-0.1078,,,,-0.0164,-0.0023,-0.0001,,,,,,-0.1757,,-0.0003,-0.0741,,,,,,,-0.0001,-0.0379,-0.0358,,,,,,-0.0004,-0.0400,,,,,,,,-0.0039,-0.0018,,,-0.0275,-0.0002,-0.0194,-0.1370,,-0.0294,,,,-0.0077,,,,,,,,,,-0.0058,,,,,-0.0579,-0.0526,,,,,-0.1617,,,,,-0.0493,,-0.0352,-0.0015,,,,,,,,,,,-0.0015,,,,-0.0050,,,,,-0.0581,,-0.0114,,,-0.0075,-0.0473,,-0.0002,,-0.0535,,,,,,,,-0.0929,,,,,-0.0004,,,,,,,,-0.2374,,,,,-0.0001,-0.0003
A,GLN,189,-0.5222,-0.5272,-0.7505,-0.4416,-0.6102,-0.4481,-0.5287,-0.6024,-0.6566,-0.4631,-0.2916,-0.3217,-0.6030,-0.5959,-0.5142,-0.6146,-0.3533,-0.7785,-0.6621,-0.5008,-0.4788,-0.1430,-0.4703,-0.5656,-0.4939,-0.5688,-0.1535,-0.7368,-1.0382,-0.5368,-0.0411,-0.4084,-0.6300,-0.3719,-0.0394,-0.0429,-0.2566,-0.4941,-0.7247,-0.6301,-0.6524,-0.2718,-0.5135,-0.2653,-0.2087,-0.5683,-0.4483,-0.6626,-0.2131,-0.1848,-0.3381,-0.6121,-0.1385,-0.0075,-0.4074,-0.2306,-0.3592,-0.6787,-0.6050,-0.2825,-0.6831,-0.0788,-0.4996,-0.7639,-0.5408,-0.2142,-0.3008,-0.5122,-0.7462,-0.3210,-0.3993,-0.1851,-0.3907,-0.0050,-0.8177,-0.1829,-0.0526,-0.0040,-0.6367,-0.5292,-0.2454,-0.2662,-0.8835,-0.1792,-0.1396,-0.5906,-0.7772,-0.4238,-0.0599,-0.0535,-0.4746,-0.4244,-0.8354,,-0.1435,-0.3952,-0.9733,-0.4867,-0.0776,-0.8640,-0.0792,-0.1508,-0.1954,-0.5254,-0.3743,-0.6507,-0.3509,-0.6902,-0.3805,-0.3459,-0.4358,-0.5823,-0.7842,-0.3213,-0.4294,-0.0395,-0.1091,-0.7626,-0.7104,-0.5460,-0.1582,-0.0274,-0.0276,-0.0359,-0.4704,-0.5473,-0.4185,-0.4949,-0.6163,-0.5845,,-0.6579,-0.4453,-0.1353,-0.0269,-0.0504,-0.0007,-0.6958,-0.4523,-0.2684,-0.8079,-0.2844,-0.0355,-0.3613,-0.2822,-0.5012,-0.2002,-0.0715,-0.4787,-0.5262,-0.1871,-0.2623,-0.0024,,-0.0497,-0.3962,-0.1671,-0.3561,-0.1823,-0.0309,-0.2041,-0.0672,-0.3003,-0.1570,-0.7653,-0.0203,-0.0031,-0.4179,-0.0267,-0.5467,-0.0591,-0.6166,-0.0018,-0.6450,-0.0379,-0.0798,-0.1547,-0.4818,-0.2928,-0.0068,-0.2042,-0.0002,-0.5441,-0.3824,-0.2617,-0.1570,-0.0283,-0.8127,-0.4405,-0.0722,-0.6166,,-0.1595,-0.0910,,-0.2272,-0.0001,-0.2148,-0.7189,-0.0861,-0.1915,-0.3941,-0.0051,-0.2678,,-0.6523,-0.4744,-0.2361,-0.1273,-0.1149,-0.0076,-0.5083,-0.0001,-0.6700,-0.6275,-0.4288,-0.0964,-0.0042,-0.2605,,-0.2438,-0.3460,-0.6270,-0.4410,,-0.3763,-0.0288,-0.5803,-0.5478,-0.6719,-0.1443,-0.2268,-0.2481,-0.0047,-0.0834,-0.8665,-0.1292,-0.0563,-0.0571,-0.0717,-0.3036,-0.1397,-0.1925,-0.5206,-0.3438,-0.3371,-0.1937,,-0.5672,-0.1155,-0.2110,-0.5465,-0.5717,-0.0058,-0.0054,,-0.5144,-0.1036,-0.1704,-0.1188,,-0.4380,-0.1943,-0.3941,-0.5499,,-0.1138,-0.0038,-0.1465,-0.1152,-0.2262,-0.1729,-0.1032,-0.1428,,-0.4115,-0.1115,-0.1183,-0.0528,-0.7292,-0.4078,-0.3868,-0.0735,-0.0747,-0.5200,-0.1986,-0.1645,-0.0069,-0.0126,-0.2743,-0.2424,-0.2871,-0.5847,-0.1983,-0.4790,,-0.2043,-0.4058,-0.2857,-0.2442,-0.1122,-0.2225,-0.6791,-0.3238,-0.1251,-0.1692,-0.1950,-0.2646,-0.3158,-0.1593,-0.1225,-0.2646,-0.2892,-0.0720,-0.1248,-0.5791,-0.1552,-0.1687,-0.0644,-0.0017,-0.3430,-1.0994
A,THR,190,-0.1566,-0.1590,-0.2396,-0.1465,-0.2686,-0.1078,-0.1278,-0.1541,-0.0822,,-0.0002,-0.1274,-0.2228,-0.1678,,-0.0654,-0.0690,-0.0695,-0.0692,-0.3328,-0.0211,-0.1316,-0.1184,-0.0582,-0.0001,-0.1050,-0.1355,-0.1478,-0.1995,-0.0927,-0.0691,-0.1284,,,,,,-0.0798,-0.0030,-0.0623,,-0.2359,,-0.0992,,-0.0543,,-0.1937,-0.1168,-0.0665,,-0.0003,,,,-0.1034,,-0.0002,,-0.0869,-0.1793,,-0.1594,-0.0049,,,,-0.0012,-0.0005,,-0.0388,-0.0130,-0.0540,,-0.2768,,,,-0.0010,-0.0428,,-0.0564,-0.1714,,-0.0024,-0.0165,-0.1169,-0.0813,,-0.0795,,-0.2881,-0.2377,,,,-0.2907,-0.0160,,-0.1483,,,-0.0693,,-0.2460,-0.2470,-0.1763,-0.2125,-0.0070,-0.1460,-0.0649,-0.1123,-0.1435,-0.0774,-0.0379,,-0.0017,-0.1372,-0.2252,-0.0105,-0.1248,,-0.0012,,-0.1336,-0.1370,-0.1742,-0.1018,-0.2324,-0.1766,,-0.0115,,,,,,-0.0163,,-0.0025,-0.1145,-0.0752,,-0.2299,-0.0589,-0.2730,,,-0.1850,-0.1560,-0.0448,,-0.0031,,,,,-0.0566,,,,,,-0.2057,-0.1913,,-0.0056,-0.0112,,-0.0605,-0.1304,-0.1695,,-0.0002,,-0.1678,,-0.0039,,,,,-0.0002,-0.1733,,,,-0.1244,-0.0673,-0.1566,-0.2044,,-0.0067,,-0.0696,,-0.0607,-0.0333,-0.0136,,-0.0554,-0.0415,,,,-0.0748,-0.0827,-0.1545,,,,-0.2531,,-0.1080,-0.1223,,,,,,,-0.0005,-0.1402,-0.0443,,-0.0848,,-0.0550,-0.1575,-0.1045,,-0.0001,-0.0192,,-0.0001,-0.0262,,,,,-0.0090,,,-0.3140,-0.0635,-0.0073,,,-0.3574,,,-0.0026,-0.0718,,,,-0.1387,,,,,,-0.0770,,-0.2474,,,,,,,-0.1017,,,,-0.0006,,,-0.0503,-0.0093,-0.1247,,,,-0.0001,-0.0001,-0.0485,,-0.0073,-0.1374,,,,,-0.0001,,,,-0.0522,-0.0008,,,,-0.0001,,,,-0.0299,,,,,,,,,,,,-0.0031,,
A,ALA,191,,,-0.0002,,-0.0033,,-0.0009,,,,,,-0.0024,-0.0027,,,,,,-0.0130,,,,,,,,-0.0004,,,,-0.0001,,,,,,,,,,-0.0857,,,,,,,,,,,,,,,,,,-0.0001,-0.0013,,-0.0054,,,,,,,,,,,,-0.0641,,,,,,,,-0.0002,,,,-0.0699,,,,,-0.1076,-0.0002,,,,-0.1039,,,,,,,,-0.0800,-0.0193,-0.0004,-0.0023,,-0.0273,-0.0009,-0.0001,,-0.0017,,,,-0.0010,-0.0042,,-0.0013,,,,-0.0057,-0.0509,-0.0007,,-0.0454,-0.0001,,,,,,,,,,,,,,-0.0004,,-0.1193,,,-0.0001,-0.0711,,,-0.0010,,,,,-0.0006,,,,,,-0.0922,-0.0005,,,,,,-0.0389,,,,,-0.0511,,,,,,,,,,,,-0.0606,-0.0443,-0.0014,-0.0335,,,,-0.0710,,-0.0258,,,,,,,,,,,-0.0059,,,,-0.1553,,,,,,,,,,,-0.0004,,,-0.0001,,,-0.0009,,,,,,,,,,,,,,,-0.0698,-0.0053,,,,-0.0564,,,,,,,,,,,,,,-0.0694,,-0.0009,,,,,,,-0.0003,,,,,,,-0.0014,,-0.0006,,,,,,,,,-0.0002,,,,,,,,,,,,,,,,,,,,,,,,,,,,,,-0.0001,,
A,GLN,192,-0.0644,-0.0690,-0.0648,-0.0386,-0.0702,-0.0140,-0.0117,-0.0524,,,,-0.0142,-0.0119,,,,-0.0261,,-0.0002,-0.0409,-0.0005,-0.0131,-0.0109,-0.0388,-0.0001,-0.0032,-0.0160,-0.0003,-0.0603,-0.0385,-0.0002,-0.0103,,,,,,,,-0.0104,,-0.0003,,-0.0074,,-0.0195,,-0.0441,-0.0125,-0.0033,,-0.0001,,,,-0.0001,,,,,-0.0003,,,-0.0026,,,,,,,-0.0001,,-0.0007,,,,,,-0.0008,-0.0115,,,-0.0004,,,-0.0007,-0.0033,,,-0.0031,,-0.0004,-0.0363,,,,-0.0004,-0.0063,,-0.0042,,,,,-0.0009,-0.0112,-0.0039,-0.0010,,-0.0002,,,,-0.0215,,,,-0.0001,-0.0009,,,,,,,-0.0003,-0.0235,-0.0025,-0.0203,-0.0170,,-0.0073,,,,,,-0.0010,-0.0002,,-0.0089,-0.0290,,-0.0069,,-0.0002,,,-0.0118,-0.0002,,,,,,,,,,,,,,-0.0007,-0.0001,,,,,-0.0127,,-0.0133,,,,-0.0001,,,,,,,,-0.0018,,,,-0.0046,,,,,,,-0.0009,,-0.0001,,,,,,,,,,-0.0002,,,,,-0.0007,,,-0.0368,,,,,,,,,,,,,,-0.0001,-0.0006,,,,,,,,,,,,,,-0.0016,,,,,,,,,,,,,-0.0067,,,,,,-0.0003,,,,,,,,,,,,,,,,,,,,,,-0.0002,,,,,,,,,,,,,,,,,,,,,,,,,,,,,,,,,,,,,
A,ALA,193,,,,,,,,,,,,,,,,,,,,,,,,,,,,,,,,,,,,,,,,,,,,,,,,,,,,,,,,,,,,,,,,,,,,,,,,,,,,,,,,,,,,,,,,,,,,,,,,,,,,,,,,,,,,,,,,,,,,,,,,,,,,,,,,,,,,,,,,,,,,,,,,,,,,,,,,,,,,,,,,,,,,,,,,,,,,,,,,,,,,,,,,,,,,,,,,,,,,,,,,,,,,,,,,,,,,,,,,,,,,,,,,,,,,,,,,,,,,,,,,,,,,,,,,,,,,,,,,,,,,,,,,,,,,,,,,,,,,,,,,,,,,,,,,,,,,,,,,,,,,,,,,,,,,,,,,,,,,,,,,,,

Intra-Ligand Free,,,-1.0197,-1.0999,-1.0678,-1.6327,-0.9409,-1.1505,-0.9482,-0.6783,-0.6988,-1.3278,-0.8870,-1.3253,-1.0789,-1.3037,-1.4843,-1.4281,-1.5169,-0.9746,-1.1114,-1.1333,-0.7679,-1.0308,-1.4051,-1.6606,-0.9074,-0.8094,-1.3315,-1.1363,-1.1522,-1.4525,-1.0448,-1.5647,-1.4940,-1.2457,-1.2811,-1.8078,-0.9510,-1.5845,-1.5447,-1.4235,-1.2671,-0.6846,-0.9271,-1.2147,-1.8593,-1.4243,-0.8447,-1.1985,-1.4938,-1.9154,-1.3567,-0.7155,-1.5166,-0.6282,-1.6807,-1.4543,-1.3932,-1.2750,-0.5690,-1.1678,-0.7557,-1.4367,-1.0104,-1.3139,-0.9256,-0.4655,-1.2593,-1.0732,-1.4969,-1.2253,-1.3198,-0.8428,-0.9700,-0.9762,-1.2634,-1.0989,-1.5075,-1.4676,-0.7992,-0.7484,-1.2734,-1.0225,-0.8610,-1.4067,-1.0406,-0.7633,-0.7128,-0.9111,-1.1721,-1.0415,-1.1822,-1.0816,-0.7326,-0.5896,-0.5411,-1.1039,-1.2931,-0.8842,-1.7706,-1.4047,-1.5576,-1.3955,-1.1978,-1.0433,-1.1879,-1.1536,-1.5077,-0.8758,-1.5348,-0.9250,-1.2008,-0.0157,-1.1998,-0.7945,-0.8104,-0.9015,-1.0633,-0.7006,-0.7610,-1.6045,-0.5781,-1.0341,-0.6298,-0.9145,-1.1249,-0.9296,-0.8246,-1.6866,-1.0637,-0.6556,-0.6170,-0.6319,-1.3333,-1.7214,-1.6073,-0.9927,-0.8449,-1.1728,-0.8119,-0.8671,-0.6701,-0.9323,-0.9437,-0.9449,-0.9322,-0.5115,-1.1459,-0.7977,-1.4819,-0.5416,-1.2193,-1.1697,-0.8019,-0.4708,-1.2826,-1.7542,-1.1740,-1.1644,-0.5610,-0.9995,-1.4140,-1.3391,-1.0070,-0.9657,-0.8522,-1.0738,-0.8342,-1.3834,-0.9528,-0.8451,-0.9023,-0.7124,-0.8178,-0.6359,-0.8231,-1.3766,-0.6600,-1.1233,-1.1459,-1.4510,-0.9892,-1.1128,-1.1022,-1.5433,-1.4554,-1.0765,-0.4834,-0.8443,-0.6708,-1.1269,-0.7514,-1.1418,-1.1583,-1.2486,-0.7637,-0.9821,-1.1508,-1.0972,-0.6912,-0.9693,-1.2556,-0.7245,-1.2475,-0.6323,-0.7650,-0.5973,-1.0733,-0.6027,-1.0211,-1.0128,-0.7857,-1.2743,-0.9834,-1.0280,-1.5791,-1.2380,-1.8407,-1.5296,-1.4841,-0.6229,-1.2255,-0.9182,-1.6157,-1.7137,-0.2919,-0.7454,-0.6569,-0.7929,-1.3669,-1.1492,-0.8597,-0.7692,-0.9756,-1.2687,-1.0689,-0.7960,-1.0850,-1.2906,-1.1540,-1.0370,-0.9613,-1.2399,-0.7768,-0.7148,-0.7967,-1.2266,-1.5591,-1.4865,-1.2363,-0.8160,-0.8589,-0.7836,-1.5389,-0.8291,-0.8030,-1.0666,-0.8272,-1.0535,-1.6351,-1.0583,-0.7368,-1.1169,-0.6721,-1.4811,-1.4890,-1.5276,-1.0986,-0.8079,-0.7590,-0.9739,-1.4285,-1.0603,-1.1083,-0.8438,-0.8804,-0.5253,-0.9370,-1.2988,-0.9782,-1.2520,-1.0014,-0.8145,-1.0740,-1.4923,-0.8349,-0.5702,-1.6762,-0.2352,-1.1633,-0.6130,-0.7743,-0.7513,-0.9326,-0.7594,-0.7687,-1.4133,-0.2016,-0.4679,-0.6989,-1.1649,-0.6052,-0.7804,-0.7187,-0.8150,-1.0663,-0.5264,-0.6634,-0.8849,0.0272,-0.8585,-0.6360,0.0006,0.0383,-0.6164,-0.4163,-0.1823,-0.3955,0.0519,-0.7271,-0.9498,-0.1298,1.8457
Inter-Ligand Free,,,-10.0111,-9.7252,-9.7501,-8.8677,-9.5072,-9.1701,-9.2742,-9.5093,-9.4804,-8.8455,-9.2598,-8.7963,-8.9837,-8.7421,-8.4934,-8.4625,-8.3610,-8.8882,-8.7481,-8.7009,-9.0483,-8.7516,-8.3718,-8.1159,-8.8407,-8.9251,-8.3947,-8.5743,-8.5374,-8.2278,-8.6036,-8.0836,-8.1015,-8.3399,-8.2933,-7.7525,-8.6086,-7.9703,-7.9716,-8.0766,-8.2311,-8.7850,-8.5355,-8.2350,-7.5884,-8.0227,-8.5902,-8.2329,-7.9286,-7.4929,-7.9899,-8.6076,-7.7572,-8.6133,-7.5493,-7.7751,-7.8277,-7.9320,-8.6238,-8.0236,-8.4141,-7.7329,-8.1316,-7.8214,-8.1924,-8.6085,-7.8078,-7.9512,-7.5148,-7.7780,-7.6738,-8.1050,-7.9768,-7.9576,-7.6636,-7.8269,-7.3971,-7.4343,-8.0943,-8.1424,-7.6107,-7.8283,-7.9592,-7.3891,-7.7303,-7.9950,-8.0331,-7.7975,-7.5133,-7.6306,-7.4798,-7.5709,-7.8672,-7.9947,-8.0414,-7.4635,-7.2700,-7.6180,-6.7272,-7.0817,-6.9268,-7.0679,-7.2572,-7.3765,-7.2240,-7.2574,-6.8933,-7.4773,-6.8093,-7.4113,-7.1249,-8.2776,-7.0862,-7.4905,-7.4620,-7.3645,-7.1894,-7.5448,-7.4809,-6.6251,-7.6324,-7.1677,-7.5588,-7.1964,-6.9671,-7.1063,-7.1855,-6.3181,-6.9399,-7.3444,-7.3655,-7.3498,-6.6399,-6.2415,-6.3452,-6.9577,-7.0806,-6.7314,-7.0830,-7.0237,-7.2103,-6.9230,-6.8979,-6.8849,-6.8891,-7.3045,-6.6633,-6.9914,-6.3033,-7.2097,-6.5242,-6.5623,-6.9288,-7.2589,-6.4459,-5.9586,-6.5360,-6.5372,-7.1324,-6.6740,-6.2225,-6.2967,-6.6145,-6.6542,-6.7545,-6.5145,-6.7290,-6.1611,-6.5883,-6.6917,-6.6336,-6.8142,-6.7023,-6.8789,-6.6807,-6.1181,-6.8328,-6.3575,-6.3039,-5.9811,-6.4408,-6.3146,-6.3208,-5.8762,-5.9442,-6.3127,-6.9025,-6.5409,-6.7114,-6.2506,-6.6089,-6.1868,-6.1421,-6.0458,-6.5187,-6.2886,-6.1167,-6.1693,-6.5704,-6.2644,-5.9580,-6.4318,-5.8966,-6.4910,-6.3409,-6.4800,-5.9946,-6.4581,-6.0381,-6.0429,-6.2694,-5.7644,-6.0334,-5.9673,-5.4100,-5.7505,-5.0909,-5.3997,-5.4387,-6.2857,-5.6765,-5.9814,-5.2783,-5.1758,-6.5765,-6.1154,-6.1767,-6.0295,-5.4453,-5.6534,-5.9400,-6.0289,-5.8126,-5.4872,-5.6793,-5.9134,-5.6149,-5.4016,-5.5293,-5.6450,-5.7157,-5.4345,-5.8955,-5.9526,-5.8328,-5.3917,-5.0526,-5.1106,-5.3434,-5.7613,-5.7086,-5.7708,-5.0094,-5.7146,-5.7274,-5.4205,-5.5923,-5.3558,-4.7670,-5.3424,-5.6499,-5.2501,-5.6911,-4.8802,-4.8380,-4.7603,-5.1853,-5.4680,-5.5144,-5.2608,-4.8044,-5.1606,-5.0952,-5.3506,-5.2996,-5.6386,-5.2229,-4.8351,-5.1535,-4.8610,-5.1040,-5.2841,-5.0205,-4.5243,-5.1710,-5.4299,-4.2544,-5.6489,-4.6914,-5.2300,-5.0620,-5.0694,-4.8426,-5.0153,-5.0025,-4.3191,-5.4923,-5.1494,-4.8369,-4.3438,-4.8988,-4.6354,-4.6017,-4.4852,-4.1881,-4.6489,-4.4920,-4.1665,-5.0563,-4.1343,-4.3512,-4.9538,-4.9581,-4.2984,-4.4405,-4.6477,-4.3679,-4.5673,-3.6584,-3.3187,-3.1976,25.9692
Total Free Energy,,,-11.0308,-10.8251,-10.8179,-10.5004,-10.4481,-10.3207,-10.2223,-10.1876,-10.1791,-10.1733,-10.1469,-10.1216,-10.0625,-10.0458,-9.9777,-9.8906,-9.8779,-9.8628,-9.8594,-9.8342,-9.8162,-9.7824,-9.7770,-9.7766,-9.7482,-9.7345,-9.7262,-9.7106,-9.6896,-9.6803,-9.6484,-9.6483,-9.5955,-9.5856,-9.5744,-9.5602,-9.5596,-9.5549,-9.5162,-9.5001,-9.4982,-9.4696,-9.4627,-9.4497,-9.4477,-9.4469,-9.4348,-9.4315,-9.4224,-9.4084,-9.3466,-9.3231,-9.2738,-9.2415,-9.2299,-9.2294,-9.2210,-9.2070,-9.1928,-9.1914,-9.1698,-9.1696,-9.1419,-9.1354,-9.1180,-9.0740,-9.0671,-9.0244,-9.0117,-9.0033,-8.9936,-8.9478,-8.9468,-8.9338,-8.9270,-8.9258,-8.9046,-8.9019,-8.8935,-8.8908,-8.8841,-8.8509,-8.8202,-8.7958,-8.7709,-8.7582,-8.7459,-8.7086,-8.6855,-8.6720,-8.6620,-8.6525,-8.5998,-8.5843,-8.5825,-8.5674,-8.5632,-8.5022,-8.4978,-8.4864,-8.4844,-8.4634,-8.4550,-8.4198,-8.4120,-8.4110,-8.4010,-8.3532,-8.3441,-8.3363,-8.3257,-8.2933,-8.2860,-8.2850,-8.2724,-8.2659,-8.2527,-8.2454,-8.2420,-8.2296,-8.2105,-8.2019,-8.1886,-8.1108,-8.0920,-8.0359,-8.0100,-8.0047,-8.0035,-8.0000,-7.9825,-7.9817,-7.9731,-7.9629,-7.9525,-7.9505,-7.9255,-7.9042,-7.8948,-7.8908,-7.8804,-7.8553,-7.8416,-7.8298,-7.8213,-7.8160,-7.8092,-7.7891,-7.7853,-7.7512,-7.7435,-7.7320,-7.7307,-7.7297,-7.7285,-7.7128,-7.7100,-7.7016,-7.6934,-7.6735,-7.6366,-7.6358,-7.6215,-7.6199,-7.6067,-7.5883,-7.5632,-7.5444,-7.5411,-7.5368,-7.5359,-7.5266,-7.5201,-7.5148,-7.5038,-7.4947,-7.4928,-7.4808,-7.4498,-7.4321,-7.4300,-7.4275,-7.4231,-7.4195,-7.3997,-7.3892,-7.3859,-7.3852,-7.3822,-7.3775,-7.3602,-7.3286,-7.3004,-7.2944,-7.2825,-7.2707,-7.2674,-7.2664,-7.2615,-7.2337,-7.2136,-7.1564,-7.1441,-7.1233,-7.1059,-7.0772,-7.0679,-7.0608,-7.0592,-7.0557,-7.0551,-7.0387,-7.0168,-6.9953,-6.9890,-6.9885,-6.9316,-6.9293,-6.9228,-6.9085,-6.9020,-6.8996,-6.8941,-6.8895,-6.8683,-6.8608,-6.8337,-6.8224,-6.8122,-6.8026,-6.7998,-6.7982,-6.7881,-6.7559,-6.7482,-6.7094,-6.6999,-6.6922,-6.6833,-6.6820,-6.6770,-6.6744,-6.6723,-6.6674,-6.6295,-6.6183,-6.6117,-6.5971,-6.5797,-6.5772,-6.5675,-6.5544,-6.5484,-6.5437,-6.5304,-6.4871,-6.4195,-6.4093,-6.4021,-6.4007,-6.3867,-6.3670,-6.3633,-6.3614,-6.3270,-6.2879,-6.2839,-6.2759,-6.2734,-6.2347,-6.2329,-6.2209,-6.2035,-6.1944,-6.1800,-6.1639,-6.1598,-6.1339,-6.1318,-6.1130,-6.1054,-6.0986,-6.0945,-6.0167,-6.0059,-6.0001,-5.9306,-5.8841,-5.8547,-5.8429,-5.8363,-5.8207,-5.7751,-5.7747,-5.7712,-5.7325,-5.6939,-5.6173,-5.5358,-5.5087,-5.5040,-5.4158,-5.3204,-5.3002,-5.2544,-5.1753,-5.1554,-5.0514,-5.0290,-4.9928,-4.9872,-4.9532,-4.9198,-4.9147,-4.8569,-4.8300,-4.7634,-4.5154,-4.3855,-4.2685,-3.3274,27.8149
Normalized Total Free Energy,,,-5.8836,-5.7627,-5.7585,-5.5719,-5.5411,-5.4663,-5.4085,-5.3881,-5.3831,-5.3796,-5.3641,-5.3493,-5.3146,-5.3048,-5.2647,-5.2135,-5.2061,-5.1972,-5.1952,-5.1804,-5.1698,-5.1499,-5.1467,-5.1465,-5.1298,-5.1218,-5.1169,-5.1077,-5.0954,-5.0899,-5.0712,-5.0711,-5.0401,-5.0343,-5.0277,-5.0193,-5.0190,-5.0162,-4.9935,-4.9840,-4.9829,-4.9661,-4.9620,-4.9544,-4.9532,-4.9528,-4.9456,-4.9437,-4.9384,-4.9301,-4.8938,-4.8800,-4.8510,-4.8320,-4.8252,-4.8249,-4.8200,-4.8118,-4.8034,-4.8026,-4.7899,-4.7898,-4.7735,-4.7697,-4.7595,-4.7336,-4.7295,-4.7044,-4.6970,-4.6920,-4.6863,-4.6594,-4.6588,-4.6512,-4.6472,-4.6465,-4.6340,-4.6324,-4.6275,-4.6259,-4.6220,-4.6024,-4.5844,-4.5701,-4.5555,-4.5480,-4.5408,-4.5189,-4.5052,-4.4974,-4.4915,-4.4858,-4.4549,-4.4458,-4.4447,-4.4359,-4.4334,-4.3975,-4.3950,-4.3882,-4.3871,-4.3747,-4.3698,-4.3491,-4.3445,-4.3439,-4.3380,-4.3099,-4.3046,-4.3000,-4.2938,-4.2748,-4.2705,-4.2699,-4.2625,-4.2587,-4.2509,-4.2466,-4.2446,-4.2373,-4.2261,-4.2210,-4.2132,-4.1675,-4.1565,-4.1235,-4.1083,-4.1051,-4.1045,-4.1024,-4.0921,-4.0916,-4.0866,-4.0806,-4.0745,-4.0733,-4.0586,-4.0461,-4.0406,-4.0382,-4.0321,-4.0173,-4.0093,-4.0024,-3.9973,-3.9943,-3.9902,-3.9785,-3.9762,-3.9562,-3.9516,-3.9449,-3.9441,-3.9435,-3.9428,-3.9336,-3.9320,-3.9270,-3.9222,-3.9105,-3.8888,-3.8883,-3.8799,-3.8790,-3.8712,-3.8604,-3.8457,-3.8346,-3.8327,-3.8302,-3.8296,-3.8242,-3.8203,-3.8172,-3.8108,-3.8054,-3.8043,-3.7972,-3.7790,-3.7686,-3.7674,-3.7659,-3.7633,-3.7612,-3.7496,-3.7434,-3.7415,-3.7411,-3.7393,-3.7365,-3.7264,-3.7078,-3.6912,-3.6877,-3.6807,-3.6738,-3.6719,-3.6713,-3.6684,-3.6520,-3.6402,-3.6066,-3.5993,-3.5872,-3.5769,-3.5601,-3.5546,-3.5504,-3.5495,-3.5474,-3.5471,-3.5374,-3.5246,-3.5119,-3.5082,-3.5079,-3.4745,-3.4731,-3.4693,-3.4609,-3.4571,-3.4557,-3.4524,-3.4497,-3.4373,-3.4328,-3.4169,-3.4103,-3.4043,-3.3987,-3.3970,-3.3961,-3.3902,-3.3712,-3.3667,-3.3439,-3.3383,-3.3338,-3.3286,-3.3278,-3.3249,-3.3233,-3.3221,-3.3192,-3.2969,-3.2903,-3.2864,-3.2779,-3.2677,-3.2662,-3.2605,-3.2528,-3.2492,-3.2465,-3.2387,-3.2132,-3.1735,-3.1675,-3.1633,-3.1625,-3.1542,-3.1427,-3.1405,-3.1393,-3.1192,-3.0962,-3.0938,-3.0891,-3.0876,-3.0649,-3.0638,-3.0568,-3.0465,-3.0412,-3.0328,-3.0233,-3.0209,-3.0057,-3.0044,-2.9934,-2.9889,-2.9849,-2.9825,-2.9368,-2.9305,-2.9270,-2.8862,-2.8588,-2.8416,-2.8347,-2.8307,-2.8216,-2.7948,-2.7945,-2.7925,-2.7697,-2.7471,-2.7020,-2.6542,-2.6382,-2.6355,-2.5836,-2.5276,-2.5157,-2.4888,-2.4423,-2.4306,-2.3694,-2.3563,-2.3351,-2.3317,-2.3118,-2.2921,-2.2892,-2.2551,-2.2393,-2.2002,-2.0544,-1.9781,-1.9094,-1.3562,16.9464
