Chain ID,Residue name,Residue sequence,Conf 1,Conf 2,Conf 3,Conf 4,Conf 5,Conf 6,Conf 7,Conf 8,Conf 9,Conf 10,Conf 11,Conf 12,Conf 13,Conf 14,Conf 15,Conf 16,Conf 17,Conf 18,Conf 19,Conf 20,Conf 21,Conf 22,Conf 23,Conf 24,Conf 25,Conf 26,Conf 27,Conf 28,Conf 29,Conf 30,Conf 31,Conf 32,Conf 33,Conf 34,Conf 35,Conf 36,Conf 37,Conf 38,Conf 39,Conf 40,Conf 41,Conf 42,Conf 43,Conf 44,Conf 45,Conf 46,Conf 47,Conf 48,Conf 49,Conf 50,Conf 51,Conf 52,Conf 53,Conf 54,Conf 55,Conf 56,Conf 57,Conf 58,Conf 59,Conf 60,Conf 61,Conf 62,Conf 63,Conf 64,Conf 65,Conf 66,Conf 67,Conf 68,Conf 69,Conf 70,Conf 71,Conf 72,Conf 73,Conf 74,Conf 75,Conf 76,Conf 77,Conf 78,Conf 79,Conf 80,Conf 81,Conf 82,Conf 83,Conf 84,Conf 85,Conf 86,Conf 87,Conf 88,Conf 89,Conf 90,Conf 91,Conf 92,Conf 93,Conf 94,Conf 95,Conf 96,Conf 97,Conf 98,Conf 99,Conf 100,Conf 101,Conf 102,Conf 103,Conf 104,Conf 105,Conf 106,Conf 107,Conf 108,Conf 109,Conf 110,Conf 111,Conf 112,Conf 113,Conf 114,Conf 115,Conf 116,Conf 117,Conf 118,Conf 119,Conf 120,Conf 121,Conf 122,Conf 123,Conf 124,Conf 125,Conf 126,Conf 127,Conf 128,Conf 129,Conf 130,Conf 131,Conf 132,Conf 133,Conf 134,Conf 135,Conf 136,Conf 137,Conf 138,Conf 139,Conf 140,Conf 141,Conf 142,Conf 143,Conf 144,Conf 145,Conf 146,Conf 147,Conf 148,Conf 149,Conf 150,Conf 151,Conf 152,Conf 153,Conf 154,Conf 155,Conf 156,Conf 157,Conf 158,Conf 159,Conf 160,Conf 161,Conf 162,Conf 163,Conf 164,Conf 165,Conf 166,Conf 167,Conf 168,Conf 169,Conf 170,Conf 171,Conf 172,Conf 173,Conf 174,Conf 175,Conf 176,Conf 177,Conf 178,Conf 179,Conf 180,Conf 181,Conf 182,Conf 183,Conf 184,Conf 185,Conf 186,Conf 187,Conf 188,Conf 189,Conf 190,Conf 191,Conf 192,Conf 193,Conf 194
A,GLN,19,,,,,,,,,,,,,,,,,,,,,,,,,,,,,,,,,,,,,,,,,,,,,,,,,,,,,,,,,,,,,,,,,,,,,,,,,,,,,,,,,,,,,,,,,,,,,,,,,,,,,,,,,,,,,,,,,,,,,,,,,,,,,,,,,,,,,,,,,,,,,,,,,,,,,,,,,,,,,,,,,,,,,,,,,,,,,,,,,,,,,,,,,,,,,,,,,,
A,VAL,20,,,,,,,,,,,,,,,,,,,,,,,,,,,,,,,,,,,,,,,,,,,,,,,,,,,,,,,,,,,,,,,,,,,,,,,,,,,,,,,,,,,,,,,,,,,,,,,,,,,,,,,,,,,,,,,,,,,,,,,,,,,,,,,,,,,,,,,,,,,,,,,,,,,,,,,,,,,,,,,,,,,,,,,,,,,,,,,,,,,,,,,,,,,,,,,,,,
A,THR,21,,,,,,,,,,,,,,,,,,,,,,,,,,,,,,,,,,,,,,,,,,,,,,,,,,,,,,,,,,,,,,,,,,,,,,,,,,,,,,,,,,,,,,,,,,,,,,,,,,,,,,,,,,,,,,,,,,,,,,,,,,,,,,,,,,,,,,,,,,,,,,,,,,,,,,,,,,,,,,,,,,,,,,,,,,,,,,,,,,,,,,,,,,,,,,,,,,
A,CYS,22,,,,,,,,,,,,,,,,,,,,,,,,,,,,,,,,,,,,,,,,,,,,,,,,,,,,,,,,,,,,,,,,,,,,,,,,,,,,,,,,,,,,,,,,,,,,,,,,,,,,,,,,,,,,,,,,,,,,,,,,,,,,,,,,,,,,,,,,,,,,,,,,,,,,,,,,,,,,,,,,,,,,,,,,,,,,,,,,,,,,,,,,,,,,,,,,,,
A,GLY,23,,,,,,,,,,,,,,,,,,,,,,,,,,,,,,,,,,,,,,,,,,,,,,,,,,,,,,,,,,,,,,,,,,,,,,,,,,,,,,,,,,,,,,,,,,,,,,,,,,,,,,,,,,,,,,,,,,,,,,,,,,,,,,,,,,,,,,,,,,,,,,,,,,,,,,,,,,,,,,,,,,,,,,,,,,,,,,,,,,,,,,,,,,,,,,,,,,
A,THR,24,,,,,,,,,,,,,,,,,,,,,,,,,,,,,,,,,,,,,,,,,,,,,,,,,,,,,,,,,,,,,,,,,,,,,,,,,,,,,,,,,,,,,,,,,,,,,,,,,,,,,,,,,,,,,,,,,,,,,,,,,,,,,,,,,,,,,,,,,,,,,,,,,,,,,,,,,,,,,,,,,,,,,,,,,,,,,,,,,,,,,,,,,,,,,,,,,,
A,THR,25,,-0.0351,,,,,,,,,-0.0214,,,,-0.0019,,,,,,,,,-0.0186,,,-0.0138,,,,,,,-0.0351,,,,,,-0.0227,,,,-0.0150,,,-0.0351,,,,-0.0288,,,,,,,,,,,,,,,,,,,,,,,,,,,-0.0351,,,,-0.0116,,,,,,,,,,,,,,,,,,,,,,,,,,,,,,-0.0351,,,,,,,,,,,,,,,,,,,,,,,,,,,,,,,,,,,,,,,,,,,,,,,,,,,,,,,,,,,,,,,,,,,,,,,,,,,,,,,,,,
A,THR,26,,,,,,,,,,,,,,,,,,,,,,,,,,,,,,,,,,,,,,,,,,,,,,,-0.0343,,,,,,,,,,,,,,,,,,,,,,,,,,-0.0351,,,,,,-0.0351,,,,,,,-0.0351,,,,,,,,,,,,,,,,,,,,,,,,,,,,,,,,,,,,,,,,,,,,,,,,,,,,,,,,,,,,,,,,,,,,,,,,,,,,,,,,,,,,,,,,,,,,,-0.0068,,,,,,,,,,,,,,,
A,LEU,27,,-0.1025,,,,,,,,,-0.0947,,,,-0.0958,,,,,,,,,-0.1029,,,-0.0714,,,,,,-0.0232,,,,,,,-0.0216,,,,-0.1020,,,,,,,-0.0270,,,,,,,,,,,,,,,,,,,,,,,,,,,,,,,-0.1013,,,,,,,,,,,,,,,,,,,,,,,,,,,,,,-0.1052,,,,,,,,,,,,,,,,,,,,,,,,,,,,,,,,,,,-0.0082,,,,,,,,,,,,,,,,,,,,,,,,,,,,,,,,,,,,,,,,,,,,,,,-0.0206
A,ASN,28,,,,,,,,,,,,,,,,,,,,,,,,,,,,,,,,,,,,,,,,,,,,,,,,,,,,,,,,,,,,,,,,,,,,,,,,,,,,,,,,,,,,,,,,,,,,,,,,,,,,,,,,,,,,,,,,,,,,,,,,,,,,,,,,,,,,,,,,,,,,,,,,,,,,,,,,,,,,,,,,,,,,,,,,,,,,,,,,,,,,,,,,,,,,,,,,,,
A,PRO,39,,,,,,,,,,,,,,,,,,,,,,,,,,,,,,,,,,,,,,,,,,,,,,,,,,,,,,,,,,,,,,,,,,,,,,,,,,,,,,,,,,,,,,,,,,,,,,,,,,,,,,,,,,,,,,,,,,,,,,,,,,,,,,,,,,,,,,,,,,,,,,,,,,,,,,,,,,,,,,,,,,,,,,,,,,,,,,,,,,,,,,,,,,,,,,,,,,
A,ARG,40,,,,,,,,,,,,,,,,,,,,,,,,,,,,,,,,,,,,,,,,,,,,,,,,,,,,,,,,,,,,,,,,,,,,,,,,,,,,,,,,,,,,,,,,,,,,,,,,,,,,,,,,,,,,,,,,,,,,,,,,,,,,,,,,,,,,,,,,,,,,,,,,,,,,,,,,,,,,,,,,,,,,,,,,,,,,,,,,,,,,,,,,,,,,,,,,,,
A,HIS,41,,,,-0.0143,,,-0.0351,,-0.0049,,,,-0.0351,-0.0351,,-0.0200,,,,-0.0193,,,,,,,,,-0.0150,-0.0186,,,,,,,,,,,,,,,,,,,,,,-0.0179,,,,,,,,,,,,,,,,,,,,-0.0205,,,,,,,,,,,,,,,,,,,,,,,,,,,,,,,,,,,,,,,,,,,,,,,,,,,,,,,,,,,,,,,,,,,,,,,,,,,,,,,,,,,,,,,,,,,,,,,,,,,,,,,,,,,,,,,,,,,,,,,,,,-0.0047
A,VAL,42,,,,,,,,,,,,,,,,,,,,,,,,,,,,,,,,,,,,,,,,,,,,,,,,,,,,,,,,,,,,,,,,,,,,,,,,,,,,,,,,,,,,,,,,,,,,,,,,,,,,,,,,,,,,,,,,,,,,,,,,,,,,,,,,,,,,,,,,,,,,,,,,,,,,,,,,,,,,,,,,,,,,,,,,,,,,,,,,,,,,,,,,,,,,,,,,,,
A,ILE,43,,,,,,,,,,,,,,,,,,,,,,,,,,,,,,,,,,,,,,,,,,,,,,,,,,,,,,,,,,,,,,,,,,,,,,,,,,,,,,,,,,,,,,,,,,,,,,,,,,,,,,,,,,,,,,,,,,,,,,,,,,,,,,,,,,,,,,,,,,,,,,,,,,,,,,,,,,,,,,,,,,,,,,,,,,,,,,,,,,,,,,,,,,,,,,,,,,
A,CYS,44,,,,,,,,,,,,,,,,,,,,,,,,,,,,,,,,,,,,,,,,,,,,,,,,,,,,,,,,,,,,,,,,,,,,,,,,,,,,,,,,,,,,,,,,,,,,,,,,,,,,,,,,,,,,,,,,,,,,,,,,,,,,,,,,,,,,,,,,,,,,,,,,,,,,,,,,,,,,,,,,,,,,,,,,,,,,,,,,,,,,,,,,,,,,,,,,,,
A,THR,45,,,,,,,,,,,,,,,,,,,,,,,,,,,,,,,,,,,,,,,,,,,,,,,,,,,,,,,,,,,,,,,,,,,,,,,,,,,,,,,,,,,,,,,,,,,,,,,,,,,,,,,,,,,,,,,,,,,,,,,,,,,,,,,,,,,,,,,,,,,,,,,,,,,,,,,,,,,,,,,,,,,,,,,,,,,,,,,,,,,,,,,,,,,,,,,,,,
A,SER,46,,,,,,,,,,,,,,,,,,,,,,,,,,,,,,,,,,,,,,,,,,,,,,,,,,,,,,,,,,,,,,,,,,,,,,,,,,,,,,,,,,,,,,,,,,,,,,,,,,,,,,,,,,,,,,,,,,,,,,,,,,,,,,,,,,,,,,,,,,,,,,,,,,,,,,,,,,,,,,,,,,,,,,,,,,,,,,,,,,,,,,,,,,,,,,,,,,
A,GLU,47,,,,,,,,,,,,,,,,,,,,,,,,,,,,,,,,,,,,,,,,,,,,,,,,,,,,,,,,,,,,,,,,,,,,,,,,,,,,,,,,,,,,,,,,,,,,,,,,,,,,,,,,,,,,,,,,,,,,,,,,,,,,,,,,,,,,,,,,,,,,,,,,,,,,,,,,,,,,,,,,,,,,,,,,,,,,,,,,,,,,,,,,,,,,,,,,,,
A,ASP,48,,,,,,,,,,,,,,,,,,,,,,,,,,,,,,,,,,,,,,,,,,,,,,,,,,,,,,,,,,,,,,,,,,,,,,,,,,,,,,,,,,,,,,,,,,,,,,,,,,,,,,,,,,,,,,,,,,,,,,,,,,,,,,,,,,,,,,,,,,,,,,,,,,,,,,,,,,,,,,,,,,,,,,,,,,,,,,,,,,,,,,,,,,,,,,,,,,
A,MET,49,,,,,,,-0.0351,,,,,,-0.0126,-0.0351,,-0.0318,,,,,,,,,,,,,,,,,,,,,,,,,,,,,,,,,,,,,,,,,,,,,,,,,,,,,,,,,,,,,,,,,,,,,,,,,,,,,,,,,,,,,,,,,,,,,,,,,,,,,,,,,,,,,,,,,,,,,,,,,,,,,,,,,,,,,,,,,,,,,,,,,,,,,,,,,,,,,,,,,,,,,,,,,,,,,,,,,,
A,LEU,50,,,,,,,,,,,,,,,,,,,,,,,,,,,,,,,,,,,,,,,,,,,,,,,,,,,,,,,,,,,,,,,,,,,,,,,,,,,,,,,,,,,,,,,,,,,,,,,,,,,,,,,,,,,,,,,,,,,,,,,,,,,,,,,,,,,,,,,,,,,,,,,,,,,,,,,,,,,,,,,,,,,,,,,,,,,,,,,,,,,,,,,,,,,,,,,,,,
A,ASN,51,,,,,,,,,,,,,,,,,,,,,,,,,,,,,,,,,,,,,,,,,,,,,,,,,,,,,,,,,,,,,,,,,,,,,,,,,,,,,,,,,,,,,,,,,,,,,,,,,,,,,,,,,,,,,,,,,,,,,,,,,,,,,,,,,,,,,,,,,,,,,,,,,,,,,,,,,,,,,,,,,,,,,,,,,,,,,,,,,,,,,,,,,,,,,,,,,,
A,PRO,52,,,,,,,,,,,,,,,,,,,,,,,,,,,,,,,,,,,,,,,,,,,,,,,,,,,,,,,,,,,,,,,,,,,,,,,,,,,,,,,,,,,,,,,,,,,,,,,,,,,,,,,,,,,,,,,,,,,,,,,,,,,,,,,,,,,,,,,,,,,,,,,,,,,,,,,,,,,,,,,,,,,,,,,,,,,,,,,,,,,,,,,,,,,,,,,,,,
A,TYR,54,,,,,,,,,,,,,,,,,,,,,,,,,,,,,,,,,,,,,,,,,,,,,,,,,,,,,,,,,,,,,,,,,,,,,,,,,,,,,,,,,,,,,,,,,,,,,,,,,,,,,,,,,,,,,,,,,,,,,,,,,,,,,,,,,,,,,,,,,,,,,,,,,,,,,,,,,,,,,,,,,,,,,,,,,,,,,,,,,,,,,,,,,,,,,,,,,,
A,CYS,117,,,,,,,,,,,,,,,,,,,,,,,,,,,,,,,,,,,,,,,,,,,,,,,,,,,,,,,,,,,,,,,,,,,,,,,,,,,,,,,,,,,,,,,,,,,,,,,,,,,,,,,,,,,,,,,,,,,,,,,,,,,,,,,,,,,,,,,,,,,,,,,,,,,,,,,,,,,,,,,,,,,,,,,,,,,,,,,,,,,,,,,,,,,,,,,,,,
A,TYR,118,,,,,,,,,,,,,,,,,,,,,,,,,,,,,,,,,,,,,,,,,,,,,,,,,,,,,,,,,,,,,,,,,,,,,,,,,,,,,,,,,,,,,,,,,,,,,,,,,,,,,,,,,,,,,,,,,,,,,,,,,,,,,,,,,,,,,,,,,,,,,,,,,,,,,,,,,,,,,,,,,,,,,,,,,,,,,,,,,,,,,,,,,,,,,,,,,,
A,ASN,119,,,,,,,,,,,,,,,,,,,,,,,,,,,,,,,,,,,,,,,,,,,,,,,,,,,,,,,,,,,,,,,,,,,,,,,,,,,,,,,,,,,,,,,,,,,,,,,,,,,,,,,,,,,,,,,,,,,,,,,,,,,,,,,,,,,,,,,,,,,,,,,,,,,,,,,,,,,,,,,,,,,,,,,,,,,,,,,,,,,,,,,,,,,,,,,,,,
A,GLY,138,,,,,,,,,,,,,,,,,,,,,,,,,,,,,,,,,,,,,,,,,,,,,,,,,,,,,,,,,,,,,,,,,,,,,,,,,,,,,,,,,,,,,,,,,,,,,,,,,,,,,,,,,,,,,,,,,,,,,,,,,,,,,,,,,,,,,,,,,,,,,,,,,,,,,,,,,,,,,,,,,,,,,,,,,,,,,,,,,,,,,,,,,,,,,,,,,,
A,SER,139,,,,,,,,,,,,,,,,,,,,,,,,,,,,,,,,,,,,,,,,,,,,,,,,,,,,,,,,,,,,,,,,,,,,,,,,,,,,,,,,,,,,,,,,,,,,,,,,,,,,,,,,,,,,,,,,,,,,,,,,,,,,,,,,,,,,,,,,,,,,,,,,,,,,,,,,,,,,,,,,,,,,,,,,,,,,,,,,,,,,,,,,,,,,,,,,,,
A,PHE,140,-0.0439,,,,,,,,,,,,,,,,,,,,,,-0.0351,,,,,,,,,,,,,,-0.0306,-0.0221,,,,,,,,-0.0141,,,,,,,,,,,,,,,,,,-0.0109,,,,,,,,,,,,,-0.0339,,,,,,,,-0.0083,,,,,,,-0.0471,,,,,,,,,,,,,,,,,,,,,,,,,,,,,,,,,,,,,,,,,,,,,,-0.0351,-0.0351,,,,,,,,,,,,,,,,,,,,,,,,,,,,,,,,,,,,,,,,,,,,,,,,,,,,,,,
A,LEU,141,,,,,,,,,,,,,,,,,,,,,,,,,,,,,,,,,,,,,,,,,,,-0.0134,,,,,,,,,,,,,,,,,,,,,,,,,,,,,,,,,,,,,,,,,,,,,,,,,,,,,,,,,,,,,,,,,,,,,,,,,,,,,,,,,,,,,,,,,,,,,,,,,,,,,,,,,,,,,,,,,,,,,,,,,,-0.0320,,,,,,,,,,,,,,,,,,,,,,,,,,,,,
A,ASN,142,,,,,,,,,,,,,,,,,-0.0080,-0.0155,,,,,,,,,,,,,-0.0227,,,,,,,,,,,,,,,,,,-0.0195,,,,,,,,,,,,,,,,,,,,,,,,,,,,,,-0.0071,,,,,,,,,,-0.0107,,,,,,,,,,,,,,,,,,,,,,,,,,,,,-0.0217,,,,,,,,,,,,,,,,,,,,,,,,,,,,,,,,-0.0129,,,,,,,,-0.0351,,,,,,,,,-0.0277,,,,,,,,,,,,-0.0343,,,,,,,,,,,,,-0.0351,,
A,GLY,143,,,,,,,,,,,,,,,,,,,,,,,,,,,,,,,,,,,,,,,,,,,,,,,,,,,,,,,,,,,,,,,,,,,,,,,,,,,,,,,,,,,,,,,,,,,,,,,,,,,,,,,,,,,,,,,,,,,,,,,,,,,,,,,,,,,,,,,,,,,,,,,,,,,,,,,,,,,,,,,,,,,,,,,,,,,,,,,,,,,,,,,,,,,,,,,,,,
A,SER,144,,,,,,,,,,,,,,,,,,,,,,,,,,,,,,,,,,,,,,,,,,,,,,,,,,,,,,,,,,,,,,,,,,,,,,,,,,,,,,,,,,,,,,,,,,,,,,,,,,,,,,,,,,,,,,,,,,,,,,,,,,,,,,,,,,,,,,,,,,,,,,,,,,,,,,,,,,,,,,,,,,,,,,,,,,,,,,,,,,,,,,,,,,,,,,,,,,
A,CYS,145,,,,,,,,,,,,,,,,,,,,,,,,,,,,,,,,,,,,,,,,,,,,,,,,,,,,,,,,,,,,,,,,,,,,,,,,,,,,,,,,,,,,,,,,,,,,,,,,,,,,,,,,,,,,,,,,,,,,,,,,,,,,,,,,,,,,,,,,,,,,,,,,,,,,,,,,,,,,,,,,,,,,,,,,,,,,,,,,,,,,,,,,,,,,,,,,,,
A,GLY,146,,,,,,,,,,,,,,,,,,,,,,,,,,,,,,,,,,,,,,,,,,,,,,,,,,,,,,,,,,,,,,,,,,,,,,,,,,,,,,,,,,,,,,,,,,,,,,,,,,,,,,,,,,,,,,,,,,,,,,,,,,,,,,,,,,,,,,,,,,,,,,,,,,,,,,,,,,,,,,,,,,,,,,,,,,,,,,,,,,,,,,,,,,,,,,,,,,
A,SER,147,,,,,,,,,,,,,,,,,,,,,,,,,,,,,,,,,,,,,,,,,,,,,,,,,,,,,,,,,,,,,,,,,,,,,,,,,,,,,,,,,,,,,,,,,,,,,,,,,,,,,,,,,,,,,,,,,,,,,,,,,,,,,,,,,,,,,,,,,,,,,,,,,,,,,,,,,,,,,,,,,,,,,,,,,,,,,,,,,,,,,,,,,,,,,,,,,,
A,TYR,161,,,,,,,,,,,,,,,,,,,,,,,,,,,,,,,,,,,,,,,,,,,,,,,,,,,,,,,,,,,,,,,,,,,,,,,,,,,,,,,,,,,,,,,,,,,,,,,,,,,,,,,,,,,,,,,,,,,,,,,,,,,,,,,,,,,,,,,,,,,,,,,,,,,,,,,,,,,,,,,,,,,,,,,,,,,,,,,,,,,,,,,,,,,,,,,,,,
A,HIS,163,,,,,,,,,,,,,,,,,,,,,,,,,,,,,,,,,,,,,,,,,,,,,,,,,,,,,,,,,,,,,,,,,,,,,,,,,,,,,,,,,,,,,,,,,,,,,,,,,,,,,,,,,,,,,,,,,,,,,,,,,,,,,,,,,,,,,,,,,,,,,,,,,,,,,,,,,,,,,,,,,,,,,,,,,,,,,,,,,,,,,,,,,,,,,,,,,,
A,HIS,164,,,,,,,,,,,,,,,,,,,,,,,,,,,,,,,,,,,,,,,,,,,,,,,,,,,,,,,,,,,,,,,,,,,,,,,,,,,,,,,,,,,,,,,,,,,,,,,,,,,,,,,,,,,,,,,,,,,,,,,,,,,,,,,,,,,,,,,,,,,,,,,,,,,,,,,,,,,,,,,,,,,,,,,,,,,,,,,,,,,,,,,,,,,,,,,,,,
A,MET,165,,,,-0.0295,,-0.0351,,-0.0286,-0.0125,,,-0.0351,,,,,,,,-0.0351,,,,,-0.0351,-0.0083,,-0.0351,-0.0351,-0.0331,,,,,-0.0186,,,,,,,,,,-0.0351,,,,,,,-0.0351,,-0.0351,,,,,,,-0.0172,-0.0351,-0.0289,,-0.0351,-0.0351,-0.0351,-0.0314,,-0.0351,,-0.0312,,,,,,,,,,,,-0.0351,,,,,,-0.0351,-0.0351,,,,-0.0351,,,-0.0351,,,-0.0351,,,,,,-0.0131,-0.0351,,,-0.0035,,-0.0351,,,,-0.0197,,,,,,,-0.0351,-0.0351,,,-0.0188,,,-0.0351,,,,,,,,,-0.0351,-0.0351,,,,-0.0351,,,,,,,,,,-0.0351,,-0.0351,,,,,,,,,,,,,,,,,,,,,,,,,,,,,,,,,,,,-0.0084,
A,GLU,166,-0.0644,,,,-0.0683,-0.0251,,,,,,,,,,,,,-0.0579,,-0.0701,-0.0619,-0.0626,,,-0.0062,,,,,-0.0002,,,,,-0.0083,-0.0142,-0.0695,-0.0480,,,,-0.0037,,,,,,,,,,,-0.0351,,,,-0.0701,-0.0701,-0.0539,,,,,,,,-0.0351,-0.0404,,,,,-0.0558,,-0.0501,-0.0511,,,,,,,,,,,,,-0.0313,-0.0338,-0.0519,,-0.0427,,,,-0.0139,-0.0367,,,-0.0309,,,-0.0387,-0.0637,,,,,-0.0476,,,,-0.0596,-0.0701,,,,,,-0.0437,,,,,,-0.0540,,,,-0.0439,,,,,,-0.0521,-0.0437,,-0.0146,,,-0.0093,-0.0312,,,-0.0701,-0.0007,,,,,,,,-0.0072,,,,-0.0192,,,,-0.0130,,,,,,,,,,,,,,,,,,-0.0014,,,,,,,,,,-0.0012,
A,LEU,167,,,,,,,,,,,,,,,,,,,,,,,,,,,,,,,,,,,,,,,,,,,,,,,,,,,,,,,,,,,,,,,-0.0032,,,,,,,,,,,,,,,,,,,,,,,,,,,,,,,,,,,,,,,,,,,,,,,,,,,,,,-0.0348,,,,,,,,,,,,,,,,,,,,,,,,,-0.0192,,,,,,,,,,,,,,,,,,,,,,,,,,,,,,,,,,,,,,,,,,,,,,,,,,,,
A,PRO,168,,,-0.0137,,,,,,,-0.0107,,,,,,,,,,,,,,,,,,,,,,,,,,,,,,,,,,,,,,,,,,,,,,-0.0565,,,,,,,,,,,,,,,-0.0033,,,,-0.0701,,,,,-0.0632,,,,,,,,,,,,,-0.0215,,,,,,,,,,,,,,,,-0.0549,,,,,,,,,,-0.0548,-0.0380,,,,,,,,,,,,-0.0143,,-0.0505,-0.0409,,,,,,,-0.0409,-0.0128,,,-0.0469,,,,,,,,,,,,,,,,,,,,,,,,,,,,,,,-0.0399,,,,-0.0549,-0.0701,,,,,,-0.0599,,,,,,
A,THR,169,,,,,,,,,,,,,,,,,,,,,,,,,,,,,,,,,,,,,,,,,,,,,,,,,,,,,,,,,,,,,,,,,,,,,,,,,,,,,,,,,,,,,,,,,,,,,,,,,,,,,,,,,,,,,,,,,,,,,,,,,,,,,,,,,,,,,,,,,,,,,,,,,,,,,,,,,,,,,,,,,,,,,,,,,,,,,,,,,,,,,,,,,,,,,,,,,,
A,GLY,170,,,,,,,,,,,,,,,,,,,,,,,,,,,,,,,,,,,,,,,,,,,,,,,,,,,,,,,,,,,,,,,,,,,,,,,,,,,,,,,,,,,,,,,,,,,,,,,,,,,,,,,,,,,,,,,,,,,,,,,,,,,,,,,,,,,,,,,,,,,,,,,,,,,,,,,,,,,,,,,,,,,,,,,,,,,,,,,,,,,,,,,,,,,,,,,,,,
A,VAL,171,,,,,,,,,,,,,,,,,,,,,,,,,,,,,,,,,,,,,,,,,,,,,,,,,,,,,,,,,,,,,,,,,,,,,,,,,,,,,,,,,,,,,,,,,,,,,,,,,,,,,,,,,,,,,,,,,,,,,,,,,,,,,,,,,,,,,,,,,,,,,,,,,,,,,,,,,,,,,,,,,,,,,,,,,,,,,,,,,,,,,,,,,,,,,,,,,,
A,HIS,172,,,,,,,,,,,,,,,,,,,,,,,,,,,,,,,,,,,,,,,,,,,,,,,,,,,,,,,,,,,,,,,,,,,,,,,,,,,,,,,,,,,,,,,,,,,,,,,,,,,,,,,,,,,,,,,,,,,,,,,,,,,,,,,,,,,,,,,,,,,,,,,,,,,,,,,,,,,,,,,,,,,,,,,,,,,,,,,,,,,,,,,,,,,,,,,,,,
A,ALA,173,,,,,,,,,,,,,,,,,,,,,,,,,,,,,,,,,,,,,,,,,,,,,,,,,,,,,,,,,,,,,,,,,,,,,,,,,,,,,,,,,,,,,,,,,,,,,,,,,,,,,,,,,,,,,,,,,,,,,,,,,,,,,,,,,,,,,,,,,,,,,,,,,,,,,,,,,,,,,,,,,,,,,,,,,,,,,,,,,,,,,,,,,,,,,,,,,,
A,PHE,181,,,,,,,,,,,,,,,,,,,,,,,,,,,,,,,,,,,,,,,,,,,,,,,,,,,,,,,,,,,,,,,,,,,,,,,,,,,,,,,,,,,,,,,,,,,,,,,,,,,,,,,,,,,,,,,,,,,,,,,,,,,,,,,,,,,,,,,,,,,,,,,,,,,,,,,,,,,,,,,,,,,,,,,,,,,,,,,,,,,,,,,,,,,,,,,,,,
A,PHE,185,,,,,,,,,,,,,,,,,,,,,,,,,,,,,,,,,,,,,,,,,,,,,,,,,,,,,,,,,,,,,,,,,,,,,,,,,,,,,,,,,,,,,,,,,,,,,,,,,,,,,,,,,,,,,,,,,,,,,,,,,,,,,,,,,,,,,,,,,,,,,,,,,,,,,,,,,,,,,,,,,,,,,,,,,,,,,,,,,,,,,,,,,,,,,,,,,,
A,VAL,186,,,,,,,,,,,,,,,,,,,,,,,,,,,,,,,,,,,,,,,,,,,,,,,,,,,,,,,,,,,,,,,,,,,,,,,,,,,,,,,,,,,,,,,,,,,,,,,,,,,,,,,,,,,,,,,,,,,,,,,,,,,,,,,,,,,,,,,,,,,,,,,,,,,,,,,,,,,,,,,,,,,,,,,,,,,,,,,,,,,,,,,,,,,,,,,,,,
A,ASP,187,,,,-0.0159,,,-0.0175,,,,,,-0.0292,-0.0072,,-0.0150,,,,-0.0351,,,,,,,,,-0.0351,,,,,,,,,,,,,,,,,,,,,,,,,,,,,,,,,,,,,,,,,,,,,,,,,,,,,,,,,,,,,,,,,,,,,,,,,,,,,,,,,,,,,,,,,,,,,,,,,,,,,,,,,,,,,,,,,,,,,,,,,,,,,,,,,,,,,,,,,,,,,,,,,,,,,,,,,,,,,,,,,,,,,
A,ARG,188,,,,,,,-0.0053,,,,,,,,,-0.0085,,,,,,,,,,,,,,,,,,,,,,,,,,,,,,,,,,,,,,,,,,,,,,,,,,,,,,,,,,,,,,,,,,,,,,,,,,,,,,,,,,,,,,,,,,,,,,,,,,,,,,,,,,,,,,,,,,,,,,,,,,,,,,,,,,,,,,,,,,,,,,,,,,,,,,,,,,,,,,,,,,,,,,,,,,,,,,,,,,
A,GLN,189,,,-0.0277,-0.0379,,-0.0166,-0.0351,-0.0701,-0.0272,-0.0257,,-0.0664,-0.0268,-0.0433,,-0.0577,,,,-0.0233,,,,,-0.0624,-0.0353,,-0.0671,-0.0257,-0.0179,,,,,-0.0701,,,,,,-0.0701,,,,-0.0351,,,,,,,-0.0109,,,,,,,,,,-0.0264,-0.0599,,-0.0054,-0.0688,-0.0545,,,-0.0701,-0.0583,-0.0204,,,,,,,,,,,,-0.0351,,,-0.0682,,,,-0.0038,,,,-0.0286,,,-0.0176,,-0.0696,-0.0351,,,,,,,,,,,,-0.0701,,,,,,,,,,,-0.0347,-0.0660,-0.0611,,,-0.0621,,-0.0701,,,,,-0.0025,,,,-0.0513,-0.0137,,,,,,,,,,,,,,-0.0671,-0.0695,,,,,,-0.0701,,,,,,,,,-0.0351,,-0.0701,-0.0267,-0.0701,,,,,,,,,,-0.0492,,,,,,,,-0.0460,
A,THR,190,,,,,,,,,,,,,,,,,,,,,,,,,,,,,,,,,,,,,,,,,,,,,,,,,,,,,,,,,,,,,,,,,,,,,,,,,,,,,,,,,,,,,,,,,,,,,,,,,,,,,,,,,,,,,,,,,,,,,,,,,,,,,,,,,,,,,,,,,,,,,,,,,,,,,,,,,,,,,,,,,,,,,,,,,,,,,,,,,,,,,,,,,,,,,,,,,,
A,ALA,191,,,,,,,,,,,,,,,,,,,,,,,,,,,,,,,,,,,,,,,,,,,,,,,,,,,,,,,,-0.0321,,,,,,,,,,,,,,,,,,,,,,,,,,,,,,,,,,,,,,,,,,,,,,,,,,,,,-0.0299,,,,,,,,,,-0.0351,,,,,,,,,,,,,,,,,,,,,,,,-0.0055,,,,,,,,,,,,,,,,,,,,,,,,,,,,,,,,,,,,,,,,,,,,,,,,,,,
A,GLN,192,,,,,,,,,,,,,,,,,,,,,,,,,,,,,,,,,,,,,,,,,,,,,,,,,,,,,,,,,,,,,,,,,,,,,,,,,,,,,,,,,,,,,,,,,,,,,,,,,,,,,,,,,,,,,,,,,,,,,-0.0379,,,,,,,,,,,,,,,,,,,,,,,,,-0.0106,,,,,,,,,,,,,,,,,,,,,,,,,,,,,,,,,,,,,,,,,,,,,,,,,,,,
A,ALA,193,,,,,,,,,,,,,,,,,,,,,,,,,,,,,,,,,,,,,,,,,,,,,,,,,,,,,,,,,,,,,,,,,,,,,,,,,,,,,,,,,,,,,,,,,,,,,,,,,,,,,,,,,,,,,,,,,,,,,,,,,,,,,,,,,,,,,,,,,,,,,,,,,,,,,,,,,,,,,,,,,,,,,,,,,,,,,,,,,,,,,,,,,,,,,,,,,,

Intra-Ligand Free,,,0.0000,0.0000,0.0000,0.0000,0.0000,0.0000,0.0000,0.0000,0.0000,0.0000,0.0000,0.0000,0.0000,0.0000,0.0000,0.0000,0.0000,0.0000,0.0000,0.0000,0.0000,0.0000,0.0000,0.0000,0.0000,0.0000,0.0000,0.0000,0.0000,0.0000,0.0000,0.0000,0.0000,0.0000,0.0000,0.0000,0.0000,0.0000,0.0000,0.0000,0.0000,0.0000,0.0000,0.0000,0.0000,0.0000,0.0000,0.0000,0.0000,0.0000,0.0000,0.0000,0.0000,0.0000,0.0000,0.0000,0.0000,0.0000,0.0000,0.0000,0.0000,0.0000,0.0000,0.0000,0.0000,0.0000,0.0000,0.0000,0.0000,0.0000,0.0000,0.0000,0.0000,0.0000,0.0000,0.0000,0.0000,0.0000,0.0000,0.0000,0.0000,0.0000,0.0000,0.0000,0.0000,0.0000,0.0000,0.0000,0.0000,0.0000,0.0000,0.0000,0.0000,0.0000,0.0000,0.0000,0.0000,0.0000,0.0000,0.0000,0.0000,0.0000,0.0000,0.0000,0.0000,0.0000,0.0000,0.0000,0.0000,0.0000,0.0000,0.0000,0.0000,0.0000,0.0000,0.0000,0.0000,0.0000,0.0000,0.0000,0.0000,0.0000,0.0000,0.0000,0.0000,0.0000,0.0000,0.0000,0.0000,0.0000,0.0000,0.0000,0.0000,0.0000,0.0000,0.0000,0.0000,0.0000,0.0000,0.0000,0.0000,0.0000,0.0000,0.0000,0.0000,0.0000,0.0000,0.0000,0.0000,0.0000,0.0000,0.0000,0.0000,0.0000,0.0000,0.0000,0.0000,0.0000,0.0000,0.0000,0.0000,0.0000,0.0000,0.0000,0.0000,0.0000,0.0000,0.0000,0.0000,0.0000,0.0000,0.0000,0.0000,0.0000,0.0000,0.0000,0.0000,0.0000,0.0000,0.0000,0.0000,0.0000,0.0000,0.0000,0.0000,0.0000,0.0000,0.0000,0.0000,0.0000,0.0000,0.0000,0.0000,0.0000
Inter-Ligand Free,,,-5.5438,-5.4903,-5.4781,-5.4667,-5.4624,-5.3629,-5.3361,-5.3028,-5.2616,-5.2213,-5.2044,-5.1854,-5.1714,-5.1689,-5.1527,-5.1290,-5.1192,-5.1134,-5.1090,-5.0853,-5.0606,-5.0338,-5.0306,-5.0303,-4.9850,-4.9309,-4.9145,-4.8808,-4.8609,-4.8468,-4.7598,-4.6859,-4.6692,-4.6655,-4.6486,-4.6273,-4.5732,-4.5027,-4.4525,-4.4425,-4.4168,-4.4101,-4.4044,-4.3918,-4.3705,-4.3575,-4.3557,-4.3556,-4.3513,-4.3470,-4.3445,-4.3260,-4.3133,-4.3070,-4.2974,-4.2784,-4.2780,-4.2762,-4.2506,-4.2440,-4.2342,-4.2328,-4.2235,-4.2224,-4.1958,-4.1481,-4.1310,-4.1267,-4.0977,-4.0748,-4.0689,-4.0274,-4.0228,-3.9952,-3.9950,-3.9858,-3.9802,-3.9758,-3.9433,-3.9430,-3.9381,-3.9304,-3.9282,-3.9138,-3.8975,-3.8650,-3.8460,-3.8000,-3.7902,-3.7548,-3.7424,-3.7318,-3.7297,-3.7262,-3.7239,-3.7146,-3.6997,-3.6980,-3.6970,-3.6965,-3.6554,-3.6540,-3.6505,-3.6407,-3.6370,-3.6254,-3.6102,-3.6080,-3.5909,-3.5524,-3.5191,-3.5190,-3.4581,-3.4419,-3.4394,-3.3780,-3.3750,-3.3502,-3.3476,-3.3394,-3.3040,-3.3028,-3.2997,-3.2734,-3.2722,-3.2621,-3.1820,-3.1757,-3.1418,-3.1336,-3.1303,-3.1278,-3.0816,-3.0547,-3.0383,-3.0232,-2.9309,-2.9265,-2.8919,-2.8474,-2.8435,-2.8332,-2.8182,-2.7979,-2.7835,-2.7735,-2.7484,-2.7443,-2.7216,-2.7166,-2.7070,-2.6315,-2.6235,-2.6024,-2.5980,-2.4755,-2.4379,-2.3910,-2.3419,-2.2952,-2.2916,-2.2828,-2.2749,-2.2733,-2.2526,-2.2493,-2.2473,-2.2254,-2.2231,-2.2203,-2.2161,-2.1847,-2.1778,-2.1729,-2.1681,-2.1233,-2.0428,-2.0381,-2.0190,-2.0111,-1.9795,-1.9666,-1.9640,-1.8584,-1.8403,-1.8318,-1.7883,-1.7308,-1.4694,-1.4501,0.1314,0.2802,1.1999,10.6688
Total Free Energy,,,-5.5438,-5.4903,-5.4781,-5.4667,-5.4624,-5.3629,-5.3361,-5.3028,-5.2616,-5.2213,-5.2044,-5.1854,-5.1714,-5.1689,-5.1527,-5.1290,-5.1192,-5.1134,-5.1090,-5.0853,-5.0606,-5.0338,-5.0306,-5.0303,-4.9850,-4.9309,-4.9145,-4.8808,-4.8609,-4.8468,-4.7598,-4.6859,-4.6692,-4.6655,-4.6486,-4.6273,-4.5732,-4.5027,-4.4525,-4.4425,-4.4168,-4.4101,-4.4044,-4.3918,-4.3705,-4.3575,-4.3557,-4.3556,-4.3513,-4.3470,-4.3445,-4.3260,-4.3133,-4.3070,-4.2974,-4.2784,-4.2780,-4.2762,-4.2506,-4.2440,-4.2342,-4.2328,-4.2235,-4.2224,-4.1958,-4.1481,-4.1310,-4.1267,-4.0977,-4.0748,-4.0689,-4.0274,-4.0228,-3.9952,-3.9950,-3.9858,-3.9802,-3.9758,-3.9433,-3.9430,-3.9381,-3.9304,-3.9282,-3.9138,-3.8975,-3.8650,-3.8460,-3.8000,-3.7902,-3.7548,-3.7424,-3.7318,-3.7297,-3.7262,-3.7239,-3.7146,-3.6997,-3.6980,-3.6970,-3.6965,-3.6554,-3.6540,-3.6505,-3.6407,-3.6370,-3.6254,-3.6102,-3.6080,-3.5909,-3.5524,-3.5191,-3.5190,-3.4581,-3.4419,-3.4394,-3.3780,-3.3750,-3.3502,-3.3476,-3.3394,-3.3040,-3.3028,-3.2997,-3.2734,-3.2722,-3.2621,-3.1820,-3.1757,-3.1418,-3.1336,-3.1303,-3.1278,-3.0816,-3.0547,-3.0383,-3.0232,-2.9309,-2.9265,-2.8919,-2.8474,-2.8435,-2.8332,-2.8182,-2.7979,-2.7835,-2.7735,-2.7484,-2.7443,-2.7216,-2.7166,-2.7070,-2.6315,-2.6235,-2.6024,-2.5980,-2.4755,-2.4379,-2.3910,-2.3419,-2.2952,-2.2916,-2.2828,-2.2749,-2.2733,-2.2526,-2.2493,-2.2473,-2.2254,-2.2231,-2.2203,-2.2161,-2.1847,-2.1778,-2.1729,-2.1681,-2.1233,-2.0428,-2.0381,-2.0190,-2.0111,-1.9795,-1.9666,-1.9640,-1.8584,-1.8403,-1.8318,-1.7883,-1.7308,-1.4694,-1.4501,0.1314,0.2802,1.1999,10.6688
Normalized Total Free Energy,,,-5.5438,-5.4903,-5.4781,-5.4667,-5.4624,-5.3629,-5.3361,-5.3028,-5.2616,-5.2213,-5.2044,-5.1854,-5.1714,-5.1689,-5.1527,-5.1290,-5.1192,-5.1134,-5.1090,-5.0853,-5.0606,-5.0338,-5.0306,-5.0303,-4.9850,-4.9309,-4.9145,-4.8808,-4.8609,-4.8468,-4.7598,-4.6859,-4.6692,-4.6655,-4.6486,-4.6273,-4.5732,-4.5027,-4.4525,-4.4425,-4.4168,-4.4101,-4.4044,-4.3918,-4.3705,-4.3575,-4.3557,-4.3556,-4.3513,-4.3470,-4.3445,-4.3260,-4.3133,-4.3070,-4.2974,-4.2784,-4.2780,-4.2762,-4.2506,-4.2440,-4.2342,-4.2328,-4.2235,-4.2224,-4.1958,-4.1481,-4.1310,-4.1267,-4.0977,-4.0748,-4.0689,-4.0274,-4.0228,-3.9952,-3.9950,-3.9858,-3.9802,-3.9758,-3.9433,-3.9430,-3.9381,-3.9304,-3.9282,-3.9138,-3.8975,-3.8650,-3.8460,-3.8000,-3.7902,-3.7548,-3.7424,-3.7318,-3.7297,-3.7262,-3.7239,-3.7146,-3.6997,-3.6980,-3.6970,-3.6965,-3.6554,-3.6540,-3.6505,-3.6407,-3.6370,-3.6254,-3.6102,-3.6080,-3.5909,-3.5524,-3.5191,-3.5190,-3.4581,-3.4419,-3.4394,-3.3780,-3.3750,-3.3502,-3.3476,-3.3394,-3.3040,-3.3028,-3.2997,-3.2734,-3.2722,-3.2621,-3.1820,-3.1757,-3.1418,-3.1336,-3.1303,-3.1278,-3.0816,-3.0547,-3.0383,-3.0232,-2.9309,-2.9265,-2.8919,-2.8474,-2.8435,-2.8332,-2.8182,-2.7979,-2.7835,-2.7735,-2.7484,-2.7443,-2.7216,-2.7166,-2.7070,-2.6315,-2.6235,-2.6024,-2.5980,-2.4755,-2.4379,-2.3910,-2.3419,-2.2952,-2.2916,-2.2828,-2.2749,-2.2733,-2.2526,-2.2493,-2.2473,-2.2254,-2.2231,-2.2203,-2.2161,-2.1847,-2.1778,-2.1729,-2.1681,-2.1233,-2.0428,-2.0381,-2.0190,-2.0111,-1.9795,-1.9666,-1.9640,-1.8584,-1.8403,-1.8318,-1.7883,-1.7308,-1.4694,-1.4501,0.1314,0.2802,1.1999,10.6688
