Chain ID,Residue name,Residue sequence,Conf 1,Conf 2,Conf 3,Conf 4,Conf 5,Conf 6,Conf 7,Conf 8,Conf 9,Conf 10,Conf 11,Conf 12,Conf 13,Conf 14,Conf 15,Conf 16,Conf 17,Conf 18,Conf 19,Conf 20,Conf 21,Conf 22,Conf 23,Conf 24,Conf 25,Conf 26,Conf 27,Conf 28,Conf 29,Conf 30,Conf 31,Conf 32,Conf 33,Conf 34,Conf 35,Conf 36,Conf 37,Conf 38,Conf 39,Conf 40,Conf 41,Conf 42,Conf 43,Conf 44,Conf 45,Conf 46,Conf 47,Conf 48,Conf 49,Conf 50,Conf 51,Conf 52,Conf 53,Conf 54,Conf 55,Conf 56,Conf 57,Conf 58,Conf 59,Conf 60,Conf 61,Conf 62,Conf 63,Conf 64,Conf 65,Conf 66,Conf 67,Conf 68,Conf 69,Conf 70,Conf 71,Conf 72,Conf 73,Conf 74,Conf 75,Conf 76,Conf 77,Conf 78,Conf 79,Conf 80,Conf 81,Conf 82,Conf 83,Conf 84,Conf 85,Conf 86,Conf 87,Conf 88,Conf 89,Conf 90,Conf 91,Conf 92,Conf 93,Conf 94,Conf 95,Conf 96,Conf 97,Conf 98,Conf 99,Conf 100,Conf 101,Conf 102,Conf 103,Conf 104,Conf 105,Conf 106,Conf 107,Conf 108,Conf 109,Conf 110,Conf 111,Conf 112,Conf 113,Conf 114,Conf 115,Conf 116,Conf 117,Conf 118,Conf 119,Conf 120,Conf 121,Conf 122,Conf 123,Conf 124,Conf 125,Conf 126,Conf 127,Conf 128,Conf 129,Conf 130,Conf 131,Conf 132,Conf 133,Conf 134,Conf 135,Conf 136,Conf 137,Conf 138,Conf 139,Conf 140,Conf 141,Conf 142,Conf 143,Conf 144,Conf 145,Conf 146,Conf 147,Conf 148,Conf 149,Conf 150,Conf 151,Conf 152,Conf 153,Conf 154,Conf 155,Conf 156,Conf 157,Conf 158,Conf 159,Conf 160,Conf 161,Conf 162,Conf 163,Conf 164,Conf 165,Conf 166,Conf 167,Conf 168,Conf 169,Conf 170,Conf 171,Conf 172,Conf 173,Conf 174,Conf 175,Conf 176,Conf 177,Conf 178,Conf 179,Conf 180,Conf 181,Conf 182,Conf 183,Conf 184,Conf 185,Conf 186,Conf 187,Conf 188,Conf 189,Conf 190,Conf 191,Conf 192,Conf 193,Conf 194,Conf 195,Conf 196,Conf 197,Conf 198,Conf 199,Conf 200,Conf 201,Conf 202,Conf 203,Conf 204,Conf 205,Conf 206,Conf 207,Conf 208,Conf 209,Conf 210,Conf 211,Conf 212,Conf 213,Conf 214,Conf 215,Conf 216,Conf 217,Conf 218,Conf 219,Conf 220,Conf 221,Conf 222,Conf 223,Conf 224,Conf 225,Conf 226,Conf 227,Conf 228,Conf 229,Conf 230,Conf 231,Conf 232,Conf 233,Conf 234,Conf 235,Conf 236,Conf 237,Conf 238,Conf 239,Conf 240,Conf 241,Conf 242,Conf 243,Conf 244,Conf 245,Conf 246,Conf 247,Conf 248,Conf 249,Conf 250,Conf 251,Conf 252,Conf 253,Conf 254,Conf 255,Conf 256,Conf 257,Conf 258,Conf 259,Conf 260,Conf 261,Conf 262,Conf 263,Conf 264,Conf 265,Conf 266,Conf 267,Conf 268,Conf 269,Conf 270,Conf 271,Conf 272,Conf 273,Conf 274,Conf 275,Conf 276,Conf 277,Conf 278,Conf 279,Conf 280,Conf 281,Conf 282,Conf 283,Conf 284,Conf 285,Conf 286,Conf 287,Conf 288,Conf 289,Conf 290,Conf 291,Conf 292,Conf 293,Conf 294,Conf 295,Conf 296,Conf 297,Conf 298,Conf 299,Conf 300,Conf 301,Conf 302,Conf 303,Conf 304,Conf 305,Conf 306,Conf 307,Conf 308,Conf 309,Conf 310,Conf 311,Conf 312,Conf 313,Conf 314,Conf 315,Conf 316,Conf 317,Conf 318,Conf 319,Conf 320,Conf 321,Conf 322,Conf 323,Conf 324,Conf 325,Conf 326
A,VAL,20,,,,,,,,,,,,,,,,,,,,,,,,,,,,,,,,,,,,,,,,,,,,,,,,,,,,,,,,,,,,,,,,,,,,,,,,,,,,,,,,,,,,,,,,,,,,,,,,,,,,,,,,,,,,,,,,,,,,,,,,,,,,,,,,,,,,,,,,,,,,,,,,,,,,,,,,,,,,,,,,,,,,,,,,,,,,,,,,,,,,,,,,,,,,,,,,,,,,,,,,,,,,,,,,,,,,,,,,,,,,,,,,,,,,,,,,,,,,,,,,,,,,,,,,,,,,,,,,,,,,,,,,,,,,,,,,,,,,,,,,,,,,,,,,,,,,,,,,,,,,,,,,,,,,,,,,,,,,,,,,,,,,,,
A,THR,21,,,,,,,,,,,,,,,,,,,,,,,,,,,,,,,,,,,,,,,,,,,,,,,,,,,,,,,,,,,,,,,,,,,,,,,,,,,,,,,,,,,,,,,,,,,,,,,,,,,,,,,,,,,,,,,,,,,,,,,,,,,,,,,,,,,,,,,,,,,,,,,,,,,,,,,,,,,,,,,,,,,,,,,,,,,,,,,,,,,,,,,,,,,,,,,,,,,,,,,,,,,,,,,,,,,,,,,,,,,,,,,,,,,,,,,,,,,,,,,,,,,,,,,,,,,,,,,,,,,,,,,,,,,,,,,,,,,,,,,,,,,,,,,,,,,,,,,,,,,,,,,,,,,,,,,,,,,,,,,,,,,,,,
A,CYS,22,,,,,,,,,,,,,,,,,,,,,,,,,,,,,,,,,,,,,,,,,,,,,,,,,,,,,,,,,,,,,,,,,,,,,,,,,,,,,,,,,,,,,,,,,,,,,,,,,,,,,,,,,,,,,,,,,,,,,,,,,,,,,,,,,,,,,,,,,,,,,,,,,,,,,,,,,,,,,,,,,,,,,,,,,,,,,,,,,,,,,,,,,,,,,,,,,,,,,,,,,,,,,,,,,,,,,,,,,,,,,,,,,,,,,,,,,,,,,,,,,,,,,,,,,,,,,,,,,,,,,,,,,,,,,,,,,,,,,,,,,,,,,,,,,,,,,,,,,,,,,,,,,,,,,,,,,,,,,,,,,,,,,,
A,THR,24,,,,,,,,,,,,,,,,,,,,,,,,,,,,,,,,,,,,,,,,,,,,,,,,,,,,,,,,,,,,,,,,,,,,,,,,,,,,,,,,,,,,,,,,,,,,,,,,,,,,,,,,,,,,,,,,,,,,,,,,,,,,,,,,,,,,,,,,,,,,,,,,,,,,,,,,,,,,,,,,,,,,,,,,,,,,,,,,,,,,,,,,,,,,,,,,,,,,,,,,,,,,,,,,,,,,,,,,,,,,,,,,,,,,,,,,,,,,,,,,,,,,,,,,,,,,,,,,,,,,,,,,,,,,,,,,,,,,,,,,,,,,,,,,,,,,,,,,,,,,,,,,,,,,,,,,,,,,,,,,,,,,,,
A,THR,25,,,,,,,,,,,,,,,,,,,,,,,,,,,,,,,,,,,,,,,,,,,,,,,,,,,,,,,,,,,,,,,,,,,,,,,,,,,,,,,,,,,,,,,,-0.0049,,,,,,,,,,,,,,,,,,,,,,,-0.0351,,,,,,,,,,,,-0.0701,,,,,,,,,,,,,,,,,,,,,,,,,-0.0081,,,,,,,,,,,,,,,,,,,,,,,,,,,,,,,,,,,,,-0.0205,,,,,,,,,,,,,,,,,,,,,,,,,,,,,,,,,,,,,,,,,,,,,,,,,,,,,,,,,,,,,,,,,,,,,,,,,,,,,,,,,,,,,,,,,,,,,,,,,,,,,,,,,,,,,,,,,,,,,,,,,,,,,,,,,,,,,,,,,,,-0.0701,-0.0369,-0.0701
A,THR,26,,,,,,,,,,,,,,,,,,,,,,,,,,,,,,,,,,,,,,,,,,,,,,,,,,,,,,,-0.1673,,,,,,,,,,,,,,,,,,,,,,,,,,,,,,,,,,,,,,,,,,-0.1654,,,,,,,,,,,,,,,,,,,,,,,,,,,,,,,,,,,,,,,,,,,,,,,,,,,,,,,,,,,,,,,,,,,,,,,,,,,,,,,,,,,,,,,,,,,,,,,,,,,,,,,,,,,,,,,,,,,,,,,,,,,,,,,,,,,,,,,,,,,,,,,,,,,,,,,,,,,,,,,,,,,,,,,,,,,,,,,,,,,,,,,,,,,,,,,,,,,,,,,,,,,,,,,,,,,,,,,,,,,,,,,,,,,,,
A,LEU,27,,,,,,,,,,,,,,,,,,,,,,,,,,,,,,,,,,,,,,,,,,,,,,,,,,,,,,,-0.0334,,,,,,,,,,,,,,,,,,,,,,,,,,,,,,,,,-0.0138,,,,,,,,,-0.0317,,,,,,,,,,,,,,-0.1225,,,,,,,,,,,,,,,,,,,,,,,,,,,,,,,,,,,,,-0.0811,,,,,,,,,,,,,,,,,,,,,,,,,,,,,,,,,,,,,,,,,,,,,,,,,,,,,,,,,,,,,,,,,,,,,,,,,,,,,,,,,,,,,,,,,,,,,,,,,,,,,,,,,,,,,,,,,,,,,,,,,,,,,,,,,,,,,,,,,,,,,,,,,,,,,,,,,,,,,,,,,,,,,,,,,,,,,,,,,,-0.0062
A,ASN,28,,,,,,,,,,,,,,,,,,,,,,,,,,,,,,,,,,,,,,,,,,,,,,,,,,,,,,,,,,,,,,,,,,,,,,,,,,,,,,,,,,,,,,,,,,,,,,,,,,,,,,,,,,,,,,,,,,,,,,,,,,,,,,,,,,,,,,,,,,,,,,,,,,,,,,,,,,,,,,,,,,,,,,,,,,,,,,,,,,,,,,,,,,,,,,,,,,,,,,,,,,,,,,,,,,,,,,,,,,,,,,,,,,,,,,,,,,,,,,,,,,,,,,,,,,,,,,,,,,,,,,,,,,,,,,,,,,,,,,,,,,,,,,,,,,,,,,,,,,,,,,,,,,,,,,,,,,,,,,,,,,,,,,
A,CYS,38,,,,,,,,,,,,,,,,,,,,,,,,,,,,,,,,,,,,,,,,,,,,,,,,,,,,,,,,,,,,,,,,,,,,,,,,,,,,,,,,,,,,,,,,,,,,,,,,,,,,,,,,,,,,,,,,,,,,,,,,,,,,,,,,,,,,,,,,,,,,,,,,,,,,,,,,,,,,,,,,,,,,,,,,,,,,,,,,,,,,,,,,,,,,,,,,,,,,,,,,,,,,,,,,,,,,,,,,,,,,,,,,,,,,,,,,,,,,,,,,,,,,,,,,,,,,,,,,,,,,,,,,,,,,,,,,,,,,,,,,,,,,,,,,,,,,,,,,,,,,,,,,,,,,,,,,,,,,,,,,,,,,,,
A,PRO,39,,,,,,,,,,,,,,,,,,,,,,,,,,,,,,,,,,,,,,,,,,,,,,,,,,,,,,,,,,,,,,,,,,,,,,,,,,,,,,,,,,,,,,,,,,,,,,,,,,,,,,,,,,,,,,,,,,,,,,,,,,,,,,,,,,,,,,,,,,,,,,,,,,,,,,,,,,,,,,,,,,,,,,,,,,,,,,,,,,,,,,,,,,,,,,,,,,,,,,,,,,,,,,,,,,,,,,,,,,,,,,,,,,,,,,,,,,,,,,,,,,,,,,,,,,,,,,,,,,,,,,,,,,,,,,,,,,,,,,,,,,,,,,,,,,,,,,,,,,,,,,,,,,,,,,,,,,,,,,,,,,,,,,
A,ARG,40,,,,,,,,,,,,,,,,,,,,,,,,,,,,,,,,,,,,,,,,,,,,,,,,,,,,,,,,,,,,,,,,,,,,,,,,,,,,,,,,,,,,,,,,,,,,,,,,,,,,,,,,,,,,,,,,,,,,,,,,,,,,,,,,,,,,,,,,,,,,,,,,,,,,,,,,,,,,,,,,,,,,,,,,,,,,,,,,,,,,,,,,,,,,,,,,,,,,,,,,,,,,,,,,,,,,,,,,,,,,,,,,,,,,,,,,,,,,,,,,,,,,,,,,,,,,,,,,,,,,,,,,,,,,,,,,,,,,,,,,,,,,,,,,,,,,,,,,,,,,,,,,,,,,,,,,,,,,,,,,,,,,,,
A,HIS,41,-0.1209,,-0.2150,,-0.0752,,-0.1165,,,,,-0.2788,-0.1479,,,,,,-0.1956,-0.2312,-0.2142,-0.2347,,,,,,,,,,,,-0.1994,-0.0494,-0.0652,-0.1141,,,,,,,-0.1716,,,,,,,,-0.0741,,,,,,,,,,,,,,,,,,,,,,,,-0.0986,,,,,-0.1956,,,,,,,,-0.1217,,,,,,-0.1682,,-0.2423,,,,,,,,,-0.2312,,,,,,,,,,,,,,,,,,,,,-0.1716,,,,,,-0.0986,,,,,,-0.1948,,,,,,,,,,,,,,-0.2385,,,,,,,,,,,,,,,,,,,,,,,,,-0.2142,,,,,,,,,,,,,,,,,,,,,,,,,,,,,,,-0.2055,,,,,,,,,,,,,,,,,,,,,,,,,,,,,,,,,,,,,,,,,,,,,,,,,,,,,,,,,,,,,,,,,,,,,,,,,,,,,,,,,,,,,,,,,,,,,,,,,,,,,,,,,,,,,,,,,,,,,
A,VAL,42,,,,,,,,,,,,,,,,,,,,,,,,,,,,,,,,,,,,,,,,,,,,,,,,,,,,,,,,,,,,,,,,,,,,,,,,,,,,,,,,,,,,,,,,,,,,,,,,,,,,,,,,,,,,,,,,,,,,,,,,,,,,,,,,,,,,,,,,,,,,,,,,,,,,,,,,,,,,,,,,,,,,,,,,,,,,,,,,,,,,,,,,,,,,,,,,,,,,,,,,,,,,,,,,,,,,,,,,,,,,,,,,,,,,,,,,,,,,,,,,,,,,,,,,,,,,,,,,,,,,,,,,,,,,,,,,,,,,,,,,,,,,,,,,,,,,,,,,,,,,,,,,,,,,,,,,,,,,,,,,,,,,,,
A,ILE,43,,,,,,,,,,,,,,,,,,,,,,,,,,,,,,,,,,,,,,,,,,,,,,,,,,,,,,,,,,,,,,,,,,,,,,,,,,,,,,,,,,,,,,,,,,,,,,,,,,,,,,,,,,,,,,,,,,,,,,,,,,,,,,,,,,,,,,,,,,,,,,,,,,,,,,,,,,,,,,,,,,,,,,,,,,,,,,,,,,,,,,,,,,,,,,,,,,,,,,,,,,,,,,,,,,,,,,,,,,,,,,,,,,,,,,,,,,,,,,,,,,,,,,,,,,,,,,,,,,,,,,,,,,,,,,,,,,,,,,,,,,,,,,,,,,,,,,,,,,,,,,,,,,,,,,,,,,,,,,,,,,,,,,
A,CYS,44,,,,,,,,,,,,,,,,,,,,,,,,,,,,,,,,,,,,,,,,,,,,,,,,,,,,,,,,,,,,,,,,,,,,,,,,,,,,,,,,,,,,,,,,,,,,,,,,,,,,,,,,,,,,,,,,,,,,,,,,,,,,,,,,,,,,,,,,,,,,,,,,,,,,,,,,,,,,,,,,,,,,,,,,,,,,,,,,,,,,,,,,,,,,,,,,,,,,,,,,,,,,,,,,,,,,,,,,,,,,,,,,,,,,,,,,,,,,,,,,,,,,,,,,,,,,,,,,,,,,,,,,,,,,,,,,,,,,,,,,,,,,,,,,,,,,,,,,,,,,,,,,,,,,,,,,,,,,,,,,,,,,,,
A,THR,45,,,,,,,,,,,,,,,,,,,,,,,,,,,,,,,,,,,,,,,,,,,,,,,,,,,,,,,,,,,,,,,,,,,,,,,,,,,,,,,,,,,,,,,,,,,,,,,,,,,,,,,,,,,,,,,,,,,,,,,,,,,,,,,,,,,,,,,,,,,,,,,,,,,,,,,,,,,,,,,,,,,,,,,,,,,,,,,,,,,,,,,,,,,,,,,,,,,,,,,,,,,,,,,,,,,,,,,,,,,,,,,,,,,,,,,,,,,,,,,,,,,,,,,,,,,,,,,,,,,,,,,,,,,,,,,,,,,,,,,,,,,,,,,,,,,,,,,,,,,,,,,,,,,,,,,,,,,,,,,,,,,,,,
A,SER,46,,,,,,,,,,,,,,,,,,,,,,,,,,,,,,,,,,,,,,,,,,,,,,,,,,,,,,,,,,,,,,,,,,,,,,,,,,,,,,,,,,,,,,,,,,,,,,,,,,,,,,,,,,,,,,,,,,,,,,,,,,,,,,,,,,,,,,,,,,,,,,,,,,,,,,,,,,,,,,,,,,,,,,,,,,,,,,,,,,,,,,,,,,,,,,,,,,,,,,,,,,,,,,,,,,,,,,,,,,,,,,,,,,,,,,,,,,,,,,,,,,,,,,,,,,,,,,,,,,,,,,,,,,,,,,,,,,,,,,,,,,,,,,,,,,,,,,,,,,,,,,,,,,,,,,,,,,,,,,,,,,,,,,
A,GLU,47,,,,,,,,,,,,,,,,,,,,,,,,,,,,,,,,,,,,,,,,,,,,,,,,,,,,,,,,,,,,,,,,,,,,,,,,,,,,,,,,,,,,,,,,,,,,,,,,,,,,,,,,,,,,,,,,,,,,,,,,,,,,,,,,,,,,,,,,,,,,,,,,,,,,,,,,,,,,,,,,,,,,,,,,,,,,,,,,,,,,,,,,,,,,,,,,,,,,,,,,,,,,,,,,,,,,,,,,,,,,,,,,,,,,,,,,,,,,,,,,,,,,,,,,,,,,,,,,,,,,,,,,,,,,,,,,,,,,,,,,,,,,,,,,,,,,,,,,,,,,,,,,,,,,,,,,,,,,,,,,,,,,,,
A,ASP,48,,,,,,,,,,,,,,,,,,,,,,,,,,,,,,,,,,,,,,,,,,,,,,,,,,,,,,,,,,,,,,,,,,,,,,,,,,,,,,,,,,,,,,,,,,,,,,,,,,,,,,,,,,,,,,,,,,,,,,,,,,,,,,,,,,,,,,,,,,,,,,,,,,,,,,,,,,,,,,,,,,,,,,,,,,,,,,,,,,,,,,,,,,,,,,,,,,,,,,,,,,,,,,,,,,,,,,,,,,,,,,,,,,,,,,,,,,,,,,,,,,,,,,,,,,,,,,,,,,,,,,,,,,,,,,,,,,,,,,,,,,,,,,,,,,,,,,,,,,,,,,,,,,,,,,,,,,,,,,,,,,,,,,
A,MET,49,,,,,,,,,,,,,,,,,,,,,,,,,,,,,,,,,,,,,,,,,,,,,,,,,,,,,,,,,,,,,,,,,,,,,,,,,,,,,,,,,,,,,,,,,,,,,,,,,,,,,,,,,,,,,,,,,,,,,,,,,,,,,,,,,,,,,,,,,,,,,,,,,,,,,,,,,,,,,,,,,,,,,,,,,,,,,,,,,,,,,,,,,,,,,,,,,,,,,,,,,,,,,,,,,,,,,,,,,,,,,,,,,,,,,,,,,,,,,,,,,,,,,,,,,,,,,,,,,,,,,,,,,,,,,,,,,,,,,,,,,,,,,,,,,,,,,,,,,,,,,,,,,,,,,,,,,,,,,,,,,,,,,,
A,LEU,50,,,,,,,,,,,,,,,,,,,,,,,,,,,,,,,,,,,,,,,,,,,,,,,,,,,,,,,,,,,,,,,,,,,,,,,,,,,,,,,,,,,,,,,,,,,,,,,,,,,,,,,,,,,,,,,,,,,,,,,,,,,,,,,,,,,,,,,,,,,,,,,,,,,,,,,,,,,,,,,,,,,,,,,,,,,,,,,,,,,,,,,,,,,,,,,,,,,,,,,,,,,,,,,,,,,,,,,,,,,,,,,,,,,,,,,,,,,,,,,,,,,,,,,,,,,,,,,,,,,,,,,,,,,,,,,,,,,,,,,,,,,,,,,,,,,,,,,,,,,,,,,,,,,,,,,,,,,,,,,,,,,,,,
A,ASN,51,,,,,,,,,,,,,,,,,,,,,,,,,,,,,,,,,,,,,,,,,,,,,,,,,,,,,,,,,,,,,,,,,,,,,,,,,,,,,,,,,,,,,,,,,,,,,,,,,,,,,,,,,,,,,,,,,,,,,,,,,,,,,,,,,,,,,,,,,,,,,,,,,,,,,,,,,,,,,,,,,,,,,,,,,,,,,,,,,,,,,,,,,,,,,,,,,,,,,,,,,,,,,,,,,,,,,,,,,,,,,,,,,,,,,,,,,,,,,,,,,,,,,,,,,,,,,,,,,,,,,,,,,,,,,,,,,,,,,,,,,,,,,,,,,,,,,,,,,,,,,,,,,,,,,,,,,,,,,,,,,,,,,,
A,PRO,52,,,,,,,,,,,,,,,,,,,,,,,,,,,,,,,,,,,,,,,,,,,,,,,,,,,,,,,,,,,,,,,,,,,,,,,,,,,,,,,,,,,,,,,,,,,,,,,,,,,,,,,,,,,,,,,,,,,,,,,,,,,,,,,,,,,,,,,,,,,,,,,,,,,,,,,,,,,,,,,,,,,,,,,,,,,,,,,,,,,,,,,,,,,,,,,,,,,,,,,,,,,,,,,,,,,,,,,,,,,,,,,,,,,,,,,,,,,,,,,,,,,,,,,,,,,,,,,,,,,,,,,,,,,,,,,,,,,,,,,,,,,,,,,,,,,,,,,,,,,,,,,,,,,,,,,,,,,,,,,,,,,,,,
A,TYR,54,,,,,,,,,,,,,,,,,,,,,,,,,,,,,,,,,,,,,,,,,,,,,,,,,,,,,,,,,,,,,,,,,,,,,,,,,,,,,,,,,,,,,,,,,,,,,,,,,,,,,,,,,,,,,,,,,,,,,,,,,,,,,,,,,,,,,,,,,,,,,,,,,,,,,,,,,,,,,,,,,,,,,,,,,,,,,,,,,,,,,,,,,,,,,,,,,,,,,,,,,,,,,,,,,,,,,,,,,,,,,,,,,,,,,,,,,,,,,,,,,,,,,,,,,,,,,,,,,,,,,,,,,,,,,,,,,,,,,,,,,,,,,,,,,,,,,,,,,,,,,,,,,,,,,,,,,,,,,,,,,,,,,,
A,CYS,85,,,,,,,,,,,,,,,,,,,,,,,,,,,,,,,,,,,,,,,,,,,,,,,,,,,,,,,,,,,,,,,,,,,,,,,,,,,,,,,,,,,,,,,,,,,,,,,,,,,,,,,,,,,,,,,,,,,,,,,,,,,,,,,,,,,,,,,,,,,,,,,,,,,,,,,,,,,,,,,,,,,,,,,,,,,,,,,,,,,,,,,,,,,,,,,,,,,,,,,,,,,,,,,,,,,,,,,,,,,,,,,,,,,,,,,,,,,,,,,,,,,,,,,,,,,,,,,,,,,,,,,,,,,,,,,,,,,,,,,,,,,,,,,,,,,,,,,,,,,,,,,,,,,,,,,,,,,,,,,,,,,,,,
A,CYS,117,,,,,,,,,,,,,,,,,,,,,,,,,,,,,,,,,,,,,,,,,,,,,,,,,,,,,,,,,,,,,,,,,,,,,,,,,,,,,,,,,,,,,,,,,,,,,,,,,,,,,,,,,,,,,,,,,,,,,,,,,,,,,,,,,,,,,,,,,,,,,,,,,,,,,,,,,,,,,,,,,,,,,,,,,,,,,,,,,,,,,,,,,,,,,,,,,,,,,,,,,,,,,,,,,,,,,,,,,,,,,,,,,,,,,,,,,,,,,,,,,,,,,,,,,,,,,,,,,,,,,,,,,,,,,,,,,,,,,,,,,,,,,,,,,,,,,,,,,,,,,,,,,,,,,,,,,,,,,,,,,,,,,,
A,TYR,118,,,,,,,,,,,,,,,,,,,,,,,,,,,,,,,,,,,,,,,,,,,,,,,,,,,,,,,,,,,,,,,,,,,,,,,,,,,,,,,,,,,,,,,,,,,,,,,,,,,,,,,,,,,,,,,,,,,,,,,,,,,,,,,,,,,,,,,,,,,,,,,,,,,,,,,,,,,,,,,,,,,,,,,,,,,,,,,,,,,,,,,,,,,,,,,,,,,,,,,,,,,,,,,,,,,,,,,,,,,,,,,,,,,,,,,,,,,,,,,,,,,,,,,,,,,,,,,,,,,,,,,,,,,,,,,,,,,,,,,,,,,,,,,,,,,,,,,,,,,,,,,,,,,,,,,,,,,,,,,,,,,,,,
A,ASN,119,,,,,,,,,,,,,,,,,,,,,,,,,,,,,,,,,,,,,,,,,,,,,,,,,,,,,,,,,,,,,,,,,,,,,,,,,,,,,,,,,,,,,,,,,,,,,,,,,,,,,,,,,,,,,,,,,,,,,,,,,,,,,,,,,,,,,,,,,,,,,,,,,,,,,,,,,,,,,,,,,,,,,,,,,,,,,,,,,,,,,,,,,,,,,,,,,,,,,,,,,,,,,,,,,,,,,,,,,,,,,,,,,,,,,,,,,,,,,,,,,,,,,,,,,,,,,,,,,,,,,,,,,,,,,,,,,,,,,,,,,,,,,,,,,,,,,,,,,,,,,,,,,,,,,,,,,,,,,,,,,,,,,,
A,GLY,138,,,,,,,,,,,,,,,,,,,,,,,,,,,,,,,,,,,,,,,,,,,,,,,,,,,,,,,,,,,,,,,,,,,,,,,,,,,,,,,,,,,,,,,,,,,,,,,,,,,,,,,,,,,,,,,,,,,,,,,,,,,,,,,,,,,,,,,,,,,,,,,,,,,,,,,,,,,,,,,,,,,,,,,,,,,,,,,,,,,,,,,,,,,,,,,,,,,,,,,,,,,,,,,,,,,,,,,,,,,,,,,,,,,,,,,,,,,,,,,,,,,,,,,,,,,,,,,,,,,,,,,,,,,,,,,,,,,,,,,,,,,,,,,,,,,,,,,,,,,,,,,,,,,,,,,,,,,,,,,,,,,,,,
A,SER,139,,,,,,,,,,,,,,,,,,,,,,,,,,,,,,,,,,,,,,,,,,,,,,,,,,,,,,,,,,,,,,,,,,,,,,,,,,,,,,,,,,,,,,,,,,,,,,,,,,,,,,,,,,,,,,,,,,,,,,,,,,,,,,,,,,,,,,,,,,,,,,,,,,,,,,,,,,,,,,,,,,,,,,,,,,,,,,,,,,,,,,,,,,,,,,,,,,,,,,,,,,,,,,,,,,,,,,,,,,,,,,,,,,,,,,,,,,,,,,,,,,,,,,,,,,,,,,,,,,,,,,,,,,,,,,,,,,,,,,,,,,,,,,,,,,,,,,,,,,,,,,,,,,,,,,,,,,,,,,,,,,,,,,
A,PHE,140,,,,,,,,,,-0.0456,,,,,,,,,,,,,,,,-0.0145,,-0.0354,,,,,,,,,,,,,,,,,,,,,-0.0587,,,,,,,,,,,-0.0618,-0.0701,,,,,,,,,,,,,-0.0512,,,,,,,,,,,,-0.0120,,,,,,,,,,,,,,,,,,,,,,,,,,-0.0202,,,,,,,,-0.0351,,,,,,,,,,,,,,,,,,,,,,,,,,,,,,,,,,,,,,,,,,,,,,,,,,,,,,,,,,,,,,,,,,,,,,,,,,,,,,,,,,,,,,,,,,,,,,,,,,,,,,,,,,,,,,,,,,,,,,,,,,,,,,,,,,,,,,,,,,,,,,,,,,,,,,,,,,,,,,,,,,,,,,,,,,,,,,,,,,,,,,,,,,,,,,,,,,,,,,,,,,,,,,
A,LEU,141,,,,,,,,,,,,,,,,,,,,,,,,,,,,,,,,,,,,,,,,,,,,,,,,,,,,,,,,,,,,-0.0007,,,,,,,,,,,,,,,,,,,,,,,,,,,,,,,,,,,,,,,,,,,,,,,,,,,,-0.0352,,,,,,,,,,,,,,,,,,,,,,,,,,,,,,,,,,,,,,,,,,,,,,,,,,,,,,,,,,,,,,,,,,,,,,,,,,,,,,,,,,,,,,,,,,,,,,,,,,,,,,,,,,,,,,,,,,,,,,,,,,,,,,,,,,,,,,,,,,,,,,,,,,,,-0.0553,,,,,,,,,,,,,,,,,,,,,,,,,,,,,,,,,,,,,,,,,,,,,,,,,,,,,,,,,,,,,,,,,,
A,ASN,142,,,,,,-0.0257,,,-0.0132,,-0.0199,,,,,-0.0701,,-0.0372,,,,,,,,,,,,,-0.0197,-0.0344,-0.0073,,,,,,,-0.0054,,,,,,,-0.0199,-0.0113,,,,,-0.0479,-0.1717,-0.0132,-0.0365,-0.0300,,,,,,,,-0.0350,,-0.0066,,-0.0098,,-0.0586,,,,-0.0250,,,,-0.0161,,,,,,-0.0239,,-0.0479,-0.1271,,,,,-0.0416,,,-0.0263,,,,,,-0.1828,,-0.0352,,,,-0.0199,,,,-0.0014,,,-0.0621,,,,,,,-0.1024,-0.1872,,,,,-0.0560,-0.0388,,,,,,-0.0412,,,,-0.0887,,-0.0596,-0.0653,,-0.0420,-0.2461,,,,-0.0246,-0.0092,-0.4069,,,-0.0181,-0.0285,,,,,,,,,,,,,,,-0.0185,-0.0109,,,,,,,,,,,,,,-0.5420,,,,-0.0351,,,,,,,,,,,,,,,,,,-0.4171,,,-0.0823,,,,,,,,,,,,,,,,,,,,-0.3095,,-0.1809,,,,,,,,,,-0.0168,-0.1407,,,,,,,,,,-0.0191,,,,,,,-0.0144,,-0.1087,,,,,-0.2397,,,,,,,,,,,,,,,,,,,,,,,,,,,,,,,,,,,,,,,,,,,,,,,,,,,,,,,,,,,
A,GLY,143,,,,-0.4277,,,-0.6429,-0.6992,-0.2283,-0.8895,,-0.7797,-0.5308,-0.9057,,-0.4524,,-0.0103,,-0.2921,-0.4660,,,,-0.5279,-0.6822,,-0.1045,,,,-0.4094,-0.2701,-0.7750,,-0.5058,,,,-0.2952,,-0.2051,,,-0.2467,,-0.5739,-0.6104,-0.7107,,,,,,,,-0.5452,-0.4471,,,,,-0.6964,-0.4239,-0.6230,,-0.5393,,,,,,,,-0.4548,,,-0.4042,-0.4323,-0.5498,,,,,-0.3918,-0.6814,-0.1725,-0.0072,,,,,-0.3857,,,-0.4222,,,,,,,,-0.4468,,,,,,,,,,,,,,-0.7651,,-0.1488,,,-0.4524,,,,,,,-0.4371,,,,-0.1611,-0.5012,,,,,,,,,-0.1741,,,,,,-0.2390,,,,-0.4794,-0.5175,,,-0.5728,,,,,-0.1542,,-0.2502,,,,,-0.4211,-0.6136,,,,,,,,,-0.3830,,,,,-0.2449,,,,,,,,,,,,,,,,,,-0.0662,,,,,,,-0.1284,,,,,,,,,,,,,,,,,,,,,,-0.5023,,,,,,,,,,,,,,,,,,,,,-0.0236,,,,,,,,,,,,,,,,,,,,,,,,,,,,,,,,,,,,,,,,,,,,,,,,,,,,,,,,,,,,,,,,,,,,,,,,,
A,SER,144,-0.3410,-0.2395,,-0.3216,-0.1459,-0.1295,,-0.0271,-0.2460,-0.0470,-0.2118,-0.1981,,-0.1981,-0.5874,,,,,,,,,,,,,-0.3359,,,-0.1881,,,-0.3497,,-0.1210,,,,,-0.2667,,,,,,,,-0.2269,,,,,,,-0.2925,,,,,,,,,,,,-0.2341,-0.5874,,-0.3211,,,,-0.0145,,,,,,,-0.3285,,,,-0.3497,-0.3965,-0.7447,,,,,,,,,,,,-0.4514,-0.2395,-0.4358,,,,,,,,,,-0.2341,,,,,-0.2951,-0.1893,,-0.2059,,-0.3965,,,,,,,,,,,,,,,,,,,,,,-0.3778,,,,,,,,,,,,,,,,,,,,,,,,,,,,,,,,,,,,,,,,,,,,,,,,,,,,-0.0652,,,,,,,,,,,,,,,,,,,,,,,,,,,,,,,,,,,,,,,,,,,,,,,,,,,,,,,,,,,,,,,,,,,,,,,,,,,,,,,,,,,,,,,,,,,,,,,,,,,,,,,,,,,,,,,,,,,,,,,,,,,,,,,,,,
A,CYS,145,,,,,,,-0.1608,-0.2447,,-0.0325,,-0.3338,,-0.3338,-0.1783,,,,,,,,,,,,,-0.2268,,,,,,-0.3254,,-0.2372,,,,,,,,,,,,,-0.3377,,,,,,,,,,,,,,,,-0.2777,,,,,,,,,,-0.1906,,,,,,,,,,,-0.3254,-0.1111,-0.1883,,,,,,,,-0.1434,,,,,,,,-0.2245,,,,,,,,,,,,,,-0.2104,,-0.1336,,,,,,,,,,,,,,,,,,,,,,,,-0.0661,,,,,,,,,,,,,,,,,,,,,,,,,,,,,,,,,,,,,,,,,,,,,,,,,,,,,,,,,,,,,,,,,,,,,,,,,,,,,,,,,,,,,,,,,,,,,,,,,,,,,,,,,,,,,,,,,,,,,,,,,,,,,,,,,,,,,,,,,,,,,,,,,,,,,,,,,,,,,,,,,,,,,,,,,,,,,,,,,,,,,,
A,GLY,146,,,,,,,,,,,,,,,,,,,,,,,,,,,,,,,,,,,,,,,,,,,,,,,,,,,,,,,,,,,,,,,,,,,,,,,,,,,,,,,,,,,,,,,,,,,,,,,,,,,,,,,,,,,,,,,,,,,,,,,,,,,,,,,,,,,,,,,,,,,,,,,,,,,,,,,,,,,,,,,,,,,,,,,,,,,,,,,,,,,,,,,,,,,,,,,,,,,,,,,,,,,,,,,,,,,,,,,,,,,,,,,,,,,,,,,,,,,,,,,,,,,,,,,,,,,,,,,,,,,,,,,,,,,,,,,,,,,,,,,,,,,,,,,,,,,,,,,,,,,,,,,,,,,,,,,,,,,,,,,,,,,,,,
A,SER,147,,,,,,,,,,,,,,,,,,,,,,,,,,,,,,,,,,,,,,,,,,,,,,,,,,,,,,,,,,,,,,,,,,,,,,,,,,,,,,,,,,,,,,,,,,,,,,,,,,,,,,,,,,,,,,,,,,,,,,,,,,,,,,,,,,,,,,,,,,,,,,,,,,,,,,,,,,,,,,,,,,,,,,,,,,,,,,,,,,,,,,,,,,,,,,,,,,,,,,,,,,,,,,,,,,,,,,,,,,,,,,,,,,,,,,,,,,,,,,,,,,,,,,,,,,,,,,,,,,,,,,,,,,,,,,,,,,,,,,,,,,,,,,,,,,,,,,,,,,,,,,,,,,,,,,,,,,,,,,,,,,,,,,
A,TYR,161,,,,,,,,,,,,,,,,,,,,,,,,,,,,,,,,,,,,,,,,,,,,,,,,,,,,,,,,,,,,,,,,,,,,,,,,,,,,,,,,,,,,,,,,,,,,,,,,,,,,,,,,,,,,,,,,,,,,,,,,,,,,,,,,,,,,,,,,,,,,,,,,,,,,,,,,,,,,,,,,,,,,,,,,,,,,,,,,,,,,,,,,,,,,,,,,,,,,,,,,,,,,,,,,,,,,,,,,,,,,,,,,,,,,,,,,,,,,,,,,,,,,,,,,,,,,,,,,,,,,,,,,,,,,,,,,,,,,,,,,,,,,,,,,,,,,,,,,,,,,,,,,,,,,,,,,,,,,,,,,,,,,,,
A,HIS,163,-0.6047,-0.7539,-0.4333,-0.7047,-0.6507,-0.4501,,-0.4711,-0.6990,,-0.4595,,,,-0.3102,-0.4371,-0.4579,-0.5220,,,,-0.4617,-0.4540,-0.4540,-0.4579,,-0.3464,,-0.2396,-0.3836,-0.4380,-0.3573,-0.5874,,,,,,,-0.2465,-0.3602,,-0.4333,,,-0.2204,-0.4085,,,-0.4280,,,-0.2957,,-0.4041,-0.4646,,,-0.4795,,,,,,,,,-0.3824,-0.5874,,-0.3965,,-0.5285,,,,,,,,,-0.3485,-0.4340,,,,,,,,-0.2426,,,,,,,,,-0.7966,-0.3151,-0.5122,-0.3287,,-0.5607,,-0.3955,-0.1304,,,,-0.3824,-0.3050,,,,-0.7589,,-0.4200,,,-0.4716,,,,,,,,,-0.3130,,,,,,-0.3774,,,-0.0953,,,,,,-0.8095,,,,,,,,,,,-0.3181,,,,,,,,,,,,,,,,,,,,-0.5874,,,,,,,,,,,,,,,,-0.4829,,,-0.1679,,,,,,,,,,,,,,,,,,,,,,,,,,,,,,,,,,,,,,,,,,,,,,,,,,,,,,,,,,,,,,,,-0.3129,,,,,,,,,,,,,,,,,,,,,,,,,,,,,,,,,,,,,,,,,,,,,,,,,,,,,,,,,,,,,,,,,,
A,HIS,164,,,,,,,,,,,,,,,,,,,,,,,,,,,,,,,,,,,,,,,,,,,,,,,,,,,,,,,,,,,,,,,,,,,,,,,,,,,,,,,,,,,,,,,,,,,,,,,,,,,,,,,,,,,,,,,,,,,,,,,,,,,,,,,,,,,,,,,,,,,,,,,,,,,,,,,,,,,,,,,,,,,,,,,,,,,,,,,,,,,,,,,,,,,,,,,,,,,,,,,,,,,,,,,,,,,,,,,,,,,,,,,,,,,,,,,,,,,,,,,,,,,,,,,,,,,,,,,,,,,,,,,,,,,,,,,,,,,,,,,,,,,,,,,,,,,,,,,,,,,,,,,,,,,,,,,,,,,,,,,,,,,,,,
A,MET,165,-0.0591,-0.0628,-0.0701,-0.0437,-0.0235,,-0.0245,-0.0203,-0.0070,,,-0.0289,-0.0351,-0.0351,-0.0172,,-0.0701,,-0.0472,-0.0351,-0.0670,,-0.0701,-0.0701,-0.0151,-0.0133,-0.0640,,-0.0701,-0.0451,,,,-0.0392,-0.0701,-0.0292,-0.0701,-0.0651,-0.0701,,,-0.0351,-0.0701,-0.0701,-0.0281,-0.0701,,-0.0078,,-0.0701,-0.0701,-0.0502,,-0.0322,,,,-0.0178,-0.0701,,,-0.0061,-0.0290,-0.0439,,-0.0701,-0.0177,-0.0545,,-0.0174,-0.0230,-0.0701,,-0.0134,,-0.0086,-0.0647,-0.0351,,-0.0340,-0.0641,,-0.0701,-0.0668,,-0.0241,,,-0.0701,-0.0399,,-0.0701,,-0.0701,-0.0701,,,-0.0068,-0.0440,-0.0590,,,-0.0661,,,-0.0374,,,-0.0701,-0.0642,,,,,,,-0.0598,-0.0021,-0.0372,,-0.0701,,,,,-0.0696,-0.0701,,,-0.0351,-0.0600,-0.0292,-0.0701,,,,-0.0232,-0.0701,,-0.0046,,,,,,-0.1249,-0.0701,,,,,,-0.0629,,,-0.0701,,-0.0046,-0.0701,-0.0319,-0.0351,,-0.0312,,-0.0246,,,,-0.0290,,,,-0.0373,,,-0.0701,,-0.0701,-0.0299,-0.0180,,,-0.0701,-0.0278,,,-0.0061,,,-0.0701,,,,,,,-0.0172,,,-0.0701,,,,-0.0698,,-0.0351,,-0.0037,-0.0701,,-0.0701,-0.0277,,,-0.0132,,-0.0070,,-0.0701,,,,,,,,,-0.0351,,-0.0351,,,-0.0680,-0.0701,-0.0285,-0.0089,,-0.0190,,,,,,,,,,,,,-0.0146,,,,,,,,,,,,,,,-0.0223,,,,,,,,-0.0701,,,,,,-0.0298,,,,,,,,,,-0.0064,,,,,,,,,,,,,,,,,,,,,,,,,,,,,,,,,,,,
A,GLU,166,-0.3316,-0.3287,-0.3318,-0.2176,-0.4450,-0.1629,,-0.1709,-0.2176,-0.5985,-0.0953,,,-0.2504,,-0.4284,-0.3345,-0.3211,-0.3094,,,-0.4106,-0.4237,-0.0351,-0.3468,-0.3321,-0.2998,-0.5227,-0.3729,-0.2559,-0.7178,-0.3094,-0.4110,,,,,,-0.4045,-0.2463,-0.8833,-0.1243,-0.0491,-0.0038,-0.5111,-0.2985,-0.3107,-0.5895,-0.0769,-0.4246,-0.4776,-0.4211,-0.3076,-0.5510,,-0.2313,-0.5778,-0.7377,-0.1822,-0.3555,-0.4589,-0.4616,-0.5053,-0.3283,-0.5874,,-0.0169,,,-0.2694,-0.0988,,-0.4651,-0.0849,-0.5404,,-0.2871,-0.3577,-0.5874,,-0.0201,-0.1265,-0.2513,-0.2474,-0.3006,-0.0945,-0.3147,,,-0.2722,-0.1299,-0.0324,,-0.4870,,,,-0.5847,-0.4771,-0.2623,-0.2758,-0.1935,-0.0286,,-0.3075,-0.0012,-0.2615,-0.1540,-0.0253,,,-0.0539,-0.8134,-0.5699,,-0.6625,-0.3930,-0.0675,-0.2936,-0.1176,,,,-0.4294,-0.5890,,-0.0038,,-0.3748,,-0.0796,,-0.0222,,,-0.5782,-0.3732,,,-0.2198,-0.4906,-0.3411,-0.5704,,,-0.0827,,,-0.0001,,,-0.4998,,,-0.2280,,,-0.0410,,-0.4609,-0.3556,-0.4794,-0.5874,,-0.0906,-0.0146,-0.5833,-0.4934,-0.0728,,,,-0.0942,-0.5715,,-0.0476,-0.1134,-0.0049,,,-0.4415,-0.4392,-0.0125,-0.0128,,,-0.0721,-0.0453,,,,-0.3925,-0.0919,-0.5874,-0.1055,-0.2582,-0.4259,-0.0835,-0.5389,-0.0031,-0.1084,-0.4163,,-0.0573,-0.0521,,,-0.0814,-0.0320,,,-0.0818,-0.0285,,,-0.5453,-0.0798,-0.6523,,-0.0657,-0.0677,-0.0500,-0.3148,-0.0575,-0.0262,-0.5129,-0.0844,-0.0603,,-0.0514,-0.4958,,-0.0193,-0.0300,-0.0574,-0.0102,,,-0.5515,-0.3244,-0.0776,,,-0.3328,-0.3842,-0.0159,,-0.0626,,-0.0634,-0.1045,-0.0718,-0.1582,,,-0.0719,-0.5318,-0.1092,,-0.0108,-0.0064,,,,-0.0884,-0.0742,-0.0407,-0.5453,-0.5322,,,,-0.0543,-0.0264,-0.2641,-0.0148,,,-0.0386,-0.0899,,-0.0252,-0.0132,-0.0016,-0.2053,-0.0446,-0.4715,,,-0.0618,-0.0232,,,,,-0.1354,-0.0905,-0.0659,,-0.0758,-0.0655,-0.0873,,-0.0126,,-0.0334,,,,-0.0136,-0.0010,,-0.0289,,,,,,-0.0571,-0.0123,,,,,,
A,LEU,167,,,,,,,,,,,,,,,,,,,,,,,,,,,,,,,,,,,,,,,,,,,,,,,,,,,,,,,,,,,,,,,,,,,,,,,,,,,,,,,,,,,,,,,,,,,,,,,,,,,-0.0120,,,,,,,,,,,-0.0009,,,,,,,,,,,,,,,,,,,,,,,,,,,,,,,,,,,,,,,,,,,,,,,,,,,,,,,,,,,,,,,,,,,,,,,,,,,,,,,,,,,,,,,,,,,,,,,,,,,,,,,,,,,,,,,,,,,,,,,,,,,,,,,,,,,,,,,,,,,,,,,,,,,,,,,,,,,,,,,,,,,,,,,,,,,,,,,,,,,,,,,,,,,,,,,,,,,,,,,,,,,,,,,,,,,,,,,,
A,PRO,168,,,,,,,,,,,,,,,,,,,,,,,,,,,,,,,,,,,,,,,,,,,,,,,,,,,,,,,,,,,,,,,,,,,,,,,,,,,,,,,,,,,,,,,,,,,,,,,,,,,,,,,,,,,,,,,,,,,,-0.0484,,,,,,,,,,,,,,,,,,,,,,,,,,,,,,,,,,,,,,,,,,,,,,,,,,-0.0827,,,,,,-0.0485,,,-0.1274,,,,,,,,,,,,,,,,-0.1163,,,,,,,,-0.0679,,-0.0629,,,,,,,,,,,,-0.1253,-0.0939,,,,,,-0.0976,,-0.0955,,,,,-0.0648,,,,,,,,,,-0.0425,,,,-0.0638,,,,,-0.1373,-0.0335,,,,,,,-0.0320,,-0.0064,,,,,,,,-0.0040,,,,,,,,,-0.0594,,,-0.0992,-0.0208,,,,,,,,,-0.0604,,,,,,,,,,,,-0.0061,-0.1240,,-0.0514,,,,,,,,,,,,,-0.0061,,-0.0092,,,,,,,,,,
A,THR,169,,,,,,,,,,,,,,,,,,,,,,,,,,,,,,,,,,,,,,,,,,,,,,,,,,,,,,,,,,,,,,,,,,,,,,,,,,,,,,,,,,,,,,,,,,,,,,,,,,,,,,,,,,,,,,,,,,,,,,,,,,,,,,,,,,,,,,,,,,,,,,,,,,,,,,,,,,,,,,,,,,,,,,,,,,,,,,,,,,,,,,,,,,,,,,,,,,,,,,,,,,,,,,,,,,,,,,,,,,,,,,,,,,,,,,,,,,,,,,,,,,,,,,,,,,,,,,,,,,,,,,,,,,,,,,,,,,,,,,,,,,,,,,,,,,,,,,,,,,,,,,,,,,,,,,,,,,,,,,,,,,,,,,
A,GLY,170,,,,,,,,,,,,,,,,,,,,,,,,,,,,,,,,,,,,,,,,,,,,,,,,,,,,,,,,,,,,,,,,,,,,,,,,,,,,,,,,,,,,,,,,,,,,,,,,,,,,,,,,,,,,,,,,,,,,,,,,,,,,,,,,,,,,,,,,,,,,,,,,,,,,,,,,,,,,,,,,,,,,,,,,,,,,,,,,,,,,,,,,,,,,,,,,,,,,,,,,,,,,,,,,,,,,,,,,,,,,,,,,,,,,,,,,,,,,,,,,,,,,,,,,,,,,,,,,,,,,,,,,,,,,,,,,,,,,,,,,,,,,,,,,,,,,,,,,,,,,,,,,,,,,,,,,,,,,,,,,,,,,,,
A,VAL,171,,,,,,,,,,,,,,,,,,,,,,,,,,,,,,,,,,,,,,,,,,,,,,,,,,,,,,,,,,,,,,,,,,,,,,,,,,,,,,,,,,,,,,,,,,,,,,,,,,,,,,,,,,,,,,,,,,,,,,,,,,,,,,,,,,,,,,,,,,,,,,,,,,,,,,,,,,,,,,,,,,,,,,,,,,,,,,,,,,,,,,,,,,,,,,,,,,,,,,,,,,,,,,,,,,,,,,,,,,,,,,,,,,,,,,,,,,,,,,,,,,,,,,,,,,,,,,,,,,,,,,,,,,,,,,,,,,,,,,,,,,,,,,,,,,,,,,,,,,,,,,,,,,,,,,,,,,,,,,,,,,,,,,
A,HIS,172,,,,,,,,,,,,,,,,,,,,,,,,,,,,,,,,,,,,,,,,,,,,,,,,,,,,,,,,,,,,,,,,,,,,,,,,,,,,,,,,,,,,,,,,,,,,,,,,,,,,,,,,,,,,,,,,,,,,,,,,,,,,,,,,,,,,,,,,,,,,,,,,,,,,,,,,,,,,,,,,,,,,,,,,,,,,,,,,,,,,,,,,,,,,,,,,,,,,,,,,,,,,,,,,,,,,,,,,,,,,,,,,,,,,,,,,,,,,,,,,,,,,,,,,,,,,,,,,,,,,,,,,,,,,,,,,,,,,,,,,,,,,,,,,,,,,,,,,,,,,,,,,,,,,,,,,,,,,,,,,,,,,,,
A,ALA,173,,,,,,,,,,,,,,,,,,,,,,,,,,,,,,,,,,,,,,,,,,,,,,,,,,,,,,,,,,,,,,,,,,,,,,,,,,,,,,,,,,,,,,,,,,,,,,,,,,,,,,,,,,,,,,,,,,,,,,,,,,,,,,,,,,,,,,,,,,,,,,,,,,,,,,,,,,,,,,,,,,,,,,,,,,,,,,,,,,,,,,,,,,,,,,,,,,,,,,,,,,,,,,,,,,,,,,,,,,,,,,,,,,,,,,,,,,,,,,,,,,,,,,,,,,,,,,,,,,,,,,,,,,,,,,,,,,,,,,,,,,,,,,,,,,,,,,,,,,,,,,,,,,,,,,,,,,,,,,,,,,,,,,
A,PHE,181,,,,,,,,,,,,,,,,,,,,,,,,,,,,,,,,,,,,,,,,,,,,,,,,,,,,,,,,,,,,,,,,,,,,,,,,,,,,,,,,,,,,,,,,,,,,,,,,,,,,,,,,,,,,,,,,,,,,,,,,,,,,,,,,,,,,,,,,,,,,,,,,,,,,,,,,,,,,,,,,,,,,,,,,,,,,,,,,,,,,,,,,,,,,,,,,,,,,,,,,,,,,,,,,,,,,,,,,,,,,,,,,,,,,,,,,,,,,,,,,,,,,,,,,,,,,,,,,,,,,,,,,,,,,,,,,,,,,,,,,,,,,,,,,,,,,,,,,,,,,,,,,,,,,,,,,,,,,,,,,,,,,,,
A,PHE,185,,,,,,,,,,,,,,,,,,,,,,,,,,,,,,,,,,,,,,,,,,,,,,,,,,,,,,,,,,,,,,,,,,,,,,,,,,,,,,,,,,,,,,,,,,,,,,,,,,,,,,,,,,,,,,,,,,,,,,,,,,,,,,,,,,,,,,,,,,,,,,,,,,,,,,,,,,,,,,,,,,,,,,,,,,,,,,,,,,,,,,,,,,,,,,,,,,,,,,,,,,,,,,,,,,,,,,,,,,,,,,,,,,,,,,,,,,,,,,,,,,,,,,,,,,,,,,,,,,,,,,,,,,,,,,,,,,,,,,,,,,,,,,,,,,,,,,,,,,,,,,,,,,,,,,,,,,,,,,,,,,,,,,
A,VAL,186,,,,,,,,,,,,,,,,,,,,,,,,,,,,,,,,,,,,,,,,,,,,,,,,,,,,,,,,,,,,,,,,,,,,,,,,,,,,,,,,,,,,,,,,,,,,,,,,,,,,,,,,,,,,,,,,,,,,,,,,,,,,,,,,,,,,,,,,,,,,,,,,,,,,,,,,,,,,,,,,,,,,,,,,,,,,,,,,,,,,,,,,,,,,,,,,,,,,,,,,,,,,,,,,,,,,,,,,,,,,,,,,,,,,,,,,,,,,,,,,,,,,,,,,,,,,,,,,,,,,,,,,,,,,,,,,,,,,,,,,,,,,,,,,,,,,,,,,,,,,,,,,,,,,,,,,,,,,,,,,,,,,,,
A,ASP,187,,,,,,,,,,,,,,,,,,,,,,,,,,,,,,,,,,,,,,,,,,,,,,,,,,,,,,,,,,,,,,,,,,,,,,,,,,,,,,,,,,,,,,,,,,,,,,,,,,,,,,,,,,,,,,,,,,,,,,,,,,,,,,,,,,,,,,,,,,,,,,,,,,,,,,,,,,,,,,,,,,,,,,,,,,,,,,,,,,,,,,,,,,,,,,,,,,,,,,,,,,,,,,,,,,,,,,,,,,,,,,,,,,,,,,,,,,,,,,,,,,,,,,,,,,,,,,,,,,,,,,,,,,,,,,,,,,,,,,,,,,,,,,,,,,,,,,,,,,,,,,,,,,,,,,,,,,,,,,,,,,,,,,
A,ARG,188,-0.2770,-0.2667,,,,,-0.2770,,,,,-0.2625,-0.3191,,,,,,,-0.1046,-0.3600,,,,,,,,,,,,,,-0.1805,,-0.3600,,-0.0065,,,,,-0.3600,,,,,,,,-0.2292,,,,,,,,,,,,,,,,,,,,,,,,,-0.1764,,,,,,,,,,,,,,,,,,-0.3066,,,,,,,,,,,,,,,,,,,,,,,,,,-0.0274,,,,,,-0.3600,,,,,,,,,,,,,,,,,,,,,,,,,,-0.2231,,,,,,,,,,,,,,,,,,,,,,,,,,,,,,,,,,,,,,,,,,,,,,,,,,,,,-0.3625,,,,,,,,,,,,,,,,,,,,,,,,,,,,,,,,,,,,,,,,,,,,,,,,,,,,,,,,,,,,,,,,,,,,,,,,,,,,,,,,,,,,,,,,,,,,,,,,,,,,,,,,,,,,,,,,,,,,,,,,
A,GLN,189,,-0.0113,-0.0358,,,,-0.0111,,,,,-0.0116,-0.0004,,,,-0.0423,,,-0.0098,,,-0.0396,,,,-0.0156,,-0.0476,,,,,,-0.2549,,-0.1209,-0.2448,-0.0518,,,,-0.0095,-0.0922,-0.0016,-0.0678,,,,-0.0426,-0.1278,,,,,,,-0.0215,-0.0094,,,,-0.0099,,,-0.1005,,-0.0040,,,,-0.1072,,,,,-0.1103,,,,-0.0327,,-0.0562,,,,,,-0.1278,-0.1403,,-0.0451,,-0.1347,-0.3901,,,-0.1191,-0.0966,,,,-0.0194,,,,,,-0.0181,-0.1122,,,,,,,,,,,-0.1308,,,-0.3028,,-0.0417,-0.0922,,,,-0.0211,-0.1257,,,,-0.0465,,-0.1102,,-0.0023,,,,,,,-0.3486,,,,,,-0.0851,,,-0.0284,,,-0.0567,,-0.1146,,,,,,,,,,,,-0.3572,,,,,-0.1048,,,-0.1356,,-0.0397,-0.0198,,-0.0733,-0.0014,,,-0.1013,,-0.0368,,,,,-0.0097,,,-0.0876,,,,,,-0.0063,,,,,-0.0654,,,-0.1524,-0.1403,,,,-0.0311,,,,-0.6642,,-0.0986,,,,,,-0.0701,,-0.0844,-0.0357,-0.1208,-0.0842,-0.0205,-0.0033,,,,,,-0.0069,,-0.1892,-0.0607,-0.3387,,,,,,-0.5122,-0.1030,,,,-0.0631,,-0.0031,,,-0.2572,,-0.1804,,,,,-0.5697,-0.0527,,-0.0324,,,-0.6202,-0.0631,,,-0.0405,-0.0090,,,,,-0.0118,,-0.0066,-0.0136,,-0.0634,-0.0773,-0.4364,-0.5391,-0.1499,-0.1916,,,,,,,,,,,,-0.2422,,,-0.0489,,,-0.4476,-0.0543,,-0.5194,,,,,,,,
A,THR,190,,,,,,,,,,,,,,,,,,,,,,,-0.0162,,,,,,,,,,,,,,,,,,,,,,,,,,,,,,,,,,,,,,,,,,,,,,,,,,,,,,,,,,,,,,,,,,,,,,,,,,,,,,,,,,,,,,,,,,,,,,,,,,,,,,,,,,,,,,,,,,,,,,,,,,,,,,,,,,,,,,,,,,,,,,,,,,,,,-0.0186,,,,,,,,,,,,,,,,,,,,,,,,,,,,,,,,,,,,,,,,,,,,,,,,,,-0.1032,,,,,,,,,,,,,,,-0.1321,,,,,,,,,,,,-0.1929,,,,,,,,,,,,,,,,,,,,,,,-0.0225,,,,,,,,,,,,,,,,,,,,,,,,,,,,,,,,,,,,,,,,,,,,,,,,,,,,,,
A,ALA,191,,,,,,,,,,,,,,,,,,,,,,,,,,,,,,,,,,,,,,,,,,,,,,,,,,,,,,,,,,,,,,,,,,,,,,,,,,,,,,,,,,,,,,,,,,,,,,,,,,,,,,,,,,,,,,,,,,,,,,,,,,,,,,,,,,,,,,,,,,,,,,,,,,,,,,,,,,,,,,,,,,,,,,,,,,,,,,,,,,,,,,,,,,,,,,,,,,,,,,,,,,,,,,,,,,,,,,-0.0233,,,,,,,,,,,,,,,,,,,,,,,,,,,,,,,,,-0.2551,,,,,,,,,,,,,,,,,,,,,,,,,,,,,,,,,,,,,,,,,,,,,,,,,,,,,,,,,,,,,,,,,,,,,,,,,,,,,,,
A,GLN,192,,,,,,,,,,,,,,,,,,,,,,,,,,,,,,,,,,,,,,,,,,,,,,,,,,,,,,,,,,,,,,,,,,,,,,,,,,,,,,,,,,,,,,,,,,,,,,,,,,,-0.0028,,,,,,,,,,,,,,,,,,,,,,,,,,,,,,,,,,,,,,,,,,,,,,,,,,,,,,,,,,,,,,,,,,,,,,,,,,,,,,,,,,,,,,,,,,,,,,,,,,,,,-0.0569,,,,,,,,,,,,,,,,,,,,,,,,,,,,,,,,,,,,,,,,,,,,,,,,,,,,,,,,,,,,,,,,,,,,,,,,,,,,,,,,,,,,,,,,,,,,,,,,,,,,,,,,,,,,,,,,,,,,,,,,,,,,,,
A,ALA,193,,,,,,,,,,,,,,,,,,,,,,,,,,,,,,,,,,,,,,,,,,,,,,,,,,,,,,,,,,,,,,,,,,,,,,,,,,,,,,,,,,,,,,,,,,,,,,,,,,,,,,,,,,,,,,,,,,,,,,,,,,,,,,,,,,,,,,,,,,,,,,,,,,,,,,,,,,,,,,,,,,,,,,,,,,,,,,,,,,,,,,,,,,,,,,,,,,,,,,,,,,,,,,,,,,,,,,,,,,,,,,,,,,,,,,,,,,,,,,,,,,,,,,,,,,,,,,,,,,,,,,,,,,,,,,,,,,,,,,,,,,,,,,,,,,,,,,,,,,,,,,,,,,,,,,,,,,,,,,,,,,,,,,

Intra-Ligand Free,,,-0.1886,-0.1271,-0.1776,-0.2682,-0.2164,-0.3087,-0.1763,-0.3434,-0.3202,-0.3166,-0.2780,-0.2399,-0.3451,-0.2323,-0.2612,-0.2638,-0.2143,-0.1758,-0.2788,-0.3521,-0.2544,-0.2159,-0.1236,-0.2744,-0.2535,-0.2884,-0.1638,-0.5183,-0.1438,-0.1897,-0.3398,-0.2333,-0.3205,0.0100,-0.2938,-0.3250,-0.1938,-0.1546,-0.2655,-0.1512,-0.5366,-0.2618,-0.1710,-0.1637,-0.2648,-0.1559,-0.2747,-0.1178,-0.2942,-0.2304,-0.3263,-0.2948,-0.2713,-0.3771,-0.1876,-0.5050,-0.1266,-0.2300,-0.2925,-0.6054,-0.4042,-0.2135,-0.2202,-0.3146,-0.1195,-0.1875,-0.3850,-0.2465,-0.4519,-0.2916,-0.2135,-0.2972,-0.3494,-0.4935,-0.1763,-0.2163,-0.2570,-0.2332,-0.2977,-0.2535,-0.1886,-0.2680,-0.3396,-0.3761,-0.2315,-0.3560,-0.4939,-0.1678,-0.1634,-0.2277,-0.2470,-0.1939,-0.1860,-0.3347,-0.0428,-0.1970,-0.2746,-0.5079,-0.4580,-0.2576,-0.3296,-0.2117,-0.2112,-0.3056,-0.2161,-0.1591,-0.2407,-0.1027,-0.1911,-0.5064,-0.2621,-0.3513,-0.3658,-0.3071,-0.3204,-0.4383,0.1708,-0.2106,-0.3983,-0.1637,-0.2536,-0.2717,-0.4198,-0.2887,-0.2380,-0.1879,0.5508,-0.3437,-0.1160,-0.2727,-0.1318,-0.1909,-0.2739,-0.2561,-0.4334,-0.3734,-0.2101,-0.2004,-0.2669,-0.3840,-0.4828,0.1524,-0.1724,-0.3594,-0.2283,-0.2420,-0.2205,-0.3656,-0.3210,-0.2119,-0.3924,-0.1778,-0.1448,-0.3070,-0.1982,-0.0862,-0.2937,-0.2709,-0.3404,-0.1617,-0.3774,-0.3572,-0.2191,-0.2392,-0.2446,-0.3543,-0.2927,-0.0869,-0.1885,-0.1275,-0.2003,-0.2685,-0.1857,-0.2076,-0.3519,-0.2062,0.1464,-0.1843,-0.2594,-0.1876,-0.3777,-0.1681,-0.3187,-0.2442,-0.3296,-0.4477,-0.3214,-0.1850,-0.2326,-0.2224,-0.4475,-0.4019,-0.2963,-0.1457,-0.1702,-0.0563,-0.4035,-0.2522,-0.2304,-0.2133,-0.1841,-0.2754,-0.2702,-0.2607,-0.2949,-0.3560,-0.2099,-0.2050,0.2323,-0.2349,-0.3458,-0.2036,-0.3362,-0.3002,-0.2381,-0.2352,-0.2872,-0.2693,-0.3114,-0.1513,-0.2771,-0.1455,-0.2248,-0.2792,-0.3958,-0.1512,-0.2569,-0.2455,-0.3434,-0.2455,-0.3371,-0.2628,-0.2283,-0.2250,-0.2773,-0.2201,-0.3994,-0.1842,-0.2113,-0.2000,0.0874,-0.2627,-0.0127,-0.1501,-0.2441,-0.3886,-0.3133,-0.4099,-0.1065,-0.3064,0.0226,-0.1583,0.8637,-0.3985,-0.2229,-0.1883,-0.3178,-0.0053,-0.2234,0.2034,-0.2165,-0.2474,-0.1657,-0.2724,-0.1954,-0.2928,-0.2841,-0.1975,-0.2071,-0.3085,-0.4002,0.0235,-0.2266,0.3159,-0.3121,-0.0947,-0.0848,-0.2029,-0.1938,-0.2028,-0.2025,-0.3833,-0.4713,-0.1722,-0.2794,-0.1179,-0.2539,-0.2608,-0.3549,-0.0911,-0.2709,0.2154,-0.4158,-0.3025,-0.2590,-0.3281,-0.2293,-0.1804,-0.3558,-0.3391,-0.3036,0.0597,-0.2226,-0.4400,-0.3736,-0.1156,-0.1884,-0.3047,-0.3079,0.4196,-0.2881,0.3791,-0.0032,-0.1927,-0.2490,-0.1693,-0.2568,-0.3435,-0.3269,-0.2077,-0.2618,0.5430,0.4884,-0.2128,-0.2480,0.8621
Inter-Ligand Free,,,-6.6690,-6.6035,-6.4499,-6.1091,-6.1168,-5.9881,-6.1079,-5.9281,-5.9511,-5.9047,-5.9219,-5.9300,-5.8010,-5.8891,-5.8581,-5.8317,-5.8534,-5.8889,-5.7155,-5.6225,-5.7188,-5.7354,-5.8252,-5.6514,-5.6598,-5.6138,-5.7384,-5.3195,-5.6778,-5.6175,-5.4426,-5.5177,-5.4137,-5.7195,-5.3904,-5.3571,-5.4744,-5.4941,-5.3821,-5.4409,-5.0360,-5.2960,-5.3448,-5.3164,-5.2050,-5.3075,-5.1868,-5.3215,-5.1364,-5.1834,-5.0855,-5.1159,-5.1252,-5.0161,-5.1766,-4.7685,-5.1223,-5.0170,-4.9204,-4.5910,-4.7919,-4.9659,-4.9567,-4.8519,-5.0348,-4.9657,-4.7581,-4.8955,-4.6890,-4.8225,-4.8970,-4.7890,-4.7335,-4.5815,-4.8986,-4.8239,-4.7794,-4.7781,-4.7042,-4.7253,-4.7839,-4.6687,-4.5747,-4.5172,-4.6590,-4.5276,-4.3810,-4.7062,-4.7019,-4.6248,-4.5979,-4.6477,-4.6543,-4.4931,-4.7806,-4.6172,-4.5322,-4.2940,-4.3392,-4.5292,-4.4523,-4.5587,-4.5476,-4.4237,-4.5060,-4.5622,-4.4471,-4.5797,-4.4767,-4.1557,-4.3987,-4.3050,-4.2890,-4.3434,-4.3296,-4.1983,-4.8030,-4.3888,-4.1977,-4.4322,-4.3142,-4.2909,-4.1238,-4.2475,-4.2958,-4.3367,-5.0725,-4.1682,-4.3872,-4.2253,-4.3658,-4.3050,-4.2127,-4.2297,-4.0237,-4.0556,-4.2079,-4.1909,-4.1182,-3.9939,-3.8913,-4.5137,-4.1842,-3.9864,-4.0852,-4.0612,-4.0512,-3.8749,-3.9187,-4.0181,-3.8320,-4.0459,-4.0562,-3.8852,-3.9904,-4.1013,-3.8673,-3.8842,-3.7909,-3.9452,-3.7256,-3.7351,-3.8666,-3.8310,-3.8141,-3.6945,-3.7443,-3.9421,-3.8298,-3.8842,-3.8084,-3.7140,-3.7746,-3.7524,-3.6057,-3.7414,-4.0842,-3.7494,-3.6727,-3.7373,-3.5309,-3.7088,-3.5530,-3.6087,-3.5159,-3.3847,-3.5097,-3.6454,-3.5967,-3.6066,-3.3813,-3.4266,-3.5235,-3.6598,-3.6186,-3.7088,-3.3572,-3.4816,-3.4990,-3.5132,-3.5048,-3.4000,-3.3996,-3.4055,-3.3624,-3.2849,-3.4226,-3.4222,-3.8391,-3.3311,-3.2185,-3.3509,-3.2166,-3.2288,-3.2905,-3.2833,-3.2150,-3.2264,-3.1769,-3.3324,-3.1995,-3.3306,-3.2504,-3.1741,-3.0457,-3.2860,-3.1657,-3.1753,-3.0747,-3.1723,-3.0798,-3.1538,-3.1585,-3.1459,-3.0894,-3.1385,-2.9338,-3.1452,-3.1155,-3.0957,-3.3779,-3.0189,-3.2675,-3.1213,-2.9935,-2.8455,-2.9171,-2.8133,-3.0877,-2.8868,-3.2139,-3.0045,-4.0195,-2.7559,-2.9134,-2.9425,-2.8066,-3.1096,-2.8894,-3.3095,-2.8780,-2.8433,-2.9110,-2.7864,-2.8258,-2.6897,-2.6909,-2.7654,-2.7520,-2.6309,-2.5389,-2.9512,-2.6629,-3.2038,-2.5653,-2.7787,-2.7808,-2.6612,-2.6598,-2.6423,-2.6227,-2.4366,-2.3411,-2.6217,-2.5032,-2.6500,-2.5107,-2.4787,-2.3784,-2.6210,-2.4203,-2.9024,-2.2548,-2.3671,-2.3864,-2.3124,-2.3995,-2.4110,-2.2351,-2.1931,-2.2083,-2.4850,-2.1855,-1.9487,-1.9854,-2.2417,-2.1370,-1.9472,-1.8914,-2.5911,-1.8329,-2.4362,-1.9753,-1.7800,-1.6942,-1.7539,-1.6543,-1.4261,-1.3729,-1.4749,-1.3749,-1.8758,-1.3979,-0.6029,0.8698,8.2803
Total Free Energy,,,-6.8576,-6.7306,-6.6274,-6.3772,-6.3332,-6.2968,-6.2842,-6.2715,-6.2713,-6.2213,-6.1999,-6.1699,-6.1460,-6.1214,-6.1194,-6.0955,-6.0676,-6.0647,-5.9943,-5.9747,-5.9733,-5.9513,-5.9488,-5.9258,-5.9133,-5.9022,-5.9022,-5.8378,-5.8216,-5.8072,-5.7824,-5.7510,-5.7342,-5.7095,-5.6842,-5.6821,-5.6682,-5.6487,-5.6476,-5.5922,-5.5725,-5.5578,-5.5157,-5.4801,-5.4698,-5.4634,-5.4615,-5.4394,-5.4306,-5.4138,-5.4118,-5.4107,-5.3965,-5.3932,-5.3642,-5.2736,-5.2488,-5.2471,-5.2129,-5.1964,-5.1960,-5.1795,-5.1769,-5.1665,-5.1543,-5.1532,-5.1431,-5.1419,-5.1409,-5.1141,-5.1105,-5.0862,-5.0829,-5.0750,-5.0749,-5.0403,-5.0364,-5.0113,-5.0019,-4.9788,-4.9725,-4.9367,-4.9143,-4.8933,-4.8905,-4.8836,-4.8749,-4.8740,-4.8653,-4.8525,-4.8450,-4.8417,-4.8403,-4.8278,-4.8234,-4.8142,-4.8067,-4.8019,-4.7972,-4.7868,-4.7818,-4.7704,-4.7588,-4.7293,-4.7221,-4.7213,-4.6878,-4.6824,-4.6678,-4.6622,-4.6608,-4.6563,-4.6549,-4.6505,-4.6500,-4.6366,-4.6323,-4.5994,-4.5960,-4.5959,-4.5678,-4.5626,-4.5436,-4.5362,-4.5338,-4.5245,-4.5217,-4.5120,-4.5031,-4.4980,-4.4975,-4.4959,-4.4867,-4.4857,-4.4571,-4.4290,-4.4181,-4.3913,-4.3851,-4.3779,-4.3741,-4.3613,-4.3567,-4.3458,-4.3135,-4.3032,-4.2717,-4.2406,-4.2397,-4.2299,-4.2244,-4.2237,-4.2010,-4.1922,-4.1886,-4.1875,-4.1610,-4.1552,-4.1313,-4.1069,-4.1030,-4.0923,-4.0857,-4.0702,-4.0587,-4.0487,-4.0370,-4.0290,-4.0183,-4.0117,-4.0086,-3.9825,-3.9602,-3.9599,-3.9576,-3.9476,-3.9378,-3.9337,-3.9321,-3.9250,-3.9086,-3.8769,-3.8717,-3.8529,-3.8454,-3.8324,-3.8311,-3.8304,-3.8293,-3.8291,-3.8288,-3.8284,-3.8198,-3.8055,-3.7888,-3.7650,-3.7608,-3.7338,-3.7294,-3.7265,-3.6888,-3.6754,-3.6698,-3.6662,-3.6573,-3.6409,-3.6325,-3.6272,-3.6067,-3.5660,-3.5644,-3.5545,-3.5528,-3.5291,-3.5286,-3.5185,-3.5021,-3.4958,-3.4883,-3.4837,-3.4766,-3.4762,-3.4752,-3.4533,-3.4415,-3.4372,-3.4226,-3.4208,-3.4181,-3.4178,-3.4169,-3.4166,-3.3868,-3.3709,-3.3667,-3.3586,-3.3332,-3.3295,-3.3268,-3.2957,-3.2904,-3.2816,-3.2802,-3.2714,-3.2375,-3.2341,-3.2304,-3.2232,-3.1942,-3.1932,-3.1913,-3.1628,-3.1558,-3.1544,-3.1363,-3.1309,-3.1245,-3.1149,-3.1128,-3.1060,-3.0945,-3.0907,-3.0768,-3.0588,-3.0213,-2.9825,-2.9750,-2.9629,-2.9592,-2.9394,-2.9392,-2.9277,-2.8895,-2.8879,-2.8775,-2.8734,-2.8655,-2.8641,-2.8536,-2.8451,-2.8252,-2.8199,-2.8124,-2.7939,-2.7826,-2.7679,-2.7646,-2.7395,-2.7333,-2.7122,-2.6913,-2.6871,-2.6706,-2.6696,-2.6454,-2.6406,-2.6288,-2.5914,-2.5909,-2.5321,-2.5118,-2.4253,-2.4082,-2.3887,-2.3589,-2.3573,-2.3254,-2.2518,-2.1994,-2.1715,-2.1210,-2.0571,-1.9784,-1.9727,-1.9432,-1.9232,-1.9111,-1.7696,-1.6999,-1.6827,-1.6367,-1.3328,-0.9095,-0.8157,0.6218,9.1423
Normalized Total Free Energy,,,-5.1606,-5.0623,-4.9825,-4.7889,-4.7548,-4.7267,-4.7169,-4.7070,-4.7069,-4.6682,-4.6517,-4.6284,-4.6100,-4.5909,-4.5893,-4.5709,-4.5493,-4.5471,-4.4926,-4.4774,-4.4763,-4.4593,-4.4573,-4.4396,-4.4299,-4.4213,-4.4213,-4.3714,-4.3589,-4.3478,-4.3286,-4.3043,-4.2913,-4.2722,-4.2526,-4.2510,-4.2402,-4.2251,-4.2243,-4.1814,-4.1662,-4.1548,-4.1222,-4.0947,-4.0867,-4.0817,-4.0803,-4.0631,-4.0563,-4.0434,-4.0418,-4.0409,-4.0300,-4.0274,-4.0049,-3.9349,-3.9157,-3.9143,-3.8879,-3.8752,-3.8748,-3.8620,-3.8600,-3.8520,-3.8425,-3.8417,-3.8339,-3.8330,-3.8322,-3.8114,-3.8086,-3.7898,-3.7873,-3.7812,-3.7811,-3.7543,-3.7513,-3.7319,-3.7246,-3.7067,-3.7019,-3.6741,-3.6568,-3.6406,-3.6384,-3.6331,-3.6263,-3.6257,-3.6189,-3.6090,-3.6032,-3.6006,-3.5996,-3.5899,-3.5865,-3.5794,-3.5736,-3.5699,-3.5662,-3.5582,-3.5543,-3.5455,-3.5365,-3.5137,-3.5081,-3.5075,-3.4816,-3.4774,-3.4661,-3.4617,-3.4607,-3.4572,-3.4561,-3.4527,-3.4523,-3.4419,-3.4386,-3.4132,-3.4105,-3.4104,-3.3887,-3.3847,-3.3700,-3.3642,-3.3624,-3.3552,-3.3530,-3.3455,-3.3387,-3.3347,-3.3343,-3.3331,-3.3259,-3.3252,-3.3030,-3.2813,-3.2729,-3.2521,-3.2474,-3.2417,-3.2388,-3.2289,-3.2253,-3.2169,-3.1919,-3.1840,-3.1596,-3.1355,-3.1348,-3.1273,-3.1230,-3.1225,-3.1049,-3.0981,-3.0953,-3.0945,-3.0739,-3.0694,-3.0509,-3.0321,-3.0290,-3.0208,-3.0157,-3.0036,-2.9947,-2.9870,-2.9780,-2.9718,-2.9635,-2.9584,-2.9560,-2.9358,-2.9186,-2.9183,-2.9165,-2.9088,-2.9012,-2.8980,-2.8968,-2.8913,-2.8786,-2.8541,-2.8501,-2.8355,-2.8297,-2.8197,-2.8186,-2.8181,-2.8173,-2.8171,-2.8168,-2.8166,-2.8099,-2.7988,-2.7859,-2.7675,-2.7642,-2.7434,-2.7399,-2.7377,-2.7085,-2.6982,-2.6938,-2.6911,-2.6842,-2.6715,-2.6649,-2.6609,-2.6450,-2.6135,-2.6122,-2.6046,-2.6033,-2.5849,-2.5846,-2.5768,-2.5641,-2.5592,-2.5534,-2.5498,-2.5443,-2.5440,-2.5432,-2.5263,-2.5172,-2.5138,-2.5025,-2.5012,-2.4990,-2.4989,-2.4981,-2.4979,-2.4749,-2.4625,-2.4593,-2.4530,-2.4333,-2.4305,-2.4284,-2.4044,-2.4003,-2.3934,-2.3923,-2.3856,-2.3593,-2.3566,-2.3538,-2.3483,-2.3258,-2.3250,-2.3236,-2.3015,-2.2961,-2.2950,-2.2810,-2.2768,-2.2719,-2.2644,-2.2628,-2.2576,-2.2486,-2.2457,-2.2349,-2.2210,-2.1920,-2.1620,-2.1562,-2.1468,-2.1439,-2.1286,-2.1285,-2.1196,-2.0900,-2.0888,-2.0807,-2.0776,-2.0715,-2.0704,-2.0622,-2.0557,-2.0403,-2.0361,-2.0304,-2.0160,-2.0073,-1.9959,-1.9934,-1.9740,-1.9691,-1.9528,-1.9366,-1.9334,-1.9206,-1.9198,-1.9012,-1.8974,-1.8882,-1.8593,-1.8590,-1.8135,-1.7978,-1.7308,-1.7176,-1.7025,-1.6795,-1.6782,-1.6535,-1.5966,-1.5560,-1.5344,-1.4953,-1.4459,-1.3850,-1.3806,-1.3577,-1.3423,-1.3329,-1.2234,-1.1695,-1.1562,-1.1206,-0.8854,-0.5579,-0.4853,0.6271,7.2204
