Chain ID,Residue name,Residue sequence,Conf 1,Conf 2,Conf 3,Conf 4,Conf 5,Conf 6,Conf 7,Conf 8,Conf 9,Conf 10,Conf 11,Conf 12,Conf 13,Conf 14,Conf 15,Conf 16,Conf 17,Conf 18,Conf 19,Conf 20,Conf 21,Conf 22,Conf 23,Conf 24,Conf 25,Conf 26,Conf 27,Conf 28,Conf 29,Conf 30,Conf 31,Conf 32,Conf 33,Conf 34,Conf 35,Conf 36,Conf 37,Conf 38,Conf 39,Conf 40,Conf 41,Conf 42,Conf 43,Conf 44,Conf 45,Conf 46,Conf 47,Conf 48,Conf 49,Conf 50,Conf 51,Conf 52,Conf 53,Conf 54,Conf 55,Conf 56,Conf 57,Conf 58,Conf 59,Conf 60,Conf 61,Conf 62,Conf 63,Conf 64,Conf 65,Conf 66,Conf 67,Conf 68,Conf 69,Conf 70,Conf 71,Conf 72,Conf 73,Conf 74,Conf 75,Conf 76,Conf 77,Conf 78,Conf 79,Conf 80,Conf 81,Conf 82,Conf 83,Conf 84,Conf 85,Conf 86,Conf 87,Conf 88,Conf 89,Conf 90,Conf 91,Conf 92,Conf 93,Conf 94,Conf 95,Conf 96,Conf 97,Conf 98,Conf 99,Conf 100,Conf 101,Conf 102,Conf 103,Conf 104,Conf 105,Conf 106,Conf 107,Conf 108,Conf 109,Conf 110,Conf 111,Conf 112,Conf 113,Conf 114,Conf 115,Conf 116,Conf 117,Conf 118,Conf 119,Conf 120,Conf 121,Conf 122,Conf 123,Conf 124,Conf 125,Conf 126,Conf 127,Conf 128,Conf 129,Conf 130,Conf 131,Conf 132,Conf 133,Conf 134,Conf 135,Conf 136,Conf 137,Conf 138,Conf 139,Conf 140,Conf 141,Conf 142,Conf 143,Conf 144,Conf 145,Conf 146,Conf 147,Conf 148,Conf 149,Conf 150,Conf 151,Conf 152,Conf 153,Conf 154,Conf 155,Conf 156,Conf 157,Conf 158,Conf 159,Conf 160,Conf 161,Conf 162,Conf 163,Conf 164,Conf 165,Conf 166,Conf 167,Conf 168,Conf 169,Conf 170,Conf 171,Conf 172,Conf 173,Conf 174,Conf 175,Conf 176,Conf 177,Conf 178,Conf 179,Conf 180,Conf 181,Conf 182,Conf 183,Conf 184,Conf 185,Conf 186,Conf 187,Conf 188,Conf 189,Conf 190,Conf 191,Conf 192,Conf 193,Conf 194,Conf 195,Conf 196,Conf 197,Conf 198,Conf 199,Conf 200,Conf 201,Conf 202,Conf 203,Conf 204,Conf 205,Conf 206,Conf 207,Conf 208,Conf 209,Conf 210,Conf 211,Conf 212,Conf 213,Conf 214,Conf 215,Conf 216,Conf 217
A,GLN,19,,,,,,,,,,,,,,,,,,,,,,,,,,,,,,,,,,,,,,,,,,,,,,,,,,,,,,,,,,,,,,,,,,,,,,,,,,,,,,,,,,,,,,,,,,,,,,,,,,,,,,,,,,,,,,,,,,,,,,,,,,,,,,,,,,,,,,,,,,,,,,,,,,,,,,,,,,,,,,,,,,,,,,,,,,,,,,,,,,,,,,,,,,,,,,,,,,,,,,,,,,,,,,,,,,,,,,,,,
A,VAL,20,,,,,,,,,,,,,,,,,,,,,,,,,,,,,,,,,,,,,,,,,,,,,,,,,,,,,,,,,,,,,,,,,,,,,,,,,,,,,,,,,,,,,,,,,,,,,,,,,,,,,,,,,,,,,,,,,,,,,,,,,,,,,,,,,,,,,,,,,,,,,,,,,,,,,,,,,,,,,,,,,,,,,,,,,,,,,,,,,,,,,,,,,,,,,,,,,,,,,,,,,,,,,,,,,,,,,,,,,
A,THR,21,,,,,,,,,,,,,,,,,,,,,,,,,,,,,,,,,,,,,,,,,,,,,,,,,,,,,,,,,,,,,,,,,,,,,,,,,,,,,,,,,,,,,,,,,,,,,,,,,,,,,,,,,,,,,,,,,,,,,,,,,,,,,,,,,,,,,,,,,,,,,,,,,,,,,,,,,,,,,,,,,,,,,,,,,,,,,,,,,,,,,,,,,,,,,,,,,,,,,,,,,,,,,,,,,,,,,,,,,
A,CYS,22,,,,,,,,,,,,,,,,,,,,,,,,,,,,,,,,,,,,,,,,,,,,,,,,,,,,,,,,,,,,,,,,,,,,,,,,,,,,,,,,,,,,,,,,,,,,,,,,,,,,,,,,,,,,,,,,,,,,,,,,,,,,,,,,,,,,,,,,,,,,,,,,,,,,,,,,,,,,,,,,,,,,,,,,,,,,,,,,,,,,,,,,,,,,,,,,,,,,,,,,,,,,,,,,,,,,,,,,,
A,GLY,23,,,,,,,,,,,,,,,,,,,,,,,,,,,,,,,,,,,,,,,,,,,,,,,,,,,,,,,,,,,,,,,,,,,,,,,,,,,,,,,,,,,,,,,,,,,,,,,,,,,,,,,,,,,,,,,,,,,,,,,,,,,,,,,,,,,,,,,,,,,,,,,,,,,,,,,,,,,,,,,,,,,,,,,,,,,,,,,,,,,,,,,,,,,,,,,,,,,,,,,,,,,,,,,,,,,,,,,,,
A,THR,24,,,,,,,,,,,,,,,,,,,,,0.0005,,,,,,,,,,,,,,,,,,,,,,,,,,,,,,,,,,,,,,,,,,,,,,,,,,,,,,,,,,,,,,,,,,,,,,,,,,,,,,,,,,,,,,,,,,,,,,,,,,,,,,,,,,,,,,,,,,,,,,,,,,,,,,,,,,,,,,,,,,,,,,,,,,,,,,,,,,,,,,,,,,,,,,,,,,,,,,,,,,,,,,,,,,,,,,,,,,,,
A,THR,25,0.1876,0.0485,,,,,0.0821,,,0.1115,,,,,,,,,0.0669,,0.1299,,,,0.0002,,,0.0633,,,0.0799,,,,0.0722,,,,,,,,,,,,0.0142,,,,,,,,,,,,,,,,0.0653,,,,,0.0155,,,,,,,,,,,0.0211,,,,,,,,,,,,,0.0803,,,,,,,,,,,,,,,0.0339,,,0.0177,,,,,,,0.0079,,,,0.0181,,,,,,,,,0.0301,,,,,,0.0336,0.0005,0.1384,,,,,,,,,,,,,,,,,0.0887,,,,,,,,,,,,,,,,,,,,,,,,,,,,,,,,,,,,,,,,,,,,,,0.1629,,,,,,,,,,,,0.8092,,,,
A,THR,26,,,,,,0.0427,0.0015,,0.0001,,,,,,,,,,0.5390,0.0008,0.0047,,,,,0.1024,,0.0491,,,,,,,0.0393,,0.0006,,,,,,,,,,,,,,,,,0.0187,,,,,0.0016,,,,,,,,,0.0704,,,,,,,,,,,,,,0.0402,,,,,,,,,,,,,,,,,,,,,,,,,,,,0.1030,,,,,,,0.0358,,,,0.6902,0.0278,,,,,,,,0.2289,,,,,,,,,,,,,,,,,,,,,,,,,0.0002,,,,,,,,,,,,,,,,,,,,,,,,,,,,,,,,,,,,,,,,,,,,,,,,,,,,,,,,,,,,,,
A,LEU,27,,,,,,,,,,,,,,,,,,0.0147,,,,,,,,,,0.0045,,,,,,0.0090,,,,,,,,0.0726,,,,,,,,,,,,0.0523,,,,,,,,,,,,,,,,,,,,,,,,,0.0879,,,,,,,,,,,,,0.7063,,,,,,,,,,,,,,,0.0494,,,,,,,0.0571,,,0.0229,,,,,,,,,,,,,,,,,,,0.1276,0.0366,0.4049,,,,,,,,,0.0616,,,,0.0099,,,,,,,,,,,,,,,,,,,,,,,,,,,,,,,,,,,,,,,,,,,,,,,,,,0.3150,,,,,,,,,,,,,,,,
A,ASN,28,,,,,,,,,,,,,,,,,,,,,,,,,,,,,,,,,,,,,,,,,,,,,,,,,,,,,,,,,,,,,,,,,,,,,,,,,,,,,,,,,,,,,,,,,,,,,,,,,,,,,,,,,,,,,,,,,,,,,,,,,,,,,,,,,,,,,,,,,,,,,,,,,,,,,,,,,,,,,,,,,,,,,,,,,,,,,,,,,,,,,,,,,,,,,,,,,,,,,,,,,,,,,,,,,,,,,,,,,
A,PRO,39,,,,,,,,,,,,,,,,,,,,,,,,,,,,,,,,,,,,,,,,,,,,,,,,,,,,,,,,,,,,,,,,,,,,,,,,,,,,,,,,,,,,,,,,,,,,,,,,,,,,,,,,,,,,,,,,,,,,,,,,,,,,,,,,,,,,,,,,,,,,,,,,,,,,,,,,,,,,,,,,,,,,,,,,,,,,,,,,,,,,,,,,,,,,,,,,,,,,,,,,,,,,,,,,,,,,,,,,,
A,ARG,40,,,,,,,,,,,,,,,,,,,,,,,,,,,,,,,,,,,,,,,,,,,,,,,,,,,,,,,,,,,,,,,,,,,,,,,,,,,,,,,,,,,,,,,,,,,,,,,,,,,,,,,,,,,,,,,,,,,,,,,,,,,,,,,,,,,,,,,,,,,,,,,,,,,,,,,,,,,,,,,,,,,,,,,,,,,,,,,,,,,,,,,,,,,,,,,,,,,,,,,,,,,,,,,,,,,,,,,,,
A,HIS,41,0.0723,,0.1436,0.0918,0.1130,0.0307,,0.1474,0.0771,,0.0075,0.2024,0.0837,0.0137,,,,0.0174,,,,,,0.0341,0.0624,,0.0646,0.1828,0.1224,0.0991,,,,,,,,0.0142,0.0586,,,0.0033,,0.0026,,,0.1097,,,0.0509,,0.0188,,0.0191,,,,0.0567,,0.0033,0.0138,0.0619,0.0066,,0.0041,,,0.0069,,,0.1013,0.0580,,,,,,,,,0.0038,,,0.0433,,0.0524,,0.0321,,,,0.1973,,0.0164,0.0125,,,,,0.0009,,,,,,,0.0149,,,0.1639,,,,,,,,,,,,0.0592,,,,,,,,,,,,0.1833,0.0298,,0.4684,0.0923,,,,,,0.0786,,,,,,,0.0103,,,,,,,,,,,,,,,0.8877,,,,,,,,,,,,,,,0.0262,,,,,,,,,,,,,,,0.2550,,0.0488,,,0.3022,,,,,,,,0.2570,0.1021,,2.1272,,,,,
A,VAL,42,,,,,,,,,,,,,,,,,,,,,,,,,,,,,,,,,,,,,,,,,,,,,,,,,,,,,,,,,,,,,,,,,,,,,,,,,,,,,,,,,,,,,,,,,,,,,,,,,,,,,,,,,,,,,,,,,,,,,,,,,,,,,,,,,,,,,,,,,,,,,,,,,,,,,,,,,,,,,,,,,,,,,,,,,,,,,,,,,,,,,,,,,,,,,,,,,,,,,,,,,,,,,,,,,,,,,,,,,
A,ILE,43,,,,,,,,,,,,,,,,,,,,,,,,,,,,,,,,,,,,,,,,,,,,,,,,,,,,,,,,,,,,,,,,,,,,,,,,,,,,,,,,,,,,,,,,,,,,,,,,,,,,,,,,,,,,,,,,,,,,,,,,,,,,,,,,,,,,,,,,,,,,,,,,,,,,,,,,,,,,,,,,,,,,,,,,,,,,,,,,,,,,,,,,,,,,,,,,,,,,,,,,,,,,,,,,,,,,,,,,,
A,CYS,44,,,,,,,,,,,,,,,,,,,,,,,,,,,,,,,,,,,,,,,,,,,,,,,,,,,,,,,,,,,,,,,,,,,,,,,,,,,,,,,,,,,,,,,,,,,,,,,,,,,,,,,,,,,,,,,,,,,,,,,,,,,,,,,,,,,,,,,,,,,,,,,,,,,,,,,,,,,,,,,,,,,,,,,,,,,,,,,,,,,,,,,,,,,,,,,,,,,,,,,,,,,,,,,,,,,,,,,,,
A,THR,45,,,,,,,,,,,,,,,,,,,,,,,,,,,,,,,,,,,,,,,,,,,,,,,,,,,,,,,,,,,,,,,,,,,,,,,,,,,,,,,,,,,,,,,,,,,,,,,,,,,,,,,,,,,,,,,,,,,,,,,,,,,,,,,,,,,,,,,,,,,,,,,,,,,,,,,,,,,,,,,,,,,,,,,,,,,,,,,,,,,,,,,,,,,,,,,,,,,,,,,,,,,,,,,,,,,,,,,,,
A,SER,46,,,,,,,,,,,,,,,,,,,,,,,,,,,,,,,,,,,,,,,,,,,,,,,,,,,,,,,,,,,,,,,,,,,,,,,,,,,,,,,,,,,,,,,,,,,,,,,,,,,,,,,,,,,,,,,,,,,,,,,,,,,,,,,,,,,,,,,,,,,,,,,,,,,,,,,,,,,,,,,,,,,,,,,,,,,,,,,,,,,,,,,,,,,,,,,,,,,,,,,,,,,,,,,,,,,,,,,,,
A,GLU,47,,,,,,,,,,,,,,,,,,,,,,,,,,,,,,,,,,,,,,,,,,,,,,,,,,,,,,,,,,,,,,,,,,,,,,,,,,,,,,,,,,,,,,,,,,,,,,,,,,,,,,,,,,,,,,,,,,,,,,,,,,,,,,,,,,,,,,,,,,,,,,,,,,,,,,,,,,,,,,,,,,,,,,,,,,,,,,,,,,,,,,,,,,,,,,,,,,,,,,,,,,,,,,,,,,,,,,,,,
A,ASP,48,,,,,,,,,,,,,,,,,,,,,,,,,,,,,,,,,,,,,,,,,,,,,,,,,,,,,,,,,,,,,,,,,,,,,,,,,,,,,,,,,,,,,,,,,,,,,,,,,,,,,,,,,,,,,,,,,,,,,,,,,,,,,,,,,,,,,,,,,,,,,,,,,,,,,,,,,,,,,,,,,,,,,,,,,,,,,,,,,,,,,,,,,,,,,,,,,,,,,,,,,,,,,,,,,,,,,,,,,
A,MET,49,0.0111,0.0305,0.0088,,,,0.0017,0.0088,,0.0392,0.1064,0.0075,,,,,,0.0021,0.0072,,,,,,0.0255,0.0001,0.0054,,0.1831,,0.1810,,0.2692,,0.0144,,,,0.0210,,,0.0164,,0.0240,,,,,,,,0.0383,,,,,0.0461,,,0.0248,,,,,,,,,,0.0573,0.1135,,,,0.0055,,,,0.2160,,,,,0.0518,0.0534,,,,,,,0.0300,,,0.0568,,,,,,,,,,,,,,0.0302,0.3187,,,,,,,,,,,0.0088,,,,,,,,,,0.0393,,,0.1075,,0.0907,0.3124,0.1349,0.0036,,,,,,,,0.0365,0.3412,,,,,,,0.0017,,,,,,,,,,,0.2430,,,,,,,0.0306,,,,,,,,,,,,,,,,,,,,,,0.0281,0.9129,,,,,,,,,1.3420,,0.7571,,0.1153,0.2087,,0.6444,0.4998,,,8.0206,3.4937
A,LEU,50,,,,,,,,,,,,,,,,,,,,,,,,,,,,,,,,,,,,,,,,,,,,,,,,,,,,,,,,,,,,,,,,,,,,,,,,,,,,,,,,,,,,,,,,,,,,,,,,,,,,,,,,,,,,,,,,,,,,,,,,,,,,,,,,,,,,,,,,,,,,,,,,,,,,,,,,,,,,,,,,,,,,,,,,,,,,,,,,,,,,,,,,,,,,,,,,,,,,,,,,,,,,,,,,,,,,,,,,,
A,ASN,51,,,,,,,,,,,,,,,,,,,,,,,,,,,,,,,,,,,,,,,,,,,,,,,,,,,,,,,,,,,,,,,,,,,,,,,,,,,,,,,,,,,,,,,,,,,,,,,,,,,,,,,,,,,,,,,,,,,,,,,,,,,,,,,,,,,,,,,,,,,,,,,,,,,,,,,,,,,,,,,,,,,,,,,,,,,,,,,,,,,,,,,,,,,,,,,,,,,,,,,,,,,,,,,,,,,,,,,,,
A,PRO,52,,,,,,,,,,,,,,,,,,,,,,,,,,,,,,,,,,,,,,,,,,,,,,,,,,,,,,,,,,,,,,,,,,,,,,,,,,,,,,,,,,,,,,,,,,,,,,,,,,,,,,,,,,,,,,,,,,,,,,,,,,,,,,,,,,,,,,,,,,,,,,,,,,,,,,,,,,,,,,,,,,,,,,,,,,,,,,,,,,,,,,,,,,,,,,,,,,,,,,,,,,,,,,,,,,,,,,,,,
A,TYR,54,,,,0.2126,,,,,,,,,,,,,,,,,,,,,,,,,0.0033,,,,,,,,,,,,,,,,,,,,,,,,,,,,,,,,,,,,,,,,,,,,,,0.0300,,,,,,,,,,,,,,,,,,,,,,,,,,,,,,,,,,,,,,,,,,,,,,,,,,,,,,,,,,,,,,0.2132,,,,,,,,,,,,,,,,,,,,,,,,,,,,,0.0020,,,,,,,,,,,,,,,,,,,,,,,,,,,,,,,,,,,,,,,,,,,0.4452,,,,,,,,
A,LEU,57,,,,,,,,,,,,,,,,,,,,,,,,,,,,,,,,,,,,,,,,,,,,,,,,,,,,,,,,,,,,,,,,,,,,,,,,,,,,,,,,,,,,,,,,,,,,,,,,,,,,,,,,,,,,,,,,,,,,,,,,,,,,,,,,,,,,,,,,,,,,,,,,,,,,,,,,,,,,,,,,,,,,,,,,,,,,,,,,,,,,,,,,,,,,,,,,,,,,,,,,,,,,,,,,,,,,,,,,,
A,CYS,117,,,,,,,,,,,,,,,,,,,,,,,,,,,,,,,,,,,,,,,,,,,,,,,,,,,,,,,,,,,,,,,,,,,,,,,,,,,,,,,,,,,,,,,,,,,,,,,,,,,,,,,,,,,,,,,,,,,,,,,,,,,,,,,,,,,,,,,,,,,,,,,,,,,,,,,,,,,,,,,,,,,,,,,,,,,,,,,,,,,,,,,,,,,,,,,,,,,,,,,,,,,,,,,,,,,,,,,,,
A,TYR,118,,,,,,,,,,,,,,,,,,,,,,,,,,,,,,,,,,,,,,,,,,,,,,,,,,,,,,,,,,,,,,,,,,,,,,,,,,,,,,,,,,,,,,,,,,,,,,,,,,,,,,,,,,,,,,,,,,,,,,,,,,,,,,,,,,,,,,,,,,,,,,,,,,,,,,,,,,,,,,,,,,,,,,,,,,,,,,,,,,,,,,,,,,,,,,,,,,,,,,,,,,,,,,,,,,,,,,,,,
A,ASN,119,,,,,,,,,,,,,,,,,,,,,,,,,,,,,,,,,,,,,,,,,,,,,,,,,,,,,,,,,,,,,,,,,,,,,,,,,,,,,,,,,,,,,,,,,,,,,,,,,,,,,,,,,,,,,,,,,,,,,,,,,,,,,,,,,,,,,,,,,,,,,,,,,,,,,,,,,,,,,,,,,,,,,,,,,,,,,,,,,,,,,,,,,,,,,,,,,,,,,,,,,,,,,,,,,,,,,,,,,
A,TYR,126,,,,,,,,,,,,,,,,,,,,,,,,,,,,,,,,,,,,,,,,,,,,,,,,,,,,,,,,,,,,,,,,,,,,,,,,,,,,,,,,,,,,,,,,,,,,,,,,,,,,,,,,,,,,,,,,,,,,,,,,,,,,,,,,,,,,,,,,,,,,,,,,,,,,,,,,,,,,,,,,,,,,,,,,,,,,,,,,,,,,,,,,,,,,,,,,,,,,,,,,,,,,,,,,,,,,,,,,,
A,GLY,138,,,,,,,,,,,,,,,,,,,,,,,,,,,,,,,,,,,,,,,,,,,,,,,,,,,,,,,,,,,,,,,,,,,,,,,,,,,,,,,,,,,,,,,,,,,,,,,,,,,,,,,,,,,,,,,,,,,,,,,,,,,,,,,,,,,,,,,,,,,,,,,,,,,,,,,,,,,,,,,,,,,,,,,,,,,,,,,,,,,,,,,,,,,,,,,,,,,,,,,,,,,,,,,,,,,,,,,,,
A,SER,139,,,,,,,,,,,,,,,,,,,,,,,,,,,,,,,,,,,,,,,,,,,,,,,,,,,,,,,,,,,,,,,,,,,,,,,,,,,,,,,,,,,,,,,,,,,,,,,,,,,,,,,,,,,,,,,,,,,,,,,,,,,,,,,,,,,,,,,,,,,,,,,,,,,,,,,,,,,,,,,,,,,,,,,,,,,,,,,,,,,,,,,,,,,,,,,,,,,,,,,,,,,,,,,,,,,,,,,,,
A,PHE,140,,,,0.1061,,,,,,,,,,0.1704,0.2126,0.0706,,,,,,0.0497,,,,,,,,,,,,,,,,,,0.1842,0.1366,,0.0062,,,0.0848,0.0415,0.0216,0.0022,,,,0.0691,,0.0029,,,,,,,,,0.0207,,,0.3382,,,,,,,0.1152,,0.0022,0.1819,0.0853,,,,,0.0775,0.0020,,,,,,,,,0.1533,,0.0151,,,0.0043,,,,,,,,,,,,,,,0.1262,,0.1249,0.0621,,,,,,,,,,0.0084,,,,,0.2832,,,0.0320,,,,,,,,,,,,,,,,,,,,,,,,0.1884,,,0.0211,,,,,,0.0006,,,,,,,,,,,,,,,,,,,,,0.0961,,,,,,,,,,,,,,0.1120,,,,,,0.5414,0.3021,,0.2760,0.1621,,,,1.1924,0.0754
A,LEU,141,0.0203,0.0228,,,,,0.0136,,0.0135,0.0224,0.1587,,,,0.4535,,0.3457,,0.2174,,0.4941,,0.0229,0.0371,,,,,,,0.0550,0.3119,0.0071,,,0.0004,,,,0.4583,0.0797,,0.0773,,0.0001,0.1663,0.0039,0.2452,0.6815,,,0.0288,,,,0.4293,,,,,,,,0.8577,,,0.1785,,0.2048,,,,,,,0.4873,0.0113,0.0972,,0.2276,,,0.0349,,,,0.2524,,0.0159,0.4544,,,0.0360,,0.0970,,,,,0.3408,,,,,0.0449,,,,,,,,0.6554,,0.0005,0.0668,,0.1711,0.4599,,,,,,,0.0012,0.0188,,0.0124,,0.0096,,,0.1499,,,,,,,,0.0115,,,,,,,,,,,,,,0.1611,0.0597,0.3821,,,,,,,,,0.0719,,,,,,,,0.0422,,,,,,,,,,0.0930,,,0.7469,0.0013,,,,,,,,,,,,,1.2427,0.0171,,,,0.0289,,0.6794,,1.0271,0.8669,,,,1.0814,1.5661
A,ASN,142,0.2853,,0.0225,,0.0006,0.0295,0.3191,0.1036,0.0313,0.1717,0.0012,,0.0145,,0.1167,,0.0079,0.0174,,0.0296,0.0346,,,0.1476,,0.0598,0.0019,0.0486,,0.0754,,,0.3477,0.1772,0.0704,0.3954,,,0.0327,0.0365,0.2294,0.2732,0.2361,0.0038,,,0.0219,0.2640,0.7585,0.0284,0.0323,0.0244,,0.0226,0.0951,,,,0.0005,0.1623,0.0108,,,,,,0.0828,0.0001,0.0537,,,,,0.0249,,0.2904,0.0724,,0.1404,0.0074,,0.0860,0.2714,0.0519,0.0163,,0.2418,,0.1313,0.2985,0.0970,0.5140,0.0109,,0.7456,0.0701,,0.0226,0.1352,0.5775,0.0508,0.0025,,,,,,0.0609,0.0090,0.2485,0.2603,,0.1773,0.0200,0.0919,0.1172,0.1513,,0.0671,,0.0577,0.1425,0.1586,0.0009,0.0102,0.1568,0.0253,0.1937,,0.1470,0.3973,,0.0160,0.4367,,0.0638,0.2258,1.0512,,,0.2200,,0.2510,0.1783,,,0.0926,0.0367,,,,,0.1413,0.0021,0.2184,,0.0056,0.3515,0.0572,,,0.1276,,0.3306,0.1907,,0.3231,0.1077,,0.0031,,0.0546,0.2731,,,0.0402,,0.0031,0.0465,,0.0377,0.0115,,0.2661,0.0981,0.0016,0.2093,0.5625,0.1782,0.0234,,0.0037,,,0.8725,0.3434,0.0102,,0.0166,0.0241,1.5051,0.4568,,,0.2636,,0.9152,3.3552,0.5810,0.8674,1.0519,0.2681,1.1096,0.0774,,0.7756,30.8442
A,GLY,143,0.5426,0.4328,0.3557,,0.3687,0.4564,0.7355,,0.1150,0.8934,0.5297,,0.0205,,,,0.0630,0.2073,0.1748,0.6034,0.5802,,0.8916,0.3943,,0.3300,,,,,0.5877,0.6216,,0.2098,0.2212,0.1478,0.3212,0.3039,,0.0346,,0.1505,,0.4374,0.1818,,0.0144,0.0311,0.0256,0.5304,0.3381,0.5388,,0.2992,,0.4000,,0.2671,0.3180,,,,,,0.4030,,,0.0630,0.5874,,,,,,,0.0016,,,0.3531,0.3484,,0.3466,,,,0.0008,0.6885,,1.2951,0.1309,0.5264,0.1033,,,,,,,,0.4596,,0.0690,,,,,0.3337,,,0.0019,,,0.9338,0.9475,,0.4104,0.1378,0.5653,1.6884,,0.2092,,0.5681,0.0084,0.0108,,,,,0.1635,,,0.2532,0.8285,,0.4195,0.2413,0.0478,,,0.5667,,,,,,0.1908,,,,0.0229,,,0.4767,0.4991,,0.1351,,0.1622,0.2839,,0.0109,,,0.1623,,,0.0523,,,,,0.7542,,,,,,,,,,,,0.0774,,0.1472,,0.1945,0.1876,,,,,0.8011,0.4151,,,,,0.1252,0.1981,,,,,,,0.0129,0.3248,0.0191,0.5819,0.0144,,,,0.5494
A,SER,144,0.0016,0.0727,,,,,0.0020,,,0.0416,0.1440,,,,,,0.7125,,0.1809,,0.3160,,0.1034,,,,,,,,0.1871,0.2959,,,,,,,,0.0393,0.0116,,,,,0.0066,,,0.0693,,,,,,,0.5111,,,,,,,,0.5007,,,0.3412,,0.3165,,,,,,,0.0397,,0.0517,,,,,,,,,0.7739,,0.2623,1.1627,,,,,,,,,,0.2778,,,,,,,,,,,,,0.5906,0.0801,,,,0.1920,0.2677,,,,,,,,,,,,,,,0.0906,,,,,,,,,,,,,,,,,,,,,,0.0094,0.0096,,,,,,,,,,,,,,,,,,0.0535,,,,,,,,,,0.0259,,,,,,,,,,,,,,,,,0.0279,,,,,,,,,,0.3397,,,,0.0544,
A,CYS,145,0.0438,0.1497,0.0250,0.0173,,0.1192,0.0487,0.0112,0.1519,0.1332,0.2578,,0.0760,,0.0196,0.0019,0.3179,0.0131,0.5315,0.0082,0.3288,0.2168,0.4146,0.1748,0.1772,,,0.0116,0.0095,0.0168,0.3922,0.5155,,0.0217,0.1648,,0.0240,0.0459,,0.1376,,0.1588,,,0.0711,,0.0807,0.5848,0.0910,0.3493,,0.1001,0.0623,0.0205,,0.7003,0.0080,0.0829,0.1428,0.0026,,0.0271,0.0071,,0.0395,,,,0.8444,,,,,,,0.2767,,,0.0093,0.0152,,0.0045,0.0216,0.3489,0.0715,0.0586,0.6198,0.0905,0.7866,0.6050,0.0570,0.0458,0.0729,0.0468,0.0698,,,,0.0435,0.3704,0.0016,,,,0.0009,,,,,0.4175,,,0.6270,0.6080,,0.0118,0.0096,0.4953,0.4788,,0.0014,0.1086,,0.0058,0.6865,0.1179,0.0308,0.0032,,,0.0474,,0.1188,0.1923,0.0157,0.0463,,0.0961,,,0.2406,0.0106,,0.0187,,0.1006,0.0212,,,,,,,0.0128,0.0012,0.1240,0.2434,,0.3029,0.1884,,0.0106,,,0.0743,,0.1802,,,,,,0.0006,,0.0610,,,,,,0.0009,,,0.0613,0.2200,,0.0033,,0.0889,0.0041,,,,,,0.0690,,,,,,0.2064,,,,,0.1144,0.2409,,0.2540,,1.2661,0.2080,,,2.1481,0.4130
A,GLY,146,,,,,,,,,,,,,,,,,,,,,,,,,,,,,,,,,,,,,,,,,,,,,,,,,,,,,,,,,,,,,,,,,,,,,,,,,,,,,,,,,,,,,,,,,,,,,,,,,,,,,,,,,,,,,,,,,,,,,,,,,,,,,,,,,,,,,,,,,,,,,,,,,,,,,,,,,,,,,,,,,,,,,,,,,,,,,,,,,,,,,,,,,,,,,,,,,,,,,,,,,,,,,,,,,,,,,,,,,
A,SER,147,,,,,,,,,,,,,,,,,,,,,,,,,,,,,,,,,,,,,,,,,,,,,,,,,,,,,,,,,,,,,,,,,,,,,,,,,,,,,,,,,,,,,,,,,,,,,,,,,,,,,,,,,,,,,,,,,,,,,,,,,,,,,,,,,,,,,,,,,,,,,,,,,,,,,,,,,,,,,,,,,,,,,,,,,,,,,,,,,,,,,,,,,,,,,,,,,,,,,,,,,,,,,,,,,,,,,,,,,
A,TYR,161,,,,,,,,,,,,,,,,,,,,,,,,,,,,,,,,,,,,,,,,,,,,,,,,,,,,,,,,,,,,,,,,,,,,,,,,,,,,,,,,,,,,,,,,,,,,,,,,,,,,,,,,,,,,,,,,,,,,,,,,,,,,,,,,,,,,,,,,,,,,,,,,,,,,,,,,,,,,,,,,,,,,,,,,,,,,,,,,,,,,,,,,,,,,,,,,,,,,,,,,,,,,,,,,,,,,,,,,,
A,HIS,163,0.0841,,,0.1231,,,0.1304,,,0.3621,,,,0.1206,0.7634,0.1937,0.2651,,,,,0.1737,,,,,,,,,,,0.3289,,,0.3434,0.0510,0.0887,,0.7440,0.7581,,0.4991,,,0.1079,,0.1311,1.0153,,,,0.2778,,0.1861,,,,,,,,,0.5165,,,0.5374,,,,,,,,,0.9275,0.0793,0.5425,,,,,0.0864,0.1050,,,,0.0477,,0.1887,,0.0573,0.4836,,0.2180,,,,,0.1826,,,,,,,,,,,,,0.2222,,,,,,,,,,,,0.1461,0.1959,,,,,0.2735,,,0.5286,,,,,,,,0.1044,,,,,,,,,,,,,,,0.1067,,,,0.9786,,,0.2286,,,,,,,,,,,0.0619,,,,,,,,,,,,,,,,,,,,,,,,,,,0.3838,,,,,,0.4279,0.0506,,0.0446,0.8203,,,,1.2032,
A,HIS,164,,0.0425,0.0664,0.1558,0.0397,0.0621,,0.0363,0.0247,,0.1129,0.0035,0.0190,,,,,0.0758,0.0505,0.1242,,0.3668,0.0057,0.0076,0.0540,,0.0130,,0.2347,0.0869,0.0586,,0.4619,,,0.0692,0.0539,0.1770,0.0351,,,,,,,,,,,0.0008,0.0785,0.0841,0.0003,,,,0.0055,0.0071,0.0031,0.0314,0.0159,,0.0270,,0.0052,,,0.0251,,,,,0.0462,,,,,0.0012,,,,,0.0111,0.0471,0.0344,0.0003,,0.6468,,,,,,,0.0004,,,,0.0227,,,,,,,,,,0.0113,,0.0346,,,,,,,,,,,0.2790,,,,,0.0178,0.0517,,,0.0152,,,,,,,,0.0644,,,0.0001,,,,,,0.2212,,,,,,,,,,,,,,,0.0349,,,,0.0056,,,0.0791,,,,,,,,0.1038,,0.2667,0.0321,0.0148,,,,,,,,,,,,,0.1159,0.1491,,,,,,,,,,,0.9858,0.4612,,1.9378,,,0.1639,,,0.4746,
A,MET,165,0.4071,0.1224,0.3472,0.2045,0.4605,0.1860,0.0005,0.3319,0.0439,0.0672,0.1901,0.1795,0.0537,0.4786,0.3125,0.1530,,0.0330,0.0905,0.3759,0.1844,0.1394,0.2103,0.0212,0.0872,0.0356,0.3769,0.0399,0.0330,0.4220,0.1647,0.0377,0.0707,0.0273,0.2888,0.1356,0.0127,0.0661,0.0483,0.1698,0.0031,1.2000,0.0546,0.2754,0.2369,0.2074,,0.0064,0.3084,,0.4580,0.0224,0.2589,0.0573,0.0201,,0.1913,0.3013,0.2051,0.0702,0.1454,0.0524,0.3227,,0.0882,0.1790,,0.2129,,0.2532,0.0930,0.2247,,0.0858,0.1878,0.3310,0.2316,0.1880,0.0769,0.0331,0.0472,,0.2628,0.3682,0.0441,0.0625,,0.0449,,,,0.0597,0.4590,0.0482,0.0026,0.1390,0.2660,0.2032,0.0137,0.0095,0.0879,,,0.1866,,0.1653,,0.2343,0.0006,,0.0030,0.2208,,,,,,0.1317,0.0181,0.0002,,0.1382,,0.0343,0.0121,0.0940,,0.3148,,,0.4733,0.0526,0.1118,0.0033,0.2355,0.7493,1.3422,0.6628,0.1368,0.1982,,0.2066,,,0.0092,,0.0291,0.0205,0.0118,0.2978,,0.2945,,,,0.1472,,,0.2484,0.1310,0.0131,,0.0863,0.1821,,0.8669,,0.3773,0.3445,0.2020,,,,0.0046,,0.0291,,0.0271,0.0933,0.0725,,0.2274,0.1396,0.0193,,,0.0009,0.0044,0.2404,,0.1698,,,0.0445,0.4724,0.6575,,0.1005,,,,1.0133,0.0081,,,,1.1759,0.8746,0.2781,0.6093,0.1463,0.0710,0.0942,,,,0.4889
A,GLU,166,0.3161,0.2721,,0.2277,0.0489,0.0019,0.2623,,0.0137,0.4657,0.2124,0.1436,0.0138,0.5634,0.4724,0.2159,0.3146,0.1603,0.2548,0.0814,0.1878,0.5871,0.0262,0.1517,0.0375,0.5263,0.0062,,0.3694,0.0885,0.2916,0.1183,0.0494,0.1523,0.0583,0.1100,0.2975,0.3208,0.1334,0.3907,0.2445,0.5719,0.3815,0.0140,0.0088,0.5744,0.1043,0.2331,0.1605,0.6131,0.0474,0.6189,0.2201,0.8042,0.4986,0.2620,0.0251,0.0923,0.1682,0.1420,0.2421,0.0380,0.0092,0.2533,0.3444,0.4736,0.3881,0.1035,0.2472,0.0943,,0.0233,0.4309,0.3748,0.0608,0.2342,0.3009,0.2564,0.4434,0.0438,0.2398,0.3347,0.4717,0.1147,0.3683,,0.1466,0.2888,0.0412,0.1026,0.2403,0.7227,0.7510,0.3385,0.4603,0.0486,0.0057,0.0626,0.3153,0.8543,0.0994,0.2129,0.2395,0.7244,0.2367,0.3282,0.4507,0.1454,0.1666,,0.0421,0.1366,1.0928,0.2779,0.0415,0.3703,0.4427,0.0725,0.3194,0.0774,,,0.4104,0.2669,0.9429,0.3720,0.5005,0.2993,0.1434,0.2821,0.8933,0.0172,0.0277,0.6307,0.0220,0.0430,0.4543,0.4222,0.2890,0.1243,0.3379,0.1924,0.2645,0.1475,0.1039,0.3030,1.2308,0.4083,0.3961,0.2487,0.0024,0.2166,0.0535,0.5103,,0.5692,0.6558,,0.0083,0.3813,0.2064,0.2357,0.1581,0.4566,0.2487,0.3406,0.9451,0.5633,0.1891,0.2423,0.6124,0.1526,0.0668,0.6264,0.1769,0.1794,0.3918,0.4217,0.3272,0.0386,0.0217,0.2443,0.2336,0.0415,0.1182,0.1002,0.8688,0.3765,0.0101,,0.3949,0.0908,0.0260,0.6934,0.6733,,0.0170,0.0534,0.2272,0.3903,,0.6387,1.9076,0.1456,0.2572,0.2602,0.1648,0.7227,2.2586,,2.2071,0.2896,,3.4109,,0.7958,17.1662
A,LEU,167,,,,,0.0335,,,,,,,,0.0037,0.0006,,0.0062,,,,,0.0021,0.0972,0.0008,,,,,,0.0007,0.0002,,,,,,,,,,,0.0009,,,,,,,,,,,,,,,,,,,,,,,0.0428,,0.0293,,,,,,0.0001,,,,0.0002,,,,,,,,,,,,,,,,,0.0659,0.0049,,,,,,,0.0001,,,,,,,,,,,,,,,,,,,,,,,0.0143,,,,,,,,,,,,,,,,,,,0.0046,,,,,,,,,,,,,,,,,,,,,,,,,,,0.0076,,,,,,,,,,,,,,,,,,,,,0.0064,,,,,,,,0.0005,0.0012,,,,,,,,,,,,,,,,,
A,PRO,168,,,0.0134,0.0098,0.0485,0.0138,,,,,,,0.1063,,0.0730,0.0780,0.0146,,,,0.0433,0.0677,0.2203,,,,0.0239,,0.0269,0.0647,,,,0.0309,,,,,,0.0605,0.3376,,0.1704,0.0548,0.1004,0.0431,,,,0.0636,,,0.0050,0.0418,0.0219,,0.1213,0.0460,,,0.0175,0.1106,,0.0727,,0.0805,0.0240,,,0.0590,0.0211,0.2832,,0.1220,0.0311,0.0105,0.0072,0.0889,,0.0183,,0.0128,,,,0.3426,,,0.0718,0.1704,,,,0.1120,,0.3868,0.0343,0.0468,0.0060,,0.0648,,0.0849,0.0813,,0.1324,,,0.0045,,,0.0186,,,0.0474,,,0.0210,0.0580,0.0357,,,,0.0310,0.0461,,0.0121,,0.0130,,,0.2406,,,0.0329,,,0.0001,,0.0565,0.0512,0.0311,,0.1505,0.0581,0.0017,0.0002,,0.0465,,,0.0450,0.0408,,0.1289,,0.0232,,,,,0.0127,0.0018,,,,,,0.0638,0.0197,0.2806,0.1059,,0.1587,,0.0243,0.0005,,,0.0851,0.1431,0.0493,,,0.0474,0.0729,,,0.0218,,0.2362,0.0061,,0.0930,,,,0.0051,0.0917,0.3061,,,0.1108,0.3885,,0.1621,,,,,,,,0.1101,,,
A,THR,169,,,,,,,,,,,,,,,,,,,,,,,,,,,,,,,,,,,,,,,,,,,,,,,,,,,,,,,,,,,,,,,,,,,,,,,,,,,,,,,,,,,,,,,,,,,,,,,,,,,,,,,,,,,,,,,,,,,,,,,,,,,,,,,,,,,,,,,,,,,,,,,,,,,,,,,,,,,,,,,,,,,,,,,,,0.0073,,0.0012,,,,,,,,,,,,,,,,,,,,,,,,,,,,,,,,,,,,,,,,,,,,,,
A,GLY,170,,,,,,,,,,,,,,,,,,,,,,,,,,,,,,,,,,,,,,,,,,,,,,,,,,,,,,,,,,,,,,,,,,,,,,,,,,,,,,,,,,,,,,,,,,,,,,,,,,,,,,,,,,,,,,,,,,,,,,,,,,,,,,,,,,,,,,,,,,,,0.0693,,,,,,,,,0.0806,,,,,,,,,,,,,,,,,,,,0.1336,,0.1680,,,,,,,,,,,,,,,,,,,,,,,,,,,,,,,,,,,,,,,,,,,,,,
A,VAL,171,,,,,,,,,,,,,,,,,,,,,,,,,,,,,,,,,,,,,,,,,,,,,,,,,,,,,,,,,,,,,,,,,,,,,,,,,,,,,,,,,,,,,,,,,,,,,,,,,,,,,,,,,,,,,,,,,,,,,,,,,,,,,,,,,,,,,,,,,,,,,,,,,,,,,,,,,,,,,,,,,,,,,,,,,,,,,,,,,,,,,,,,,,,,,,,,,,,,,,,,,,,,,,,,,,,,,,,,,
A,HIS,172,,,,,,,,,,,,,,,0.0003,,,,,,,,,,,,,,,,,,,,,,,,,,,,,,,,,,,,,,0.0059,,,,,,,,,,,,,,,,,,,,,,,,0.0023,,,,,,,,,,,,,,,,0.1259,,,,,,,,,,,,,,,,,,,,,,,,,,,,,,,,,0.0159,,,,,,,,,,,,,,,,,,,,,,,,,,,,,,,,,,,0.0024,,,,,,,,,,,,,,,,,,,,,,,,,,,,,,,,,,,,,,,,,,,,,,,,,,,,,,,0.1396,
A,ALA,173,,,,,,,,,,,,,,,,,,,,,,,,,,,,,,,,,,,,,,,,,,,,,,,,,,,,,,,,,,,,,,,,,,,,,,,,,,,,,,,,,,,,,,,,,,,,,,,,,,,,,,,,,,,,,,,,,,,,,,,,,,,,,,,,,,,,,,,,,,,,,,,,,,,,,,,,,,,,,,,,,,,,,,,,,,,,,,,,,,,,,,,,,,,,,,,,,,,,,,,,,,,,,,,,,,,,,,,,,
A,PHE,181,,,,,,,,,,,,,,,,,,,,,,,,,,,,,,,,,,,,,,,,,,,,,,,,,,,,,,,,,,,,,,,,,,,,,,,,,,,,,,,,,,,,,,,,,,,,,,,,,,,,,,,,,,,,,,,,,,,,,,,,,,,,,,,,,,,,,,,,,,,,,,,,,,,,,,,,,,,,,,,,,,,,,,,,,,,,,,,,,,,,,,,,,,,,,,,,,,,,,,,,,,,,,,,,,,,,,,,,,
A,PHE,185,,,,,,,,,,,,,,,,,,,,,,,,,,,,,,,,,,,,,,,,,,,,,,,,,,,,,,,,,,,,,,,,,,,,,,,,,,,,,,,,,,,,,,,,,,,,,,,,,,,,,,,,,,,,,,,,,,,,,,,,,,,,,,,,,,,,,,,,,,,,,,,,,,,,,,,,,,,,,,,,,,,,,,,,,,,,,,,,,,,,,,,,,,,,,,,,,,,,,,,,,,,,,,,,,,,,,,,,,
A,VAL,186,,,,,,,,,,,,,,,,,,,,,,,,,,,,,,,,,,,,,,,,,,,,,,,,,,,,,,,,,,,,,,,,,,,,,,,,,,,,,,,,,,,,,,,,,,,,,,,,,,,,,,,,,,,,,,,,,,,,,,,,,,,,,,,,,,,,,,,,,,,,,,,,,,,,,,,,,,,,,,,,,,,,,,,,,,,,,,,,,,,,,,,,,,,,,,,,,,,,,,,,,,,,,,,,,,,,,,,,,
A,ASP,187,0.0198,,,0.2565,,,,,,,,,,0.0040,,,,,,,,,,,,,0.0001,,0.0529,,,,0.0001,,,,,,,,,,,,,,,,,,,,,,,,,,,,,,,,,,,,,,,,0.1613,,0.0648,,,,,,,,,,,,,,,,,,,,,,,,,,,,,,,,,,0.0027,,,,,,,,,,,,,,,,,,,,,,,,,,,0.0110,0.1246,,,,,,,,,,,,,,,,,,,,,,,,,,,,,,,,,,,,,,,,,,,,,,,,,,,,,,,,,,,,,0.1934,,,,,,,,,,0.0754,0.0136,,,,,,,,
A,ARG,188,0.0344,,0.0243,0.0041,0.0209,,,0.0243,,,,0.1398,,0.3461,,0.0512,,,,,,0.0057,,,,,0.2608,,0.0646,0.0206,,,0.0069,0.0002,0.0241,,,,,,,0.0029,,0.0529,,,,,,,0.0056,,0.0027,,,,0.0361,,,,,0.0023,0.0279,,,,,,,0.0360,,0.0420,0.0996,0.0380,0.0615,,,,,,,,,,,,,,,,,,,,,0.0022,0.0581,,,,,,,,,,,,0.0431,,,,,,,,,,,,,0.0718,,,,,,,,,,,,,,0.3467,,,,,,,,,,,,,,,,,,,,,,,,,,,,0.0056,,0.6222,,,0.1443,,,,,,,,,,,,,,,,,,,,,,0.1087,,,,,,,0.0395,,,,0.1913,,,,,0.0614,0.0480,0.1559,,,,,,,,
A,GLN,189,0.0788,0.4498,0.1515,0.4687,0.1543,0.1136,0.0802,0.1834,0.2932,0.0002,0.1367,0.2384,0.1826,0.3537,0.2403,0.0600,0.0352,0.0001,0.0710,0.0186,0.0157,0.1272,0.2013,0.7792,0.2348,0.0607,0.2935,0.2365,0.0094,0.2212,0.3976,0.0101,0.1127,0.0032,0.0546,,0.1564,0.3152,0.2368,0.1137,0.3365,0.8762,,0.1092,0.1478,0.1190,0.3569,0.0254,0.0090,0.0052,0.1736,,0.1428,0.2534,0.0870,0.0823,0.2466,0.1798,0.1740,,0.3224,0.0220,0.1209,0.2580,0.3746,0.2095,0.2779,0.9276,0.0059,0.1853,0.0958,0.1314,0.4217,0.1157,0.0911,,0.0346,0.0006,0.2561,0.1249,0.0654,,0.0933,0.0787,0.0661,0.2862,0.0040,0.3332,,,0.0641,0.0144,0.2502,,0.0630,0.1035,0.1574,0.0842,0.1405,0.0026,0.1593,0.2218,0.4470,0.1744,0.0176,0.0055,0.0011,0.0619,0.1330,,0.2155,0.4075,,,0.3888,,,0.0782,0.0673,0.0386,0.0388,0.0658,,0.2485,,0.0107,,1.3306,0.1267,0.0173,1.2562,0.3778,,0.9131,0.1520,0.3160,1.1246,0.0192,0.0471,0.0303,,0.0961,0.0308,0.0406,0.3156,0.4582,0.1952,0.0496,0.0687,0.1064,0.0581,0.0348,0.0750,,,0.1057,,0.2872,,0.1998,0.0105,0.2826,,0.0761,,0.8722,,0.1216,0.1226,0.0001,0.2787,0.0262,0.1122,0.1227,,,,0.0496,0.1997,0.0346,,,0.2687,,,0.0777,,0.3569,0.0233,0.3667,0.6128,,0.0304,0.3020,1.2858,1.4235,,0.0774,0.1666,0.3948,0.8550,0.6751,0.1483,0.0787,0.1418,0.1620,0.2449,0.4483,0.4767,0.2032,1.3655,1.7525,0.5546,0.7635,1.2301,2.6835,0.2789
A,THR,190,,0.0104,,,,0.0523,,0.0398,,,,0.0220,,,0.0296,0.2592,0.1075,,,0.0093,,,,,,,0.0082,0.0218,0.0350,,,,,,,,,,0.0463,0.0025,0.1009,,0.0050,0.0613,,,,,,,,,0.0422,,0.0300,,0.1586,,,,0.0297,0.0114,,0.1189,,0.0572,0.0453,,,,0.0442,0.0210,,,,,0.0033,,0.0012,,0.0040,,,,0.0145,,,,,0.0057,,,,,,0.0709,,0.1742,0.0006,,0.0205,,0.0198,0.0162,,,,0.0165,,,,0.1270,,,0.0168,,,,,0.0335,,,,,,,,,0.0760,,,,,,0.0035,,,,,,,,0.7765,,0.0399,0.1165,0.0680,,,,,,,,,0.0112,,,,,,0.1870,,,,0.0354,,,,0.0262,0.0007,,,,,0.0648,,,,,,,0.1866,,,,,,,,0.0934,,0.0502,0.0017,,,,,,,,,,0.0020,0.0517,0.1331,,,,,,,,,0.1680,,
A,ALA,191,,,0.0011,,,0.0011,,0.0236,,,,,,,,,0.0644,,,0.0156,,,,,,,,,,,,,,,,,,,,,,,0.0037,,,,,,,,,,,,,,0.1290,,,,,,,,,,0.0921,,,,,,,,,,,0.0235,,,,,,,,,,,,,,,,,,,,0.0324,,,,,,,,,,,0.0140,,,,,,,,,,,,,,,,,,,,,,,,,,,,,,,,,,,,,,,,,,,0.0001,,,,,,,,,,,,,,,,,,,,,,,,,0.0039,,,,,,0.0003,,,,,,,,,,,,,,,,,,,,,,,,,,,,,,,,,,
A,GLN,192,,,,,,,,,,,,,,,,,,,,,,,,,,,,,,,,,,,,,,,,,,,,,,,,,,,,,,,,,,,,,,,,,,,,,,,,,,,,,,,,,,,,,,,,,,,,,,,,,,,,,,,,,,,,,,,,,,,,,,,,,,,,,,,,,,,,,,,,,,,,,,,,,,,,,,,,,,,,,,,,,,,,,,,,,,,,,,,,,,,,,,,,,,,,,,,,,,,,,,,,,,,,,,,,,,,,,,,,,
A,ALA,193,,,,,,,,,,,,,,,,,,,,,,,,,,,,,,,,,,,,,,,,,,,,,,,,,,,,,,,,,,,,,,,,,,,,,,,,,,,,,,,,,,,,,,,,,,,,,,,,,,,,,,,,,,,,,,,,,,,,,,,,,,,,,,,,,,,,,,,,,,,,,,,,,,,,,,,,,,,,,,,,,,,,,,,,,,,,,,,,,,,,,,,,,,,,,,,,,,,,,,,,,,,,,,,,,,,,,,,,,

Intra-Ligand Free,,,-0.9830,-0.7342,-0.5899,-0.6838,-0.6967,-0.6209,-0.7331,-1.0187,-0.8376,-0.7922,-0.8632,-1.0775,-0.8932,-1.0981,-0.9322,-1.1609,-0.7565,-1.2490,-0.8988,-0.5811,-0.7421,-0.1277,-0.9885,-0.8675,-0.6735,-0.9064,-1.1411,-1.0144,-1.1711,-0.9728,-1.2022,-1.0719,-1.1388,-1.0844,-0.7713,-1.3898,-1.1636,-1.1380,-1.3548,-0.9164,-1.2795,-1.1418,-1.1420,-0.5811,-0.8936,-1.0835,-0.9757,-1.3713,-1.5357,-0.8283,-0.3876,-1.1319,-0.7702,-0.9118,-1.1728,-1.0802,-1.0021,-0.7525,-1.0237,-1.4589,-1.4565,-1.0931,-0.9958,-1.0113,-1.0418,-1.5584,-0.8128,-0.9709,-1.0453,-0.5440,-1.0956,-1.0515,-1.5378,-0.8286,-1.0624,-1.1750,-0.9727,-1.0585,-0.5852,-0.8132,-1.0874,-1.0262,-1.6245,-0.7519,-1.4926,-0.5900,-0.0794,0.2438,-0.5312,-0.7311,-0.9654,-0.7618,-1.0740,-0.7354,-1.3644,-0.8588,-0.7972,-1.0703,-1.3407,-0.9723,-1.3244,-1.0464,-1.4736,-1.3893,-1.1897,-1.1787,-0.9621,-1.0879,-0.7566,-0.9613,-1.4557,-1.4591,1.1572,-0.5528,-0.8278,-0.6126,-0.3177,-0.4298,-0.8318,-1.1009,-1.0407,1.0583,-1.0621,-0.2751,-0.9583,-0.8598,-0.9625,-1.6043,-1.0771,-0.9829,-0.9956,-0.8509,-1.1002,-0.7915,-0.9493,0.2606,-0.1764,-0.8082,-0.9561,-0.7197,-0.8568,-1.1889,-1.3453,-1.0824,-0.9935,-0.8569,-0.6178,-0.7547,-1.0397,-1.3230,-0.6118,-0.6124,-0.7876,-0.5597,-0.6321,-0.5470,-0.6792,-1.2272,-0.4658,0.6108,-1.0505,-0.7639,-1.3790,1.1703,-1.0848,-0.9777,-1.3163,-1.1158,-0.7636,-0.4927,-1.0368,-0.9986,-0.6312,-1.3984,-1.0281,-0.6142,-0.8668,-1.0346,-0.0903,-0.6397,-0.6360,-1.2406,-0.2330,-0.3361,-1.0497,-1.3376,-0.8425,-0.0616,1.1896,-0.0367,0.8760,-1.3340,-0.5851,1.1352,-0.8877,-1.0196,-0.7061,1.6500,-1.1664,-1.2301,-0.8497,2.3239,1.1309,0.5512,0.0881,1.0695,1.1753,1.0883,2.5744,1.5760,1.4559,1.2384,2.8898,1.5120,5.0125,1.3863,42.8628
Inter-Ligand Free,,,-10.0434,-9.6917,-9.7528,-9.6101,-9.5854,-9.5880,-9.3387,-9.0403,-9.0685,-9.1006,-8.9173,-8.6971,-8.8470,-8.6301,-8.7627,-8.5339,-8.8967,-8.3841,-8.7168,-9.0318,-8.8556,-9.4504,-8.5650,-8.6412,-8.7455,-8.5028,-8.2597,-8.3641,-8.1942,-8.3837,-8.1415,-8.2454,-8.1646,-8.1133,-8.3893,-7.7653,-7.9534,-7.9387,-7.6808,-8.0711,-7.6778,-7.8066,-7.7925,-8.3352,-7.9951,-7.7980,-7.8989,-7.4865,-7.2775,-7.9616,-8.3629,-7.6150,-7.9574,-7.7967,-7.5296,-7.6213,-7.6968,-7.9348,-7.6498,-7.2081,-7.2071,-7.5615,-7.6496,-7.6248,-7.5633,-7.0188,-7.7446,-7.5788,-7.5030,-8.0005,-7.4445,-7.4737,-6.9403,-7.5884,-7.3256,-7.2045,-7.4042,-7.3165,-7.7821,-7.5197,-7.1452,-7.1887,-6.5528,-7.4187,-6.6522,-7.4765,-7.9603,-8.2679,-7.4588,-7.2518,-6.9828,-7.1513,-6.7998,-7.0845,-6.4186,-6.9229,-6.9723,-6.6687,-6.3298,-6.6765,-6.2731,-6.5498,-6.0941,-6.1461,-6.2897,-6.2901,-6.4910,-6.3241,-6.6395,-6.4130,-5.9042,-5.8979,-8.4808,-6.7547,-6.4589,-6.6254,-6.9164,-6.7909,-6.3839,-6.0987,-6.1457,-8.2363,-6.1029,-6.8823,-6.1585,-6.2529,-6.1334,-5.4797,-5.9945,-6.0863,-6.0527,-6.1881,-5.9356,-6.2018,-6.0425,-7.2257,-6.7850,-6.1450,-5.9899,-6.1666,-5.9871,-5.6539,-5.4822,-5.7088,-5.7517,-5.8631,-6.0524,-5.8942,-5.5923,-5.3017,-5.9808,-5.9737,-5.7573,-5.9055,-5.8234,-5.9040,-5.7546,-5.1684,-5.9132,-6.9718,-5.3035,-5.5749,-4.8925,-7.4276,-5.0964,-5.1962,-4.8388,-5.0227,-5.3636,-5.6089,-5.0426,-5.0779,-5.4155,-4.6191,-4.9116,-5.3201,-5.0444,-4.8350,-5.7498,-5.1188,-5.0314,-4.4180,-5.4079,-5.2172,-4.4321,-4.1045,-4.5542,-5.3329,-6.5097,-5.1899,-6.0859,-3.8581,-4.5939,-6.2893,-4.2616,-3.9756,-4.2739,-6.6245,-3.7651,-3.2351,-3.5564,-6.6852,-5.3870,-4.5018,-3.9594,-4.9266,-4.8443,-4.5633,-5.7893,-3.8354,-3.6576,-3.2932,-3.7070,-1.4668,-2.8290,8.6616,44.9087
Total Free Energy,,,-11.0264,-10.4259,-10.3427,-10.2939,-10.2821,-10.2089,-10.0718,-10.0590,-9.9060,-9.8928,-9.7805,-9.7746,-9.7402,-9.7283,-9.6949,-9.6948,-9.6531,-9.6331,-9.6156,-9.6129,-9.5977,-9.5780,-9.5535,-9.5086,-9.4190,-9.4092,-9.4008,-9.3784,-9.3653,-9.3565,-9.3437,-9.3173,-9.3034,-9.1977,-9.1606,-9.1551,-9.1169,-9.0767,-9.0355,-8.9875,-8.9573,-8.9484,-8.9345,-8.9164,-8.8887,-8.8815,-8.8746,-8.8578,-8.8132,-8.7899,-8.7505,-8.7469,-8.7277,-8.7085,-8.7024,-8.7015,-8.6989,-8.6873,-8.6736,-8.6670,-8.6636,-8.6546,-8.6454,-8.6361,-8.6051,-8.5772,-8.5575,-8.5498,-8.5483,-8.5445,-8.5400,-8.5252,-8.4781,-8.4171,-8.3880,-8.3795,-8.3769,-8.3749,-8.3673,-8.3329,-8.2326,-8.2149,-8.1773,-8.1706,-8.1448,-8.0665,-8.0396,-8.0241,-7.9900,-7.9829,-7.9482,-7.9132,-7.8738,-7.8199,-7.7830,-7.7817,-7.7695,-7.7390,-7.6705,-7.6488,-7.5975,-7.5961,-7.5678,-7.5354,-7.4794,-7.4688,-7.4530,-7.4120,-7.3961,-7.3743,-7.3599,-7.3570,-7.3236,-7.3075,-7.2867,-7.2379,-7.2341,-7.2207,-7.2157,-7.1996,-7.1864,-7.1780,-7.1650,-7.1574,-7.1168,-7.1127,-7.0959,-7.0840,-7.0716,-7.0692,-7.0484,-7.0390,-7.0358,-6.9933,-6.9918,-6.9652,-6.9614,-6.9532,-6.9459,-6.8863,-6.8440,-6.8428,-6.8275,-6.7913,-6.7451,-6.7200,-6.6702,-6.6489,-6.6320,-6.6247,-6.5927,-6.5861,-6.5450,-6.4652,-6.4555,-6.4510,-6.4338,-6.3956,-6.3790,-6.3610,-6.3540,-6.3388,-6.2715,-6.2573,-6.1813,-6.1739,-6.1550,-6.1384,-6.1271,-6.1016,-6.0794,-6.0765,-6.0467,-6.0175,-5.9397,-5.9343,-5.9112,-5.8696,-5.8400,-5.7584,-5.6674,-5.6586,-5.6409,-5.5532,-5.4818,-5.4421,-5.3967,-5.3945,-5.3201,-5.2266,-5.2099,-5.1920,-5.1790,-5.1541,-5.1493,-4.9952,-4.9801,-4.9745,-4.9316,-4.4652,-4.4061,-4.3613,-4.2561,-3.9506,-3.8713,-3.8571,-3.6691,-3.4750,-3.2149,-2.2593,-2.2017,-2.0547,-0.8172,0.0452,2.1834,10.0479,87.7715
Normalized Total Free Energy,,,-7.4354,-6.9908,-6.9293,-6.8931,-6.8843,-6.8302,-6.7287,-6.7192,-6.6060,-6.5961,-6.5130,-6.5086,-6.4832,-6.4744,-6.4496,-6.4496,-6.4187,-6.4039,-6.3909,-6.3890,-6.3777,-6.3631,-6.3450,-6.3117,-6.2454,-6.2381,-6.2319,-6.2154,-6.2057,-6.1991,-6.1896,-6.1701,-6.1598,-6.0815,-6.0541,-6.0500,-6.0218,-5.9920,-5.9615,-5.9260,-5.9036,-5.8970,-5.8867,-5.8733,-5.8528,-5.8475,-5.8424,-5.8299,-5.7969,-5.7797,-5.7505,-5.7478,-5.7336,-5.7194,-5.7149,-5.7142,-5.7123,-5.7037,-5.6935,-5.6886,-5.6861,-5.6795,-5.6727,-5.6658,-5.6429,-5.6222,-5.6076,-5.6019,-5.6008,-5.5980,-5.5947,-5.5837,-5.5488,-5.5036,-5.4821,-5.4758,-5.4739,-5.4724,-5.4668,-5.4413,-5.3671,-5.3540,-5.3261,-5.3212,-5.3020,-5.2441,-5.2242,-5.2127,-5.1875,-5.1822,-5.1565,-5.1306,-5.1014,-5.0615,-5.0342,-5.0332,-5.0242,-5.0017,-4.9509,-4.9349,-4.8969,-4.8959,-4.8749,-4.8510,-4.8095,-4.8016,-4.7899,-4.7596,-4.7478,-4.7316,-4.7210,-4.7188,-4.6941,-4.6822,-4.6668,-4.6307,-4.6278,-4.6179,-4.6143,-4.6023,-4.5925,-4.5863,-4.5767,-4.5710,-4.5410,-4.5380,-4.5255,-4.5168,-4.5075,-4.5058,-4.4904,-4.4834,-4.4810,-4.4496,-4.4485,-4.4288,-4.4260,-4.4199,-4.4145,-4.3704,-4.3390,-4.3382,-4.3268,-4.3000,-4.2659,-4.2472,-4.2104,-4.1946,-4.1821,-4.1767,-4.1530,-4.1481,-4.1177,-4.0586,-4.0515,-4.0481,-4.0354,-4.0071,-3.9948,-3.9815,-3.9763,-3.9650,-3.9152,-3.9047,-3.8484,-3.8430,-3.8290,-3.8167,-3.8084,-3.7895,-3.7730,-3.7709,-3.7488,-3.7272,-3.6696,-3.6656,-3.6485,-3.6177,-3.5958,-3.5354,-3.4680,-3.4615,-3.4484,-3.3835,-3.3306,-3.3012,-3.2676,-3.2659,-3.2109,-3.1416,-3.1293,-3.1161,-3.1064,-3.0880,-3.0845,-2.9703,-2.9591,-2.9551,-2.9232,-2.5780,-2.5342,-2.5010,-2.4232,-2.1970,-2.1383,-2.1278,-1.9886,-1.8449,-1.6524,-0.9449,-0.9023,-0.7935,0.1227,0.7612,2.3442,8.1664,65.7071
