Chain ID,Residue name,Residue sequence,Conf 1,Conf 2,Conf 3,Conf 4,Conf 5,Conf 6,Conf 7,Conf 8,Conf 9,Conf 10,Conf 11,Conf 12,Conf 13,Conf 14,Conf 15,Conf 16,Conf 17,Conf 18,Conf 19,Conf 20,Conf 21,Conf 22,Conf 23,Conf 24,Conf 25,Conf 26,Conf 27,Conf 28,Conf 29,Conf 30,Conf 31,Conf 32,Conf 33,Conf 34,Conf 35,Conf 36,Conf 37,Conf 38,Conf 39,Conf 40,Conf 41,Conf 42,Conf 43,Conf 44,Conf 45,Conf 46,Conf 47,Conf 48,Conf 49,Conf 50,Conf 51,Conf 52,Conf 53,Conf 54,Conf 55,Conf 56,Conf 57,Conf 58,Conf 59,Conf 60,Conf 61,Conf 62,Conf 63,Conf 64,Conf 65,Conf 66,Conf 67,Conf 68,Conf 69,Conf 70,Conf 71,Conf 72,Conf 73,Conf 74,Conf 75,Conf 76,Conf 77,Conf 78,Conf 79,Conf 80,Conf 81,Conf 82,Conf 83,Conf 84,Conf 85,Conf 86,Conf 87,Conf 88,Conf 89,Conf 90,Conf 91,Conf 92,Conf 93,Conf 94,Conf 95,Conf 96,Conf 97,Conf 98,Conf 99,Conf 100,Conf 101,Conf 102,Conf 103,Conf 104,Conf 105,Conf 106,Conf 107,Conf 108,Conf 109,Conf 110,Conf 111,Conf 112,Conf 113,Conf 114,Conf 115,Conf 116,Conf 117,Conf 118,Conf 119,Conf 120,Conf 121,Conf 122,Conf 123,Conf 124,Conf 125,Conf 126,Conf 127,Conf 128,Conf 129,Conf 130,Conf 131,Conf 132,Conf 133,Conf 134,Conf 135,Conf 136,Conf 137,Conf 138,Conf 139,Conf 140,Conf 141,Conf 142,Conf 143,Conf 144,Conf 145,Conf 146,Conf 147,Conf 148,Conf 149,Conf 150,Conf 151,Conf 152,Conf 153,Conf 154,Conf 155,Conf 156,Conf 157,Conf 158,Conf 159,Conf 160,Conf 161,Conf 162,Conf 163,Conf 164,Conf 165,Conf 166,Conf 167,Conf 168,Conf 169,Conf 170,Conf 171,Conf 172,Conf 173,Conf 174,Conf 175,Conf 176,Conf 177,Conf 178,Conf 179,Conf 180,Conf 181,Conf 182,Conf 183,Conf 184,Conf 185,Conf 186,Conf 187,Conf 188,Conf 189,Conf 190,Conf 191,Conf 192,Conf 193,Conf 194,Conf 195,Conf 196,Conf 197,Conf 198,Conf 199,Conf 200,Conf 201,Conf 202,Conf 203,Conf 204,Conf 205,Conf 206,Conf 207,Conf 208,Conf 209,Conf 210,Conf 211,Conf 212,Conf 213,Conf 214,Conf 215,Conf 216,Conf 217,Conf 218,Conf 219,Conf 220,Conf 221,Conf 222,Conf 223,Conf 224,Conf 225,Conf 226,Conf 227,Conf 228,Conf 229,Conf 230,Conf 231,Conf 232,Conf 233
A,GLN,19,,,,,,,,,,,,,,,,,,,,,,,,,,,,,,,,,,,,,,,,,,,,,,,,,,,,,,,,,,,,,,,,,,,,,,,,,,,,,,,,,,,,,,,,,,,,,,,,,,,,,,,,,,,,,,,,,,,,,,,,,,,,,,,,,,,,,,,,,,,,,,,,,,,,,,,,,,,,,,,,,,,,,,,,,,,,,,,,,,,,,,,,,,,,,,,,,,,,,,,,,,,,,,,,,,,,,,,,,,,,,,,,,,,,,,,,,
A,VAL,20,,,,,,,,,,,,,,,,,,,,,,,,,,,,,,,,,,,,,,,,,,,,,,,,,,,,,,,,,,,,,,,,,,,,,,,,,,,,,,,,,,,,,,,,,,,,,,,,,,,,,,,,,,,,,,,,,,,,,,,,,,,,,,,,,,,,,,,,,,,,,,,,,,,,,,,,,,,,,,,,,,,,,,,,,,,,,,,,,,,,,,,,,,,,,,,,,,,,,,,,,,,,,,,,,,,,,,,,,,,,,,,,,,,,,,,,,
A,CYS,22,,,,,,,,,,,,,,,,,,,,,,,,,,,,,,,,,,,,,,,,,,,,,,,,,,,,,,,,,,,,,,,,,,,,,,,,,,,,,,,,,,,,,,,,,,,,,,,,,,,,,,,,,,,,,,,,,,,,,,,,,,,,,,,,,,,,,,,,,,,,,,,,,,,,,,,,,,,,,,,,,,,,,,,,,,,,,,,,,,,,,,,,,,,,,,,,,,,,,,,,,,,,,,,,,,,,,,,,,,,,,,,,,,,,,,,,,
A,THR,24,,,,,,,,,,,,,,,,,,,,,,,,,,,,,,,,,,,,,,,,,,,,,,,,,,,,,,,,,,,,,,,,,,,,,,,,,,,,,,,,,,,,,,,,,,,,,,,,,,,,,,,,,,,,,,,,,,,,,,,,,,,,,,,,,,,,,,,,,,,,,,,,,,,,,,,,,,,,,,,,,,,,,,,,,,,,,,,,,,,,,,,,,,,,,,,,,,,,,,,,,,,,,,,,,,,,,,,,,,,,,,,,,,,,,,,,,
A,THR,25,,,,,,,,,,,,,,,,,,,,,,,0.0032,,,,,,,,,,,,,,,,,,,,,,,,,,,,,,,,,,,,,,,,,,,,,,,,,,,,,,,,0.0049,,,,,,,,,,,,,,,0.2296,,,,,,,,,,,,,,,,,,,,,,,,0.0212,,,,,,,,,,,,,,,,,,,,,,,,,,,,,,,,,,,,,,,,,,,,,,,,,,,,,,,,,,,,,,,,,,,,,,,,,,,,,,,,,,,,,,,,,,,,,,,,,,,,,,,,,,,,,,,,,0.4966,,0.3034
A,THR,26,,,,,,,,,,,,,,,,,,,,,,,,,,,,,,,,,,,,,,,,,,,,,,,,,,0.0317,,,,,,,,,0.0023,,,,,,,,,,,0.0309,,,,,,,,,,,,,,,,,,,,0.1459,,,,0.0279,,,,,,,,0.0353,,,,,,,,,,,,,,,,0.0476,,,,0.0008,,,,,,,,,,,,,,,,,,,,,,,,,,,,,,,,,,,,,,,,,,,,,,,,,,,,,,,,,,,,,,,,,,,,,,,,,,,,,,,,,,,,,,,,,,,,,,,,,,,,,,,,,,,,,,,
A,LEU,27,,0.0276,,,,,,,,,,,,,,,,,,,,,0.0847,,,,,,,,,,,,,,,,,,,,,,,,,,,0.0187,,,,,,,,,0.0265,,,,,,,,,,,0.1155,,,,,,,,,,,,,,,,,,,,,,,,0.1143,,,,,,,,,,,,,,,,,,,,,0.0010,,,,,,,,,,,,,,,,,,,,,,,,,,,,,,,,,,,,,,,,,,,,,,,,,,,,,,,,,,,,,,,,,,,,,,,,,,,,,,,,,,,,,,,,,,,,,,,,,,,,,,,,,,,,,,,,,,,,1.2679,,
A,ASN,28,,,,,,,,,,,,,,,,,,,,,,,,,,,,,,,,,,,,,,,,,,,,,,,,,,,,,,,,,,,,,,,,,,,,,,,,,,,,,,,,,,,,,,,,,,,,,,,,,,,,,,,,,,,,,,,,,,,,,,,,,,,,,,,,,,,,,,,,,,,,,,,,,,,,,,,,,,,,,,,,,,,,,,,,,,,,,,,,,,,,,,,,,,,,,,,,,,,,,,,,,,,,,,,,,,,,,,,,,,,,,,,,,,,,,,,,,
A,PRO,39,,,,,,,,,,,,,,,,,,,,,,,,,,,,,,,,,,,,,,,,,,,,,,,,,,,,,,,,,,,,,,,,,,,,,,,,,,,,,,,,,,,,,,,,,,,,,,,,,,,,,,,,,,,,,,,,,,,,,,,,,,,,,,,,,,,,,,,,,,,,,,,,,,,,,,,,,,,,,,,,,,,,,,,,,,,,,,,,,,,,,,,,,,,,,,,,,,,,,,,,,,,,,,,,,,,,,,,,,,,,,,,,,,,,,,,,,
A,ARG,40,,,,,,,,,,,,,,,,,,,,,,,,,,,,,,,,,,,,,,,,,,,,,,,,,,,,,,,,,,,,,,,,,,,,,,,,,,,,,,,,,,,,,,,,,,,,,,,,,,,,,,,,,,,,,,,,,,,,,,,,,,,,,,,,,,,,,,,,,,,,,,,,,,,,,,,,,,,,,,,,,,,,,,,,,,,,,,,,,,,,,,,,,,,,,,,,,,,,,,,,,,,,,,,,,,,,,,,,,,,,,,,,,,,,,,,,,
A,HIS,41,,0.0249,0.0542,,,0.0233,0.0105,0.0571,0.0097,0.0444,0.0467,,0.0443,0.0002,0.1937,,0.0190,,0.0001,,0.0088,,0.0048,0.0006,,,,,,0.0003,,0.0062,,0.0378,0.1570,0.0164,,,,,,0.0572,,,,,,0.1409,0.0144,,,,,,,0.0090,,,0.0403,0.0582,,,,,,,,0.0202,,0.1839,,,,,,0.1332,,,,,,,,,,,,,,,0.0135,,0.0135,0.2800,,,0.1484,,,,,0.5632,,,,0.0657,,,,,,,,,0.0250,,,,,,,0.0053,,,,,,,,,,,,,,,,,,,,,,,,,,,,,,,,,,,,,,,,,,,,,,,,,,,,,,,,,,,,,,,,,,,,,,,,,,,,,,,,,,,,,,,,,,,,0.0158,,0.2489,,,,,,,,,,,,,0.0108,,,,5.0180
A,VAL,42,,,,,,,,,,,,,,,,,,,,,,,,,,,,,,,,,,,,,,,,,,,,,,,,,,,,,,,,,,,,,,,,,,,,,,,,,,,,,,,,,,,,,,,,,,,,,,,,,,,,,,,,,,,,,,,,,,,,,,,,,,,,,,,,,,,,,,,,,,,,,,,,,,,,,,,,,,,,,,,,,,,,,,,,,,,,,,,,,,,,,,,,,,,,,,,,,,,,,,,,,,,,,,,,,,,,,,,,,,,,,,,,,,,,,,,,,
A,ILE,43,,,,,,,,,,,,,,,,,,,,,,,,,,,,,,,,,,,,,,,,,,,,,,,,,,,,,,,,,,,,,,,,,,,,,,,,,,,,,,,,,,,,,,,,,,,,,,,,,,,,,,,,,,,,,,,,,,,,,,,,,,,,,,,,,,,,,,,,,,,,,,,,,,,,,,,,,,,,,,,,,,,,,,,,,,,,,,,,,,,,,,,,,,,,,,,,,,,,,,,,,,,,,,,,,,,,,,,,,,,,,,,,,,,,,,,,,
A,CYS,44,,,,,,,,,,,,,,,,,,,,,,,,,,,,,,,,,,,,,,,,,,,,,,,,,,,,,,,,,,,,,,,,,,,,,,,,,,,,,,,,,,,,,,,,,,,,,,,,,,,,,,,,,,,,,,,,,,,,,,,,,,,,,,,,,,,,,,,,,,,,,,,,,,,,,,,,,,,,,,,,,,,,,,,,,,,,,,,,,,,,,,,,,,,,,,,,,,,,,,,,,,,,,,,,,,,,,,,,,,,,,,,,,,,,,,,,,
A,THR,45,,,,,,,,,,,,,,,,,,,,,,,,,,,,,,,,,,,,,,,,,,,,,,,,,,,,,,,,,,,,,,,,,,,,,,,,,,,,,,,,,,,,,,,,,,,,,,,,,,,,,,,,,,,,,,,,,,,,,,,,,,,,,,,,,,,,,,,,,,,,,,,,,,,,,,,,,,,,,,,,,,,,,,,,,,,,,,,,,,,,,,,,,,,,,,,,,,,,,,,,,,,,,,,,,,,,,,,,,,,,,,,,,,,,,,,,,
A,SER,46,,,,,,,,,,,,,,,,,,,,,,,,,,,,,,,,,,,,,,,,,,,,,,,,,,,,,,,,,,,,,,,,,,,,,,,,,,,,,,,,,,,,,,,,,,,,,,,,,,,,,,,,,,,,,,,,,,,,,,,,,,,,,,,,,,,,,,,,,,,,,,,,,,,,,,,,,,,,,,,,,,,,,,,,,,,,,,,,,,,,,,,,,,,,,,,,,,,,,,,,,,,,,,,,,,,,,,,,,,,,,,,,,,,,,,,,,
A,GLU,47,,,,,,,,,,,,,,,,,,,,,,,,,,,,,,,,,,,,,,,,,,,,,,,,,,,,,,,,,,,,,,,,,,,,,,,,,,,,,,,,,,,,,,,,,,,,,,,,,,,,,,,,,,,,,,,,,,,,,,,,,,,,,,,,,,,,,,,,,,,,,,,,,,,,,,,,,,,,,,,,,,,,,,,,,,,,,,,,,,,,,,,,,,,,,,,,,,,,,,,,,,,,,,,,,,,,,,,,,,,,,,,,,,,,,,,,,
A,ASP,48,,,,,,,,,,,,,,,,,,,,,,,,,,,,,,,,,,,,,,,,,,,,,,,,,,,,,,,,,,,,,,,,,,,,,,,,,,,,,,,,,,,,,,,,,,,,,,,,,,,,,,,,,,,,,,,,,,,,,,,,,,,,,,,,,,,,,,,,,,,,,,,,,,,,,,,,,,,,,,,,,,,,,,,,,,,,,,,,,,,,,,,,,,,,,,,,,,,,,,,,,,,,,,,,,,,,,,,,,,,,,,,,,,,,,,,,,
A,MET,49,,0.0802,0.0032,,0.0001,0.1124,,0.0176,,,0.0429,,,,,,,,,,,,0.1473,,,,,,,,,0.0237,,,0.0574,,,,,0.1107,,0.0172,,,,,,0.0002,,0.1445,,,,,,,,,,,,,,,0.1501,,0.0230,,,0.0975,,,,0.0052,,0.0291,0.0191,,0.1846,,,,,0.2240,,,,,,0.1606,,,,0.0293,,,,,,,,0.0338,,,,0.1996,,,,,,,,,,,,0.0626,,,0.0188,0.8108,,,,,,,,,,,,,,,,,,,,0.1542,,,,,,,,,,,,,,,,,,,0.2884,,,,,,,,0.0370,,,,,,,,,,,,,,,,,,,,,,,,,,,,,,,0.0008,,,,,,,,,0.1173,,,,,,,0.5503,,,,,,,,0.0024,,,,,0.0223,1.1960,1.2404,0.2947,10.3493
A,LEU,50,,,,,,,,,,,,,,,,,,,,,,,,,,,,,,,,,,,,,,,,,,,,,,,,,,,,,,,,,,,,,,,,,,,,,,,,,,,,,,,,,,,,,,,,,,,,,,,,,,,,,,,,,,,,,,,,,,,,,,,,,,,,,,,,,,,,,,,,,,,,,,,,,,,,,,,,,,,,,,,,,,,,,,,,,,,,,,,,,,,,,,,,,,,,,,,,,,,,,,,,,,,,,,,,,,,,,,,,,,,,,,,,,,,,,,,,,
A,ASN,51,,,,,,,,,,,,,,,,,,,,,,,,,,,,,,,,,,,,,,,,,,,,,,,,,,,,,,,,,,,,,,,,,,,,,,,,,,,,,,,,,,,,,,,,,,,,,,,,,,,,,,,,,,,,,,,,,,,,,,,,,,,,,,,,,,,,,,,,,,,,,,,,,,,,,,,,,,,,,,,,,,,,,,,,,,,,,,,,,,,,,,,,,,,,,,,,,,,,,,,,,,,,,,,,,,,,,,,,,,,,,,,,,,,,,,,,,
A,PRO,52,,,,,,,,,,,,,,,,,,,,,,,,,,,,,,,,,,,,,,,,,,,,,,,,,,,,,,,,,,,,,,,,,,,,,,,,,,,,,,,,,,,,,,,,,,,,,,,,,,,,,,,,,,,,,,,,,,,,,,,,,,,,,,,,,,,,,,,,,,,,,,,,,,,,,,,,,,,,,,,,,,,,,,,,,,,,,,,,,,,,,,,,,,,,,,,,,,,,,,,,,,,,,,,,,,,,,,,,,,,,,,,,,,,,,,,,,
A,TYR,54,,,,,,,,,,,,,,,,,,,,,,,,,,,,,,,,,,,,,,,,,,,,,,,,,,,,,,,,,,,,,,,,,,,,,,,,,,,,,,,,,,,,,,,,,,,,,,,,,,,,,,,,,,,,,,,,,,,,,,,,,,,,,,,,,,,,,,,,,,,,,,,,,,,,,,,,,,,,,,,,,,,,,,,,,,,,,,,,,,,,,,,,,,,,,,,,,,,,,,,,,,,,,,,,,,,,,,,,,,,,,,,,,,,,,,,,,
A,CYS,117,,,,,,,,,,,,,,,,,,,,,,,,,,,,,,,,,,,,,,,,,,,,,,,,,,,,,,,,,,,,,,,,,,,,,,,,,,,,,,,,,,,,,,,,,,,,,,,,,,,,,,,,,,,,,,,,,,,,,,,,,,,,,,,,,,,,,,,,,,,,,,,,,,,,,,,,,,,,,,,,,,,,,,,,,,,,,,,,,,,,,,,,,,,,,,,,,,,,,,,,,,,,,,,,,,,,,,,,,,,,,,,,,,,,,,,,,
A,TYR,118,,,,,,,,,,,,,,,,,,,,,,,,,,,,,,,,,,,,,,,,,,,,,,,,,,,,,,,,,,,,,,,,,,,,,,,,,,,,,,,,,,,,,,,,,,,,,,,,,,,,,,,,,,,,,,,,,,,,,,,,,,,,,,,,,,,,,,,,,,,,,,,,,,,,,,,,,,,,,,,,,,,,,,,,,,,,,,,,,,,,,,,,,,,,,,,,,,,,,,,,,,,,,,,,,,,,,,,,,,,,,,,,,,,,,,,,,
A,ASN,119,,,,,,,,,,,,,,,,,,,,,,,,,,,,,,,,,,,,,,,,,,,,,,,,,,,,,,,,,,,,,,,,,,,,,,,,,,,,,,,,,,,,,,,,,,,,,,,,,,,,,,,,,,,,,,,,,,,,,,,,,,,,,,,,,,,,,,,,,,,,,,,,,,,,,,,,,,,,,,,,,,,,,,,,,,,,,,,,,,,,,,,,,,,,,,,,,,,,,,,,,,,,,,,,,,,,,,,,,,,,,,,,,,,,,,,,,
A,GLY,138,,,,,,,,,,,,,,,,,,,,,,,,,,,,,,,,,,,,,,,,,,,,,,,,,,,,,,,,,,,,,,,,,,,,,,,,,,,,,,,,,,,,,,,,,,,,,,,,,,,,,,,,,,,,,,,,,,,,,,,,,,,,,,,,,,,,,,,,,,,,,,,,,,,,,,,,,,,,,,,,,,,,,,,,,,,,,,,,,,,,,,,,,,,,,,,,,,,,,,,,,,,,,,,,,,,,,,,,,,,,,,,,,,,,,,,,,
A,SER,139,,,,,,,,,,,,,,,,,,,,,,,,,,,,,,,,,,,,,,,,,,,,,,,,,,,,,,,,,,,,,,,,,,,,,,,,,,,,,,,,,,,,,,,,,,,,,,,,,,,,,,,,,,,,,,,,,,,,,,,,,,,,,,,,,,,,,,,,,,,,,,,,,,,,,,,,,,,,,,,,,,,,,,,,,,,,,,,,,,,,,,,,,,,,,,,,,,,,,,,,,,,,,,,,,,,,,,,,,,,,,,,,,,,,,,,,,
A,PHE,140,,,,,0.0180,,0.0171,,,,,,0.0006,0.1332,0.0602,0.0173,,0.0048,,,,0.0874,,,0.0364,,0.0039,0.0089,,,,,0.0041,,,0.0006,,0.0778,,,,0.0268,,0.0043,,,0.1810,,,,,0.0078,,,,,,,0.0149,,0.1829,0.1032,0.0069,0.0778,,0.0931,,,,,0.0123,,0.0937,0.0018,,,,,,,,,,0.0387,,,,,,,,,,,,0.0861,0.0555,,,,,,,,0.0451,0.0706,,,,,,,,,,,,,,,,,,0.0103,,,,,,0.1085,,,,,,,,0.0109,,,,,,,,,0.0467,,,,,,,,,0.0052,,,,,,,,,,0.0373,,,,,,,,,,,,,,,,,,,,,,0.0212,,,,,,,,,,,0.2200,,,,,,,,,,0.4737,,,,,,,,,,,,,,,,,,,,,,,,
A,LEU,141,0.0017,,,,0.0212,,0.0058,0.0103,,,,,0.3329,,0.0128,0.0103,0.0417,0.0552,0.0758,0.3512,0.0004,0.0117,,0.0166,,,0.0492,,,,,0.0304,,0.0258,,0.0146,0.0361,0.0936,0.0645,0.1009,,0.0105,,0.0124,0.0683,,0.0330,0.0844,,0.1794,,,,,,,,,0.0071,,,0.2544,0.0038,,,,0.0555,0.1077,,,,,0.0011,0.0758,,0.5208,0.1434,,,,,0.0058,,0.0836,,0.0501,,,,,0.2705,,,,,0.1168,0.0266,,,,,0.0018,,,,0.0820,,,,,,,0.0961,0.0096,,,0.0038,,,,0.0829,,,0.2030,,,,,,,,,,,,,,,,,,0.4236,,,,,0.0815,,0.0434,,,,,,,,,,,,,,,,,0.0181,,,0.0003,,,,,,,,,,,,,,,,,,,,,,,,,0.0637,,,,,,,,,,,,,,,,,,,,,,,,,,,,,,,,,,,,,,,
A,ASN,142,,,,,0.0093,,,,,,,0.0513,,0.0070,0.0074,0.0126,0.0043,,,,,0.0063,0.0845,0.0230,,,,0.0680,,0.0018,,,0.0087,0.0001,,,,0.1694,0.0067,0.1045,,,,0.0007,0.0879,0.0023,0.3291,,,,,0.0209,,,,0.0472,0.0174,,0.2256,,,0.0046,,,0.0474,0.0536,0.1205,0.0345,,0.4219,,,0.0049,0.0583,,0.0002,0.0013,,0.0078,,,,0.0096,0.0031,0.0066,,,,,0.1341,0.0189,,,0.5437,,,0.0091,,,,,0.4217,0.0179,,0.0859,0.0491,,,,0.0036,,,0.0014,0.1076,,,,0.0723,0.0649,,0.0532,,,0.0494,,,,,,0.0396,,,0.0209,,,,0.0132,,,,,0.2755,0.0008,0.3618,,,0.0307,,0.0156,,0.0206,,,,,0.0046,,,,,0.1253,,,,,0.0131,,0.1298,0.2798,0.0027,,,0.0018,0.0035,,,,,,,0.0049,0.2820,,,,,,,,,,,0.0044,0.4902,,0.0158,,,0.0091,0.2141,,,,,,,,0.0204,0.7894,,,0.0373,,0.0007,0.0002,0.5382,,,0.1778,,0.0048,0.2266,,,,,,,,2.0996,2.6847,,
A,GLY,143,,0.0867,,,,,,,0.0179,,,,,0.0635,,,0.0188,,,,0.1998,0.0486,0.0234,,,,0.1355,,0.0006,0.0891,,,,,,,,,,0.0744,,,,,,,,,,0.0057,,,,,,,,,0.0583,0.0208,,,,,0.5171,,,,,0.1643,,,,,,0.2266,,,0.0208,,,,,,,,,,,,0.0105,,,0.0307,,,0.0656,,,,,0.3420,,,,0.1602,,,,,,,,,0.0193,,,0.1335,,,,0.0068,,0.2373,,,,,,,,,,,,,,,,,,,,,,,,,,,,,,,,,,,,,0.2988,,,,,,,,0.0025,,,,,,,,,,,,,,,,,,,,,,,,,0.0503,,,,,,,,,,,,,,,,,,,,,,0.0093,,,,,,,,,,,,,,,1.5785,,0.0513
A,SER,144,,,,,,,,,,,,,0.0285,,,,,,,0.0002,,,,,,,,,,,,,,,,,,,,,,,,,,,,,,,,,,,,,,,,,,,,,,,0.1327,0.0042,,,,,,,,,,,,,,,,,,,,,,,,,,,,,,,,,,,,,,,,,,,,,0.0078,,,,,,,,,,,,,,,,,,,,,,,,,,,,,,,,,,,,,,,,,,,,,,,,,,,,,,,,,,,,,,,,,,,,,,,,,,,,,,,,,,,,,,,,,,,,,,,,,,,,,,,,,,,,,,,,,,,,0.2926,,,,
A,CYS,145,0.0202,0.2757,,,,0.0201,,0.0363,0.0793,0.0254,0.4461,,0.1071,0.0486,0.0064,0.0557,0.0178,,0.0201,0.0706,0.0785,0.0300,0.0689,0.0241,0.1681,0.1068,0.1632,0.0814,,,,0.0218,,0.0328,0.0002,,0.0032,0.0565,0.0325,0.4022,0.0011,,,,,0.0070,0.1147,,0.0909,0.0520,,,,,,,0.0065,,0.0660,0.2358,,,,0.2428,0.1106,,0.0548,0.0289,,,,0.0277,,,,0.2293,,,,,,0.0315,0.0898,,,0.0646,,,,0.0612,0.0596,,,0.2399,,,0.2487,,,0.0184,,0.0706,,0.2279,0.0272,0.8475,,,0.0024,0.0069,,,0.0819,0.0584,0.1417,,0.0034,,0.0452,,0.0778,0.1761,,0.4021,,,,,0.0082,0.1103,0.0073,,,,,,,,,,,,,,,,,,,,0.0184,,,,,,,,,,0.0155,,,,,,,0.2164,0.1828,,,,,,,,,,,,,,,,,,,,,,,,,,,,,,,,,,,,,,,,,,,,,0.0044,,,,,,,,,,,,,,,2.4082,0.1420,0.7435,,1.4166
A,GLY,146,,,,,,,,,,,,,,,,,,,,,,,,,,,,,,,,,,,,,,,,,,,,,,,,,,,,,,,,,,,,,,,,,,,,,,,,,,,,,,,,,,,,,,,,,,,,,,,,,,,,,,,,,,,,,,,,,,,,,,,,,,,,,,,,,,,,,,,,,,,,,,,,,,,,,,,,,,,,,,,,,,,,,,,,,,,,,,,,,,,,,,,,,,,,,,,,,,,,,,,,,,,,,,,,,,,,,,,,,,,,,,,,,,,,,,,,,
A,SER,147,,,,,,,,,,,,,,,,,,,,,,,,,,,,,,,,,,,,,,,,,,,,,,,,,,,,,,,,,,,,,,,,,,,,,,,,,,,,,,,,,,,,,,,,,,,,,,,,,,,,,,,,,,,,,,,,,,,,,,,,,,,,,,,,,,,,,,,,,,,,,,,,,,,,,,,,,,,,,,,,,,,,,,,,,,,,,,,,,,,,,,,,,,,,,,,,,,,,,,,,,,,,,,,,,,,,,,,,,,,,,,,,,,,,,,,,,
A,TYR,161,,,,,,,,,,,,,,,,,,,,,,,,,,,,,,,,,,,,,,,,,,,,,,,,,,,,,,,,,,,,,,,,,,,,,,,,,,,,,,,,,,,,,,,,,,,,,,,,,,,,,,,,,,,,,,,,,,,,,,,,,,,,,,,,,,,,,,,,,,,,,,,,,,,,,,,,,,,,,,,,,,,,,,,,,,,,,,,,,,,,,,,,,,,,,,,,,,,,,,,,,,,,,,,,,,,,,,,,,,,,,,,,,,,,,,,,,
A,HIS,163,0.0778,,0.0546,0.0013,0.0516,,0.0535,,,0.0261,,0.0509,0.2362,0.0642,0.0002,0.0351,,0.0128,0.0388,0.3633,,,,0.0392,0.0038,0.0271,0.0301,0.1073,0.2337,,,0.0157,0.1240,0.1912,,0.1544,0.0380,0.0501,,,0.0004,,,0.1458,0.0716,0.0011,0.1172,0.0309,0.0662,,0.0230,0.0832,,,,,,,0.0337,,0.0239,0.2119,,0.0439,,0.2433,0.1900,0.0867,,,,0.0085,0.1677,,,0.0029,0.0254,,,,,,,,0.1688,,,,,,0.0559,,,,,0.1150,0.2568,,,0.0596,,,,,0.1442,0.0184,,,,,,,,0.0015,,,0.0326,,0.3106,,0.0027,,,,,,,,0.0015,,,,,,,,,,,,,0.0430,,,,,,,,,0.3822,,,,,,,,,,,,,,,0.0709,,,0.0154,,,,,,,,,,,,,,,,,,,,,,,,,,,,,,,,,,,,,,,,0.2923,,,,,,,,,,,,,,,,,,,,1.7059,,,,
A,HIS,164,,0.0124,0.0602,,,0.0001,0.2143,0.0069,0.0118,0.1386,0.0896,0.0218,0.0077,0.0019,0.1329,0.0518,0.0173,,,0.0027,0.0178,0.0408,,,,0.0042,,0.0248,,0.1045,,0.0021,0.0159,0.0014,0.0178,0.0170,,0.0049,0.0595,,,0.0127,,,,0.0043,0.0814,,0.0011,0.3949,0.0590,,,,,0.1650,,,,0.0003,,,,,,,0.0033,,,,,0.0001,,0.0010,,0.0731,,,0.3829,,,,,,,,,,,0.0201,0.0888,,,0.3862,,,0.1859,,,,,,,0.0003,0.1514,1.0464,,,,,,,,,,,,,,,,0.5656,,,,,,,,,,,,,,,,,,,0.0219,,,0.0364,,,,,,,0.0090,,,,,,,,,,0.4195,,,,,,,0.0001,,,,,,,,,,,,,,,,,,,,,,,,,,0.0067,,,,,,,,0.0075,,,,,,,,,,,,0.4174,,,,,,,,,,,,,,,0.0351,1.9652,1.8059,,2.9257
A,MET,165,0.5040,0.1602,0.5583,0.2007,0.5204,0.7895,0.1536,0.3244,0.0670,0.1112,0.1495,0.3194,0.2853,0.3945,0.0628,0.1199,,0.4083,0.1332,0.4651,0.1259,0.0169,0.0183,0.0063,0.1381,0.2239,0.0093,0.2959,0.1368,0.0300,0.3523,0.3889,0.0987,0.0644,0.1940,0.1004,0.1522,0.2122,0.1993,,0.0912,0.2950,0.2878,0.0138,0.0452,0.2495,0.2169,,0.0587,0.0117,0.0604,0.0276,,0.1819,0.5256,0.1227,0.1335,0.1063,,0.1698,0.0596,0.4757,0.1290,0.0376,0.2814,0.0283,0.7438,,0.4726,0.0916,0.0179,0.0786,,0.0054,0.1860,0.0686,0.1309,0.1988,0.2642,0.2349,0.0476,0.0888,,0.1864,0.0318,0.0171,0.0475,,0.2519,0.0384,0.0144,0.0401,,0.1954,0.0008,0.1197,,0.0361,0.1491,0.0122,0.2828,0.1311,0.0552,0.1159,0.2768,0.0049,,0.1999,,,0.0583,,,0.0118,0.3311,0.0830,0.0465,,,0.1250,0.0811,,,,0.1509,0.3100,,,0.1160,,0.0467,0.0043,0.0052,,,0.0515,0.0001,,,,0.0182,0.1217,,0.0281,,0.1140,,0.1025,,,0.0998,0.1091,0.2990,,,,,,,0.1984,,,0.0414,,,,,0.0049,,,,0.0017,,,,0.0376,0.0102,,,,0.0837,0.0537,,,,,,0.0464,,,,,,0.0640,,,,0.0054,,,,0.3198,,,,,,0.0003,,,,,,,,,,,,,,,,0.1112,,,,,2.6592,0.4850,0.8572,,0.5246
A,GLU,166,0.3498,0.1824,0.0163,0.3335,0.1674,0.0977,0.0096,0.0768,0.0141,,0.1816,0.0244,0.0505,0.0796,0.0884,0.1235,0.2553,0.0708,0.1010,0.0152,0.1717,0.1938,,0.0301,0.2328,0.2358,0.1394,0.0026,0.0127,0.0985,0.3437,0.0365,0.2274,0.0787,,0.0298,0.0462,0.0474,,,0.5056,0.1229,0.1239,0.0660,0.2031,0.2854,0.0549,0.0005,0.0332,0.1038,,0.3876,0.1019,0.5595,0.0548,0.3570,,0.1539,,0.0963,0.4915,0.1842,0.2010,0.2045,0.0844,0.1860,0.1771,0.0908,0.0902,0.1154,0.0931,0.2868,0.2236,0.4530,,,0.0482,0.0127,0.0760,0.0183,0.0025,0.0548,0.2737,0.0453,0.1286,0.2908,0.0905,0.3155,0.0004,0.0539,,0.2190,0.0437,0.0048,0.3440,0.1492,0.1554,0.2902,0.4353,0.3234,0.1478,0.0424,0.1656,0.4239,0.0346,0.1030,0.2504,0.2110,0.5322,0.7811,0.4155,0.0597,0.2304,0.0737,0.0305,0.0118,0.0994,,1.1656,0.2815,0.3298,,0.2664,0.0795,0.0680,0.0022,0.2957,0.3468,0.6787,0.3418,0.2804,0.3994,0.1889,0.0412,0.3172,0.3122,0.2077,0.4249,0.0628,0.0260,0.1539,0.7141,0.0645,0.1403,0.0863,0.0002,0.5910,0.0936,0.0996,0.0786,0.2998,,0.3719,0.1515,0.4519,0.2169,,0.1227,0.5322,,,,0.1983,0.3645,0.1118,0.2536,,0.2218,,0.0187,0.1925,0.2955,0.3936,0.4925,0.1271,0.5808,0.1500,0.3427,0.4988,0.0365,0.0849,,0.2387,,0.2477,0.1286,0.4728,0.0696,0.0314,0.1550,0.0096,0.0248,0.5778,0.5080,0.4673,0.1645,0.0804,0.3350,0.1042,0.8021,0.2091,0.7972,0.0269,,0.1360,0.3108,0.5266,0.1826,0.3791,0.1706,0.2717,0.4360,0.0048,0.0681,0.1657,,0.1324,,1.0958,0.1978,0.1790,0.2047,0.0374,0.0122,1.0827,0.1327,,0.7614,0.5309,,,,
A,LEU,167,,,,,,,,,,,,,,,,,,,,,,,,,,,,,,,,,,,,,,,,,,,,,,,,,,,,0.0155,,,,,,,,,0.0210,,,,,,,,0.0475,,,,,,,,,,,,,,,,,,0.0036,,0.0054,,,,,,,,,,,0.0218,0.0629,,,,,,,,0.0062,,,,,,,0.0011,,,,0.0128,,,,,,,,,0.0041,0.0050,0.0412,,,,,,,0.0304,,,,,0.0801,,,,,,,,,,,0.0676,,,,,0.0652,,,,0.0006,,,,,,,0.0073,0.0152,,,0.0014,,0.0014,,,0.0734,,0.0276,,,,0.0004,0.0023,0.0738,,,,,0.0379,,,,,,,,,,,,,,,,,,,,,,,,,,,,,,0.0598,,,,,,,,,,,
A,PRO,168,,,,,,,,,,,,,,,,,,,,,,,,,,,,,,,0.1057,,,,,,,,,,,,0.1468,,,,,,,,,0.0178,0.2204,,0.0127,,,0.0728,,,,,,,,0.0028,,,0.0656,,,,,,0.1700,,,0.0773,,0.0607,0.2815,,,,,,0.0280,0.0012,0.2506,,,0.2198,,,0.0459,,,,,0.0653,0.1263,,,,,,0.0276,0.0761,0.0020,0.1264,0.0010,0.0476,,,,0.2026,,,,0.0014,,,0.0122,,0.0123,,0.0004,,0.0155,,0.1196,,,0.2012,0.0073,,0.0765,0.0246,0.2508,0.1223,,,0.0225,,0.0460,0.0277,,,0.2194,0.0532,,0.2263,0.0040,0.0719,0.1333,,0.1151,,0.3261,,,0.0042,,,,,0.4246,,,0.0385,,,,0.0012,0.1692,0.0039,,0.1021,0.0590,0.0572,0.0225,,0.1085,0.0024,0.5620,0.1434,0.2463,,0.0398,0.0470,0.0152,,0.0060,,0.1604,,0.0742,0.0064,,,,0.0099,,0.1677,,,0.4683,,,0.3446,0.1553,0.0764,0.0818,,,,,,0.1795,,,0.4549,,,0.5040,0.2548,,0.6591,,,,,
A,THR,169,,,,,,,,,,,,,,,,,,,,,,,,,,,,,,,,,,,,,,,,,,,,,,,,,,,,,,,,,,,,,,,,,,,,,,,,,,,,,,,,,,,,,,,,,,,,,,,,,,,,,,,,,,,,,,,,,,,,,,,,,,,,,,,,,,,,,,,,,,,,,,,,,,,,,,,,,,,,,,,,,,,,,,,,,,,,,,,,,,,,,,,,,,,,,,,,,,,,,,,,,,,,,,,,,,,,,,,,,,,,,,,,,,,,,,,,,
A,GLY,170,,,,,,,,,,,,,,,,,,,,,,,,,,,,,,,,,,,,,,,,,,,,,,,,,,,,,,,,,,,,,,,,,,,,,,,,,,,,,,,,,,,,,,,,,,,,,,,,,,,,,,,,,,,,,,,,,,,,,,,,,,,,,,,,,,,,,,,,,,,,,,,,,,,,,,,,,,,,,,,,,,,,,,,,,,,,,,,,,,,,,,,,,,,,,,,,,,,,,,,,,,,,,,,,,,,,,,,,,,,,,,,,,,,,,,,,,
A,VAL,171,,,,,,,,,,,,,,,,,,,,,,,,,,,,,,,,,,,,,,,,,,,,,,,,,,,,,,,,,,,,,,,,,,,,,,,,,,,,,,,,,,,,,,,,,,,,,,,,,,,,,,,,,,,,,,,,,,,,,,,,,,,,,,,,,,,,,,,,,,,,,,,,,,,,,,,,,,,,,,,,,,,,,,,,,,,,,,,,,,,,,,,,,,,,,,,,,,,,,,,,,,,,,,,,,,,,,,,,,,,,,,,,,,,,,,,,,
A,HIS,172,,,,,,,,,,,,,,,,,,,,,,,,,,,,,,,,,,,,,,0.0003,,,,,,,,,,,,,,,,,,,,,,,,,,,,,,,,,,,,,,,,,,,,,,,,,,,,,,,,,,,,,,,,,,,,,,,,,,,,,,,,,,,,,,,,,,,,,,,,,,,,,,,,,,,,,,,,,,,,,,,,,,,,,,,,,,,,,,,,,,,,,,,,,,,,,,,,,,,,,,,,,,,,,,,,,,,0.0044,,,,,,,,,,,,,,,,,,,,,,,,
A,ALA,173,,,,,,,,,,,,,,,,,,,,,,,,,,,,,,,,,,,,,,,,,,,,,,,,,,,,,,,,,,,,,,,,,,,,,,,,,,,,,,,,,,,,,,,,,,,,,,,,,,,,,,,,,,,,,,,,,,,,,,,,,,,,,,,,,,,,,,,,,,,,,,,,,,,,,,,,,,,,,,,,,,,,,,,,,,,,,,,,,,,,,,,,,,,,,,,,,,,,,,,,,,,,,,,,,,,,,,,,,,,,,,,,,,,,,,,,,
A,PHE,181,,,,,,,,,,,,,,,,,,,,,,,,,,,,,,,,,,,,,,,,,,,,,,,,,,,,,,,,,,,,,,,,,,,,,,,,,,,,,,,,,,,,,,,,,,,,,,,,,,,,,,,,,,,,,,,,,,,,,,,,,,,,,,,,,,,,,,,,,,,,,,,,,,,,,,,,,,,,,,,,,,,,,,,,,,,,,,,,,,,,,,,,,,,,,,,,,,,,,,,,,,,,,,,,,,,,,,,,,,,,,,,,,,,,,,,,,
A,PHE,185,,,,,,,,,,,,,,,,,,,,,,,,,,,,,,,,,,,,,,,,,,,,,,,,,,,,,,,,,,,,,,,,,,,,,,,,,,,,,,,,,,,,,,,,,,,,,,,,,,,,,,,,,,,,,,,,,,,,,,,,,,,,,,,,,,,,,,,,,,,,,,,,,,,,,,,,,,,,,,,,,,,,,,,,,,,,,,,,,,,,,,,,,,,,,,,,,,,,,,,,,,,,,,,,,,,,,,,,,,,,,,,,,,,,,,,,,
A,VAL,186,,,,,,,,,,,,,,,,,,,,,,,,,,,,,,,,,,,,,,,,,,,,,,,,,,,,,,,,,,,,,,,,,,,,,,,,,,,,,,,,,,,,,,,,,,,,,,,,,,,,,,,,,,,,,,,,,,,,,,,,,,,,,,,,,,,,,,,,,,,,,,,,,,,,,,,,,,,,,,,,,,,,,,,,,,,,,,,,,,,,,,,,,,,,,,,,,,,,,,,,,,,,,,,,,,,,,,,,,,,,,,,,,,,,,,,,,
A,ASP,187,,0.0492,,,,0.0179,,,,,0.0019,,,,,,,,,,0.0010,,0.1089,,,,,,,0.0086,,,,,,,,,,,,,,,,,,,,,,,,,,,,,,,,,,,,,,,,,,,,,,0.0051,,,,,,,,,,,,,,,,,,,,,,,,,,,,,,,,,,,,,,,,,,,,,,,,,,,,,,,,,,,,,,,,,,,,,,,,,,,,,0.0005,,,,,,,,,,,,,,,,,,,,,,,,,,,,,,,,,,,,,,,,,,,,,,,,,,,,,,,,,,,,,,,,,,,,,,,,,,,,,0.0004,,,
A,ARG,188,0.0249,0.0508,0.0134,0.0202,,,0.0026,,,0.0085,0.0088,,,,,,,,,,0.0033,0.0012,0.0489,,,0.0025,,,,0.0113,0.0059,,,,,0.0371,,,0.0342,,,,0.0290,,,0.0054,,,,,,,0.0427,,0.0138,,,,,,,,,,,,,,0.0056,,,0.0552,,,0.0041,0.0384,,,,,0.0229,0.0392,,,,,,,0.0147,,,,,,,,,0.0008,,,,,,,,,,,,,,,,,,,,,,,,,,,,,,,,,,,0.0073,,,,,,,,,,,,,,,,,,,0.1665,0.1654,,,,,,,0.0343,,,,,,,,,,,,,,,,,,,,,,,,,,,,,,,,,,,,,,,,,,,,,,,,,,,,,,,,,,,,,,,,,,,,,,0.0570,,,
A,GLN,189,0.2973,0.1690,0.1416,0.2842,0.1960,0.2016,0.2233,0.0778,,0.0247,0.3359,,0.2623,0.0255,0.0564,0.2267,,0.1766,0.0044,0.2664,0.0163,0.0552,,0.0708,0.0717,0.3096,0.0089,0.0325,0.0168,,0.3045,,0.0200,0.0447,0.0270,0.0410,0.1316,0.0344,0.1146,0.0559,0.2546,0.0064,0.1073,0.0648,0.0507,0.1753,,0.1520,0.1002,0.5465,0.0723,,0.1095,0.0978,0.2006,0.2794,0.0035,0.1483,0.0412,0.3777,0.2465,0.1351,0.2186,0.0648,0.0717,0.0011,0.1730,,0.2407,0.2000,,0.0312,,0.4308,0.2274,0.1634,0.0040,0.1424,0.0990,0.0399,0.2399,0.3208,0.0030,,0.0030,0.0443,0.0525,0.0533,0.2950,,0.0012,0.2990,0.0922,0.0749,0.0407,0.0186,0.4136,0.0165,0.0316,0.0769,0.1402,0.3215,0.0831,0.1394,,0.3887,0.0175,0.2376,0.1019,,0.4334,0.0075,0.0122,0.0707,0.0142,0.0033,0.1655,,0.0253,0.0797,,0.1730,0.0043,0.0475,0.0878,0.3498,0.0614,0.1339,0.0003,,0.2140,0.0965,0.1487,0.1473,0.0051,0.1041,,0.0072,0.0488,0.0108,0.1681,0.0061,0.0175,,0.4049,0.3526,0.0335,0.0373,0.4644,0.0308,0.1575,0.3614,0.2881,0.1561,0.0260,0.0845,0.1625,0.0286,0.0004,0.2946,0.2175,0.1535,0.1480,1.1739,0.0006,0.0710,0.0379,,,,0.1661,0.7564,0.2646,0.2033,,0.0223,0.3213,0.0200,,0.0270,0.0044,,0.0828,0.0059,0.0494,0.0123,0.0337,0.0194,0.0228,0.0760,0.0122,0.0784,,0.8653,,0.2265,0.2506,0.0731,0.0216,0.0690,,0.0955,,,0.0304,0.0698,0.2771,,0.1969,,0.3620,0.0920,0.0033,0.9143,,0.6968,0.0162,0.0954,,0.0644,,,0.1408,1.3628,,0.0448,,,0.7398,6.7413,0.0508,15.0742,0.0420
A,THR,190,,,,,,0.0341,,,,,,,,,,,,,,,,,,,,,,,,,0.1580,,,,,,,,,,0.0657,,0.0243,,,,,,,,,,0.1113,,0.0259,,,0.1441,,,,,,,,,,,,,,0.0010,,,,,,0.0297,,0.0002,0.0273,,,,,,,,,,,,,,0.0011,,,0.0083,,,,,,,,,0.0090,,,,,0.0060,,,,0.0031,,,,,,,,,,0.2117,,,,,,,0.0863,,0.0278,,,,0.0524,,,,,,0.0332,,,0.0001,,,,,,0.0610,,,0.0849,,0.0274,,,0.1273,,,0.2178,,,,,,0.1108,,,,0.0132,0.0771,,0.0505,,0.1044,,,0.1314,,0.1179,0.0694,,,,,0.0532,0.0642,,,,,0.0257,,,,,0.0974,,0.2854,,,,,,,,,,,,,,0.0624,,,,,0.0070,,0.7779,,,0.7727,,,,,
A,ALA,191,,,,,,,,,,,,,,,,,,,,,,,,,,,,,,,,,,,,,,,,,,,,,,,,,,,,,,,,,,,,,,,,,,,,,,,,,,,,,,,,,,,,,,,,,,,,,,,,,,,,,,,,,,,,,,,,0.0385,,,,,,,,,,,,,,,,,,,,,,,,,,,,,,,,,,,,,,,,,,,,,,,,,,,,,,,,,,,,,,,0.0774,,,,,,,,,,,,,,,,0.0110,,,,,,,,,,,,,,,,,,,,,,,,,,,,,,,,,,,,,,,,,,
A,GLN,192,,,,,,,,,,,,,,,,,,,,,,,,,,,,,,,,,,,,,,,,,,,,,,,,,,,,,,,,,,,,,,,,,,,,,,,,,,,,,,,,,,,,,,,,,,,,,,,,,,,,,,,,,,,,,,,,,,,,,,,,,,,,,,,,,,,,,,,,,,,,,,,,,,,,,,,,,,,,,,,,,,,,,,,,,,,,,,,,,,,,,,,,,,,,,,,,,,,,,,,,,,,,,,,,,,,,,,,,,,,,,,,,,0.0470,,,0.1020,,,,,
A,ALA,193,,,,,,,,,,,,,,,,,,,,,,,,,,,,,,,,,,,,,,,,,,,,,,,,,,,,,,,,,,,,,,,,,,,,,,,,,,,,,,,,,,,,,,,,,,,,,,,,,,,,,,,,,,,,,,,,,,,,,,,,,,,,,,,,,,,,,,,,,,,,,,,,,,,,,,,,,,,,,,,,,,,,,,,,,,,,,,,,,,,,,,,,,,,,,,,,,,,,,,,,,,,,,,,,,,,,,,,,,,,,,,,,,,,,,,,,,
A,ALA,194,,,,,,,,,,,,,,,,,,,,,,,,,,,,,,,,,,,,,,,,,,,,,,,,,,,,,,,,,,,,,,,,,,,,,,,,,,,,,,,,,,,,,,,,,,,,,,,,,,,,,,,,,,,,,,,,,,,,,,,,,,,,,,,,,,,,,,,,,,,,,,,,,,,,,,,,,,,,,,,,,,,,,,,,,,,,,,,,,,,,,,,,,,,,,,,,,,,,,,,,,,,,,,,,,,,,,,,,,,,,,,,,,,,,,,,,,

Intra-Ligand Free,,,-0.4522,-0.4790,-0.5736,-0.4622,-0.4429,-0.4212,-0.6854,-0.4926,-0.5692,-0.6376,-0.6740,-0.9950,-0.7088,-0.5949,-0.4290,-0.7037,-0.5798,-0.3482,-0.5006,-0.4578,-0.4215,-0.5806,-0.5817,-0.8619,-0.5049,-0.5681,-0.4580,-0.7046,-0.6259,-0.4391,-0.6454,-0.6308,-0.7022,-0.5804,-0.6558,-0.4173,-0.5600,-0.9109,-0.4947,-0.4960,-0.5278,-0.5470,-0.9048,-0.3686,-0.6363,-0.4828,-0.7778,-0.6183,-0.5389,-0.5979,-0.6126,-0.6980,-0.8826,-0.3029,-0.6086,-0.7222,-0.3904,-0.5763,-0.2092,-0.4132,-0.4088,-0.6251,-0.8534,-0.5043,-0.7392,-0.6505,-0.3856,-0.5046,-0.6633,-0.7324,-0.4371,-0.4325,-0.6213,-0.8015,-0.7592,-0.1675,-0.6178,-0.7698,-0.6583,-0.7151,-0.6129,-0.4814,-0.5954,-0.4236,-0.8952,-0.7961,-0.6177,-0.8619,-0.4346,-0.4330,-0.8264,-0.4742,-0.6598,-0.7515,-0.8424,-0.2757,-0.4552,-0.8563,-0.4019,-0.2008,-0.4450,-0.5068,-0.6855,-0.5995,-0.2246,-0.4389,-0.7343,-0.6686,-0.8448,-0.2804,-0.7753,-0.9388,-0.3822,-0.6229,-0.4164,-0.7356,-0.5068,-0.3788,-0.7865,-0.3386,-0.4057,-0.7373,-0.4111,-0.5372,-0.5627,-0.4557,-0.4281,-0.7454,-0.6090,-0.4261,-0.3508,-0.8625,-0.4761,-0.8634,-0.6574,-0.6209,-0.8473,-0.6674,-0.4223,-0.7286,-0.6745,-0.6214,-0.7768,-0.6326,-0.5377,-0.4812,-0.6951,-0.7842,-0.3597,-0.5994,-0.0498,-0.2793,-0.3403,-0.7986,-0.7956,-0.6779,-0.3346,-0.6317,-0.5960,-0.6102,-0.6227,-0.6018,-0.1840,-0.6315,-0.4206,-0.4845,-0.6522,-0.3352,-0.4558,-0.2587,-0.2705,0.1098,-0.4176,-0.4764,-0.5245,-0.5900,-0.3738,-0.5368,-0.8081,-0.4418,-0.7811,-0.6704,-0.3901,-0.6884,-0.7502,-0.5663,-0.2115,-0.2404,-0.5719,-0.5432,-0.6363,-0.5503,-0.7762,-0.1430,-0.6518,-0.3998,-0.3785,-0.4992,-0.1887,-0.5373,-0.6551,-0.4513,-0.6841,-0.4517,-0.3160,-0.1926,-0.4499,-0.4218,-0.2992,-0.5638,-0.3491,-0.2614,-0.5764,-0.0136,-0.4817,0.6701,-0.2334,0.1608,-0.4285,-0.3263,-0.5634,-0.6161,-0.5924,-0.3346,-0.2708,-0.1509,-0.6910,0.4203,-0.6065,-0.6884,3.6175,0.0029,20.8780
Inter-Ligand Free,,,-8.2613,-8.1251,-7.8243,-7.9333,-7.7239,-7.6192,-7.3074,-7.4734,-7.3912,-7.3097,-7.2172,-6.8847,-7.1699,-7.2691,-7.4300,-7.1021,-7.1701,-7.3616,-7.2043,-7.2109,-7.2302,-7.0602,-7.0486,-6.6944,-7.0491,-6.9687,-7.0657,-6.7509,-6.8003,-6.9851,-6.7186,-6.7329,-6.5497,-6.5046,-6.4179,-6.6527,-6.4848,-6.1193,-6.5335,-6.5049,-6.4371,-6.4073,-6.0459,-6.5717,-6.2982,-6.4462,-6.1305,-6.2815,-6.3202,-6.2511,-6.2295,-6.1383,-5.9448,-6.5181,-6.1774,-6.0390,-6.2529,-5.9993,-6.3602,-6.1529,-6.1537,-5.9271,-5.6926,-6.0066,-5.7679,-5.8365,-6.0981,-5.9610,-5.7782,-5.7073,-5.9904,-5.9858,-5.7900,-5.6003,-5.6329,-6.2079,-5.7575,-5.6025,-5.7089,-5.6490,-5.7157,-5.8467,-5.7025,-5.8606,-5.3325,-5.4222,-5.5852,-5.3097,-5.7222,-5.7237,-5.3294,-5.6725,-5.4851,-5.3912,-5.2952,-5.7815,-5.5276,-5.0617,-5.5086,-5.6712,-5.3775,-5.3148,-5.1277,-5.2064,-5.5526,-5.3005,-4.9812,-5.0408,-4.8621,-5.4241,-4.9214,-4.7446,-5.2833,-5.0389,-5.2338,-4.9017,-5.1182,-5.2384,-4.7777,-5.2208,-5.1261,-4.7930,-5.0982,-4.9526,-4.9242,-5.0256,-4.9981,-4.6194,-4.7485,-4.9285,-4.9876,-4.4720,-4.8373,-4.4231,-4.6220,-4.6468,-4.3819,-4.5471,-4.7749,-4.4328,-4.4696,-4.5127,-4.3472,-4.4905,-4.5804,-4.6093,-4.3726,-4.2691,-4.6919,-4.4379,-4.9550,-4.6964,-4.6260,-4.1520,-4.1515,-4.2423,-4.5773,-4.2302,-4.2410,-4.2048,-4.1681,-4.1846,-4.5941,-4.1335,-4.2777,-4.1818,-4.0127,-4.3294,-4.2071,-4.3806,-4.3529,-4.7258,-4.1945,-4.1346,-4.0828,-4.0153,-4.2101,-4.0418,-3.7477,-4.0905,-3.7473,-3.8290,-3.9809,-3.6491,-3.5567,-3.7251,-4.0362,-3.9924,-3.6451,-3.6347,-3.5153,-3.5993,-3.3563,-3.9358,-3.3909,-3.6427,-3.6586,-3.5138,-3.8203,-3.4689,-3.3141,-3.4928,-3.2467,-3.4406,-3.5713,-3.6947,-3.4258,-3.4488,-3.5507,-3.2743,-3.4305,-3.4907,-3.1616,-3.6688,-3.1659,-4.2871,-3.3378,-3.5248,-2.9073,-3.0067,-2.7550,-2.5573,-2.4881,-2.4143,-2.3878,-2.4898,-1.7913,-2.7748,0.5511,5.6963,3.1794,11.5940,13.1315
Total Free Energy,,,-8.7136,-8.6041,-8.3978,-8.3955,-8.1668,-8.0404,-7.9928,-7.9660,-7.9604,-7.9473,-7.8913,-7.8797,-7.8787,-7.8641,-7.8590,-7.8059,-7.7499,-7.7099,-7.7049,-7.6688,-7.6517,-7.6408,-7.6303,-7.5564,-7.5540,-7.5368,-7.5237,-7.4555,-7.4262,-7.4242,-7.3640,-7.3637,-7.2520,-7.0850,-7.0736,-7.0700,-7.0448,-7.0302,-7.0283,-7.0009,-6.9649,-6.9543,-6.9506,-6.9403,-6.9345,-6.9290,-6.9082,-6.8998,-6.8591,-6.8490,-6.8421,-6.8363,-6.8274,-6.8210,-6.7860,-6.7612,-6.6433,-6.5756,-6.5694,-6.5661,-6.5625,-6.5522,-6.5461,-6.5109,-6.5071,-6.4870,-6.4837,-6.4656,-6.4414,-6.4397,-6.4275,-6.4183,-6.4113,-6.4018,-6.3920,-6.3754,-6.3753,-6.3723,-6.3673,-6.3641,-6.3286,-6.3281,-6.2979,-6.2842,-6.2278,-6.2182,-6.2028,-6.1715,-6.1568,-6.1567,-6.1558,-6.1466,-6.1448,-6.1427,-6.1376,-6.0572,-5.9828,-5.9180,-5.9105,-5.8720,-5.8226,-5.8216,-5.8132,-5.8059,-5.7772,-5.7394,-5.7155,-5.7094,-5.7069,-5.7045,-5.6966,-5.6833,-5.6655,-5.6618,-5.6502,-5.6373,-5.6250,-5.6172,-5.5642,-5.5594,-5.5318,-5.5303,-5.5093,-5.4897,-5.4869,-5.4812,-5.4263,-5.3648,-5.3575,-5.3546,-5.3384,-5.3345,-5.3134,-5.2864,-5.2794,-5.2676,-5.2292,-5.2145,-5.1972,-5.1614,-5.1441,-5.1341,-5.1240,-5.1231,-5.1181,-5.0905,-5.0677,-5.0533,-5.0516,-5.0373,-5.0048,-4.9756,-4.9663,-4.9505,-4.9471,-4.9202,-4.9119,-4.8620,-4.8370,-4.8150,-4.7908,-4.7864,-4.7781,-4.7649,-4.6983,-4.6663,-4.6648,-4.6646,-4.6628,-4.6394,-4.6233,-4.6159,-4.6122,-4.6110,-4.6074,-4.6053,-4.5839,-4.5786,-4.5558,-4.5324,-4.5284,-4.4994,-4.3709,-4.3375,-4.3070,-4.2914,-4.2477,-4.2327,-4.2170,-4.1778,-4.1516,-4.1495,-4.1325,-4.0788,-4.0428,-4.0425,-4.0371,-4.0130,-4.0090,-4.0062,-3.9692,-3.9441,-3.9308,-3.8923,-3.8873,-3.8873,-3.8758,-3.8705,-3.8500,-3.8381,-3.7797,-3.7521,-3.7379,-3.6824,-3.6475,-3.6170,-3.5713,-3.3640,-3.3358,-3.3331,-3.3184,-3.1734,-3.0805,-2.7490,-2.6586,-2.6407,-2.4824,-2.3544,-0.0554,5.0079,6.7969,11.5969,34.0096
Normalized Total Free Energy,,,-6.6956,-6.6069,-6.4397,-6.4379,-6.2525,-6.1501,-6.1115,-6.0898,-6.0852,-6.0746,-6.0292,-6.0198,-6.0190,-6.0071,-6.0030,-5.9600,-5.9146,-5.8821,-5.8782,-5.8488,-5.8350,-5.8262,-5.8177,-5.7577,-5.7558,-5.7419,-5.7313,-5.6760,-5.6522,-5.6507,-5.6018,-5.6016,-5.5111,-5.3757,-5.3665,-5.3636,-5.3431,-5.3313,-5.3297,-5.3075,-5.2784,-5.2698,-5.2668,-5.2584,-5.2537,-5.2493,-5.2324,-5.2256,-5.1926,-5.1844,-5.1789,-5.1742,-5.1670,-5.1618,-5.1333,-5.1133,-5.0177,-4.9628,-4.9579,-4.9552,-4.9522,-4.9439,-4.9389,-4.9104,-4.9074,-4.8910,-4.8884,-4.8737,-4.8541,-4.8527,-4.8428,-4.8354,-4.8297,-4.8220,-4.8141,-4.8006,-4.8005,-4.7981,-4.7940,-4.7914,-4.7627,-4.7623,-4.7377,-4.7267,-4.6809,-4.6732,-4.6607,-4.6354,-4.6235,-4.6233,-4.6226,-4.6152,-4.6137,-4.6120,-4.6078,-4.5427,-4.4824,-4.4299,-4.4238,-4.3926,-4.3525,-4.3517,-4.3449,-4.3390,-4.3158,-4.2851,-4.2658,-4.2608,-4.2588,-4.2568,-4.2505,-4.2397,-4.2252,-4.2223,-4.2128,-4.2024,-4.1924,-4.1861,-4.1432,-4.1392,-4.1169,-4.1156,-4.0986,-4.0828,-4.0805,-4.0759,-4.0313,-3.9815,-3.9756,-3.9732,-3.9602,-3.9569,-3.9399,-3.9180,-3.9123,-3.9028,-3.8716,-3.8597,-3.8457,-3.8167,-3.8027,-3.7945,-3.7864,-3.7856,-3.7815,-3.7592,-3.7407,-3.7291,-3.7277,-3.7161,-3.6898,-3.6661,-3.6585,-3.6458,-3.6430,-3.6212,-3.6145,-3.5740,-3.5538,-3.5359,-3.5163,-3.5128,-3.5060,-3.4954,-3.4413,-3.4154,-3.4142,-3.4140,-3.4126,-3.3936,-3.3806,-3.3746,-3.3715,-3.3706,-3.3677,-3.3660,-3.3486,-3.3443,-3.3258,-3.3068,-3.3037,-3.2801,-3.1760,-3.1489,-3.1242,-3.1115,-3.0761,-3.0640,-3.0513,-3.0195,-2.9983,-2.9966,-2.9828,-2.9393,-2.9100,-2.9098,-2.9055,-2.8859,-2.8827,-2.8804,-2.8504,-2.8300,-2.8193,-2.7881,-2.7841,-2.7841,-2.7747,-2.7705,-2.7538,-2.7442,-2.6968,-2.6744,-2.6630,-2.6180,-2.5897,-2.5650,-2.5279,-2.3599,-2.3371,-2.3348,-2.3229,-2.2054,-2.1301,-1.8614,-1.7882,-1.7737,-1.6454,-1.5417,0.3216,4.4253,5.8752,9.7655,27.9305
