Chain ID,Residue name,Residue sequence,Conf 1,Conf 2,Conf 3,Conf 4,Conf 5,Conf 6,Conf 7,Conf 8,Conf 9,Conf 10,Conf 11,Conf 12,Conf 13,Conf 14,Conf 15,Conf 16,Conf 17,Conf 18,Conf 19,Conf 20,Conf 21,Conf 22,Conf 23,Conf 24,Conf 25,Conf 26,Conf 27,Conf 28,Conf 29,Conf 30,Conf 31,Conf 32,Conf 33,Conf 34,Conf 35,Conf 36,Conf 37,Conf 38,Conf 39,Conf 40,Conf 41,Conf 42,Conf 43,Conf 44,Conf 45,Conf 46,Conf 47,Conf 48,Conf 49,Conf 50,Conf 51,Conf 52,Conf 53,Conf 54,Conf 55,Conf 56,Conf 57,Conf 58,Conf 59,Conf 60,Conf 61,Conf 62,Conf 63,Conf 64,Conf 65,Conf 66,Conf 67,Conf 68,Conf 69,Conf 70,Conf 71,Conf 72,Conf 73,Conf 74,Conf 75,Conf 76,Conf 77,Conf 78,Conf 79,Conf 80,Conf 81,Conf 82,Conf 83,Conf 84,Conf 85,Conf 86,Conf 87,Conf 88,Conf 89,Conf 90,Conf 91,Conf 92,Conf 93,Conf 94,Conf 95,Conf 96,Conf 97,Conf 98,Conf 99,Conf 100,Conf 101,Conf 102,Conf 103,Conf 104,Conf 105,Conf 106,Conf 107,Conf 108,Conf 109,Conf 110,Conf 111,Conf 112,Conf 113,Conf 114,Conf 115,Conf 116,Conf 117,Conf 118,Conf 119,Conf 120,Conf 121,Conf 122,Conf 123,Conf 124,Conf 125,Conf 126,Conf 127,Conf 128,Conf 129,Conf 130,Conf 131,Conf 132,Conf 133,Conf 134,Conf 135,Conf 136,Conf 137,Conf 138,Conf 139,Conf 140,Conf 141,Conf 142,Conf 143,Conf 144,Conf 145,Conf 146,Conf 147,Conf 148,Conf 149,Conf 150,Conf 151,Conf 152,Conf 153,Conf 154,Conf 155,Conf 156,Conf 157,Conf 158,Conf 159
A,VAL,20,,,,,,,,,,,,,,,,,,,,,,,,,,,,,,,,,,,,,,,,,,,,,,,,,,,,,,,,,,,,,,,,,,,,,,,,,,,,,,,,,,,,,,,,,,,,,,,,,,,,,,,,,,,,,,,,,,,,,,,,,,,,,,,,,,,,,,,,,,,,,,,,,,,,,,,,,,,,,,,
A,CYS,22,,,,,,,,,,,,,,,,,,,,,,,,,,,,,,,,,,,,,,,,,,,,,,,,,,,,,,,,,,,,,,,,,,,,,,,,,,,,,,,,,,,,,,,,,,,,,,,,,,,,,,,,,,,,,,,,,,,,,,,,,,,,,,,,,,,,,,,,,,,,,,,,,,,,,,,,,,,,,,,
A,GLY,23,,,,,,,,,,,,,,,,,,,,,,,,,,,,,,,,,,,,,,,,,,,,,,,,,,,,,,,,,,,,,,,,,,,,,,,,,,,,,,,,,,,,,,,,,,,,,,,,,,,,,,,,,,,,,,,,,,,,,,,,,,,,,,,,,,,,,,,,,,,,,,,,,,,,,,,,,,,,,,,
A,THR,24,,,,,,,,,,,,,,,,,,,,,,,,,,,,,,,,,,,,,,,,,,,,,,,,,,,,,,,,,,,,,,,,,,,,,,,,,,,,,,,,,,,,,,,,,,,,,,,,,,,,,,,,,,,,,,,,,,,,,,,,,,,,,,,,,,,,,,,,,,,,,,,,,,,,,,,,,,,,,,,
A,THR,25,,,,,,,-0.0455,,,,,-0.0545,,,,,,-0.0625,,-0.0333,,,,,,-0.0701,,,,-0.0138,,-0.0423,,,,,,,-0.0010,-0.0065,,,,,,,,,,,,,,,,,,,,,,,,,,,,,-0.0260,,-0.1130,,,,-0.0091,,,,,,,,,,,,,,,,-0.0510,,,,,,,,,,,,,,,,,,,,,,,,,,,,,,,,-0.0351,,,,,,,,,,,,-0.0290,,,,,,,,,,,,-0.0675,,,,-0.1013,,-0.1229,,,,,,-0.0340
A,THR,26,,,,,,,,,,,,,,,,,,,,,,,,,,-0.0187,,,,,,,,,,,,,,,,,,,,,,,,,,,,,,,,,,,,,,,,,,,-0.0701,,,,,,,,,,,,,,,,,,,,,,,,,,,,,,,,,,,,,,,,,,,,,,,,,,,,,,,,,,,,,,,,,,-0.0701,,,,,,,,,,,,,,,,,,,,,,,,
A,LEU,27,,,-0.0906,,,,-0.3356,,,,,-0.3059,-0.0072,,,,,-0.1227,,-0.1052,-0.0100,,,,,-0.1598,,,,-0.1021,,-0.1828,,,,-0.0156,-0.0052,,-0.0070,,,,,,,,,,,,,,,,-0.0414,,,-0.0105,,,,,,,,,,,-0.0018,,,,,,,,,,,,,,,,,,,,,,-0.2855,,,,,,,,,,,,,,,,,,,,,,,,,,,,,,,,-0.0506,,,,,,,,,,,,,,,,,,,,,,,,,,,-0.0613,-0.2149,,,,,,,,-0.1518
A,ASN,28,,,,,,,,,,,,,,,,,,,,,,,,,,,,,,,,,,,,,,,,,,,,,,,,,,,,,,,,,,,,,,,,,,,,,,,,,,,,,,,,,,,,,,,,,,,,,,,,,,,,,,,,,,,,,,,,,,,,,,,,,,,,,,,,,,,,,,,,,,,,,,,,,,,,,,,,,,,,,,,
A,PRO,39,,,,,,,,,,,,,,,,,,,,,,,,,,,,,,,,,,,,,,,,,,,,,,,,,,,,,,,,,,,,,,,,,,,,,,,,,,,,,,,,,,,,,,,,,,,,,,,,,,,,,,,,,,,,,,,,,,,,,,,,,,,,,,,,,,,,,,,,,,,,,,,,,,,,,,,,,,,,,,,
A,ARG,40,,,,,,,,,,,,,,,,,,,,,,,,,,,,,,,,,,,,,,,,,,,,,,,,,,,,,,,,,,,,,,,,,,,,,,,,,,,,,,,,,,,,,,,,,,,,,,,,,,,,,,,,,,,,,,,,,,,,,,,,,,,,,,,,,,,,,,,,,,,,,,,,,,,,,,,,,,,,,,,
A,HIS,41,-0.0287,-0.0317,-0.0154,-0.0341,-0.0253,,-0.0599,,-0.0522,-0.0159,,,-0.0679,-0.0631,-0.0161,,,-0.0356,,-0.0621,,-0.2230,-0.2863,-0.0494,,-0.3034,,,,,,-0.0020,,,,-0.0618,,,,,-0.0309,,,,,,,,,,-0.3730,,,,,,,-0.0127,,,,,,,,,,,,,-0.4771,,,,,,,,,,,,,,,,,,,,,,,,,,,,,,,,,,,,,,,,,,,,,,,,,,,,,,,,,,,,,,,,,,,,,,,,,,,,-0.0347,,,,-0.0351,-0.0353,,,,,,,-0.7713
A,VAL,42,,,,,,,,,,,,,,,,,,,,,,,,,,,,,,,,,,,,,,,,,,,,,,,,,,,,,,,,,,,,,,,,,,,,,,,,,,,,,,,,,,,,,,,,,,,,,,,,,,,,,,,,,,,,,,,,,,,,,,,,,,,,,,,,,,,,,,,,,,,,,,,,,,,,,,,,,,,,,,,
A,ILE,43,,,,,,,,,,,,,,,,,,,,,,,,,,,,,,,,,,,,,,,,,,,,,,,,,,,,,,,,,,,,,,,,,,,,,,,,,,,,,,,,,,,,,,,,,,,,,,,,,,,,,,,,,,,,,,,,,,,,,,,,,,,,,,,,,,,,,,,,,,,,,,,,,,,,,,,,,,,,,,,
A,CYS,44,,,,,,,,,,,,,,,,,,,,,,,,,,,,,,,,,,,,,,,,,,,,,,,,,,,,,,,,,,,,,,,,,,,,,,,,,,,,,,,,,,,,,,,,,,,,,,,,,,,,,,,,,,,,,,,,,,,,,,,,,,,,,,,,,,,,,,,,,,,,,,,,,,,,,,,,,,,,,,,
A,THR,45,,,,,,,,,,,,,,,,,,,,,,,,,,,,,,,,,,,,,,,,,,,,,,,,,,,,,,,,,,,,,,,,,,,,,,,,,,,,,,,,,,,,,,,,,,,,,,,,,,,,,,,,,,,,,,,,,,,,,,,,,,,,,,,,,,,,,,,,,,,,,,,,,,,,,,,,,,,,,,,
A,SER,46,,,,,,,,,,,,,,,,,,,,,,,,,,,,,,,,,,,,,,,,,,,,,,,,,,,,,,,,,,,,,,,,,,,,,,,,,,,,,,,,,,,,,,,,,,,,,,,,,,,,,,,,,,,,,,,,,,,,,,,,,,,,,,,,,,,,,,,,,,,,,,,,,,,,,,,,,,,,,,,
A,GLU,47,,,,,,,,,,,,,,,,,,,,,,,,,,,,,,,,,,,,,,,,,,,,,,,,,,,,,,,,,,,,,,,,,,,,,,,,,,,,,,,,,,,,,,,,,,,,,,,,,,,,,,,,,,,,,,,,,,,,,,,,,,,,,,,,,,,,,,,,,,,,,,,,,,,,,,,,,,,,,,,
A,ASP,48,,,,,,,,,,,,,,,,,,,,,,,,,,,,,,,,,,,,,,,,,,,,,,,,,,,,,,,,,,,,,,,,,,,,,,,,,,,,,,,,,,,,,,,,,,,,,,,,,,,,,,,,,,,,,,,,,,,,,,,,,,,,,,,,,,,,,,,,,,,,,,,,,,,,,,,,,,,,,,,
A,MET,49,-0.0017,,-0.0075,-0.0142,,,-0.0430,,-0.0298,,,,,-0.0067,-0.0100,,,-0.0023,,-0.0032,,,,,,,,,,,,,,,,-0.0351,,,,,,,,,,,,,,,-0.0017,,,,,,,-0.0096,,,,,,,,,,,,,,,,,,,,,,,,,,,,,,,,,-0.0068,,,,,,,,,,,,,,,,,,,,,-0.0100,,,,,,,,,,,-0.0115,,,,,,,,,,,,,,,,,,,,,,,,-0.0086,,,,,-0.0128,,,-0.0565,,-0.0082,-0.0004,-0.0262
A,LEU,50,,,,,,,,,,,,,,,,,,,,,,,,,,,,,,,,,,,,,,,,,,,,,,,,,,,,,,,,,,,,,,,,,,,,,,,,,,,,,,,,,,,,,,,,,,,,,,,,,,,,,,,,,,,,,,,,,,,,,,,,,,,,,,,,,,,,,,,,,,,,,,,,,,,,,,,,,,,,,,,
A,ASN,51,,,,,,,,,,,,,,,,,,,,,,,,,,,,,,,,,,,,,,,,,,,,,,,,,,,,,,,,,,,,,,,,,,,,,,,,,,,,,,,,,,,,,,,,,,,,,,,,,,,,,,,,,,,,,,,,,,,,,,,,,,,,,,,,,,,,,,,,,,,,,,,,,,,,,,,,,,,,,,,
A,PRO,52,,,,,,,,,,,,,,,,,,,,,,,,,,,,,,,,,,,,,,,,,,,,,,,,,,,,,,,,,,,,,,,,,,,,,,,,,,,,,,,,,,,,,,,,,,,,,,,,,,,,,,,,,,,,,,,,,,,,,,,,,,,,,,,,,,,,,,,,,,,,,,,,,,,,,,,,,,,,,,,
A,TYR,54,,,,,,,,,,,,,,,,,,,,,,,,,,,,,,,,,,,,,,,,,,,,,,,,,,,,,,,,,,,,,,,,,,,,,,,,,,,,,,,,,,,,,,,,,,,,,,,,,,,,,,,,,,,,,,,,,,,,,,,,,,,,,,,,,,,,,,,,,,,,,,,,,,,,,,,,,,,,,,,
A,CYS,85,,,,,,,,,,,,,,,,,,,,,,,,,,,,,,,,,,,,,,,,,,,,,,,,,,,,,,,,,,,,,,,,,,,,,,,,,,,,,,,,,,,,,,,,,,,,,,,,,,,,,,,,,,,,,,,,,,,,,,,,,,,,,,,,,,,,,,,,,,,,,,,,,,,,,,,,,,,,,,,
A,CYS,117,,,,,,,,,,,,,,,,,,,,,,,,,,,,,,,,,,,,,,,,,,,,,,,,,,,,,,,,,,,,,,,,,,,,,,,,,,,,,,,,,,,,,,,,,,,,,,,,,,,,,,,,,,,,,,,,,,,,,,,,,,,,,,,,,,,,,,,,,,,,,,,,,,,,,,,,,,,,,,,
A,TYR,118,,,,,,,,,,,,,,,,,,,,,,,,,,,,,,,,,,,,,,,,,,,,,,,,,,,,,,,,,,,,,,,,,,,,,,,,,,,,,,,,,,,,,,,,,,,,,,,,,,,,,,,,,,,,,,,,,,,,,,,,,,,,,,,,,,,,,,,,,,,,,,,,,,,,,,,,,,,,,,,
A,ASN,119,,,,,,,,,,,,,,,,,,,,,,,,,,,,,,,,,,,,,,,,,,,,,,,,,,,,,,,,,,,,,,,,,,,,,,,,,,,,,,,,,,,,,,,,,,,,,,,,,,,,,,,,,,,,,,,,,,,,,,,,,,,,,,,,,,,,,,,,,,,,,,,,,,,,,,,,,,,,,,,
A,GLY,120,,,,,,,,,,,,,,,,,,,,,,,,,,,,,,,,,,,,,,,,,,,,,,,,,,,,,,,,,,,,,,,,,,,,,,,,,,,,,,,,,,,,,,,,,,,,,,,,,,,,,,,,,,,,,,,,,,,,,,,,,,,,,,,,,,,,,,,,,,,,,,,,,,,,,,,,,,,,,,,
A,GLY,138,,,,,,,,,,,,,,,,,,,,,,,,,,,,,,,,,,,,,,,,,,,,,,,,,,,,,,,,,,,,,,,,,,,,,,,,,,,,,,,,,,,,,,,,,,,,,,,,,,,,,,,,,,,,,,,,,,,,,,,,,,,,,,,,,,,,,,,,,,,,,,,,,,,,,,,,,,,,,,,
A,SER,139,,,,,,,,,,,,,,,,,,,,,,,,,,,,,,,,,,,,,,,,,,,,,,,,,,,,,,,,,,,,,,,,,,,,,,,,,,,,,,,,,,,,,,,,,,,,,,,,,,,,,,,,,,,,,,,,,,,,,,,,,,,,,,,,,,,,,,,,,,,,,,,,,,,,,,,,,,,,,,,
A,PHE,140,-0.0231,-0.0703,,,-0.1374,-0.0295,,-0.0370,,-0.1032,,-0.0180,,,-0.0647,-0.0938,,,,,,,,,-0.0069,-0.0339,,,-0.0252,-0.0554,,,,,,,-0.0673,-0.1145,,-0.0518,,-0.0245,,,,,,-0.1447,-0.0931,,,-0.0710,-0.0389,,,-0.0563,,-0.0742,-0.0318,-0.0763,-0.0339,,,,,,,,,,,,,,,,-0.0535,-0.0086,,,,,,-0.0017,,-0.0142,-0.0476,,,,,,,,,,,,,,,,,,,,,,,-0.1309,,,,,,,,,,,,,,,,,,,,,,,-0.0690,,,,,-0.0052,,,,,,,,-0.0446,,,,,,,,,,,,,-0.0029
A,LEU,141,-0.4153,,,,,,,,,,,,,,,,,,,,,,,,,,,,,,,,,,,,,,-0.4078,,,-0.0246,,,,,,,,,,,,,,,,,,,,,,,,-0.0369,,,,,,,,,,,,,,,,,,,,,,,,,,,,,,,,,,,,,,,,,,,,,,,,,,,,,,,,,,,,,,,,,,,,,,,,-0.0082,,,,,,,,,,,,,,,,,,,,,-0.0184
A,ASN,142,-0.0401,,-0.3473,-0.0423,,-0.1251,,-0.0027,-0.0476,,-0.1096,-0.0118,,-0.0388,,,-0.0626,-0.2058,-0.0088,,-0.0484,-0.0275,-0.0392,-0.0166,,-0.1047,,-0.0069,-0.0374,-0.2517,,,-0.0905,,-0.0025,-0.4058,-0.2262,-0.0037,-0.0208,-0.2581,,,-0.0701,,-0.0259,,,-0.0211,,,-0.0582,-0.0127,,,-0.0130,-0.0103,,-0.4463,,-0.1890,,,,,,-0.1222,,,-0.1491,,-0.0663,-0.0139,,,-0.3638,,,-0.0303,,,,,,,,,-0.0298,,,,-0.1206,,,,,,,,,,,,,-0.0353,,,,,,,,-0.0140,,,,,,,,-0.0333,,,-0.1052,,,-0.0034,,,,,,,-0.2316,,-0.1208,,,-0.0316,,,,,,,-0.0229,-0.6112,-0.0509,,,-0.3921,,-0.0351,-0.1052,-0.0564,,-0.0094,,-0.0039,-0.0627
A,GLY,143,-0.4599,,,,,,,,,,,,,,,,,,,,,,,,-0.4916,,,-0.4205,,,,,,,,,,,,,,,,,,,,,,,,,,,,,,,,,,,,,,-0.0230,,,,,,,,,,,,,,,,,,,,,,,,,,,,,,,,,,,,,,,,,,,,,,,,,,,,,,,,,,,,,,,,,,,,,,,,,,,,,,,,,-0.3149,,,,,,,,,,,,
A,SER,144,-0.3497,,,,,,,,,,,,,,,,,,,,,,,,,,,,,,,,,,,,,,,,,,,,,,,,,,,,,,,,,,,,,,,,,,,,,,,,,,,,,,,,,,,,,,,,,,,,,,,,,,,,,,,,,,,,,,,,,,,,,,,,,,,,,,,,,,,,,,,,,,,,,,,,,,,,,,,,,,,,,,
A,CYS,145,-0.3254,,,,,,,,,,,,,,,,,,,,,,,,,,,,,,,,,,,,,,,,,,,,,,,,,,,,,,,,,,,,,,,,,,,,,,,,,,,,,,,,,,,,,,,,,,,,,,,,,,,,,,,,,,,,,,,,,,,,,,,,,,,,,,,,,,,,,,,,,,,,,,,,,,,,,,,,,,,,,,
A,GLY,146,,,,,,,,,,,,,,,,,,,,,,,,,,,,,,,,,,,,,,,,,,,,,,,,,,,,,,,,,,,,,,,,,,,,,,,,,,,,,,,,,,,,,,,,,,,,,,,,,,,,,,,,,,,,,,,,,,,,,,,,,,,,,,,,,,,,,,,,,,,,,,,,,,,,,,,,,,,,,,,
A,SER,147,,,,,,,,,,,,,,,,,,,,,,,,,,,,,,,,,,,,,,,,,,,,,,,,,,,,,,,,,,,,,,,,,,,,,,,,,,,,,,,,,,,,,,,,,,,,,,,,,,,,,,,,,,,,,,,,,,,,,,,,,,,,,,,,,,,,,,,,,,,,,,,,,,,,,,,,,,,,,,,
A,TYR,161,,,,,,,,,,,,,,,,,,,,,,,,,,,,,,,,,,,,,,,,,,,,,,,,,,,,,,,,,,,,,,,,,,,,,,,,,,,,,,,,,,,,,,,,,,,,,,,,,,,,,,,,,,,,,,,,,,,,,,,,,,,,,,,,,,,,,,,,,,,,,,,,,,,,,,,,,,,,,,,
A,HIS,163,,,,-0.4511,,,,,-0.5874,,,,,,,,-0.5683,,-0.5874,,,,,,,,,,,,,,-0.5703,,,,,,,,,,-0.4905,,,,,,,,,,,,,,,,,,,,,,,,,,,,,,,,,,,,,,,,,,,,,,,,,,,,,,,,,,,,,,,,,,,,,,,,,,,,,,,,,,,,,,,,,,,,,,,,,,,,,,,,,,,,,,,,,,,,
A,HIS,164,,,,,,,-0.4632,-0.4989,,,,,-0.0092,,-0.0023,,,,,-0.0031,-0.3561,,,,,,,,,,,,,,,,,,,,,,,,,,,,,,,,,,,,,-0.0002,,,,,,,,,,,,,,,,,,,,,,,,,,,,,,,,,,,,,,,,,,,,,,,,,,,,,,,,,,,,,,,,,,,,,,,,,,,,,,,,,,,,,,,,,,,,,,,,,,,,,-0.5874
A,MET,165,-0.0946,-0.2540,-0.1784,-0.1031,-0.2152,-0.0176,-0.0730,-0.0928,-0.0859,-0.0950,-0.0475,-0.0816,-0.0966,-0.0651,-0.1719,-0.2206,-0.0464,-0.0672,-0.3545,-0.0799,-0.0440,-0.1586,-0.1808,-0.1614,-0.1273,-0.0067,-0.1338,-0.1703,-0.0178,-0.0810,-0.1658,-0.0398,-0.0341,-0.1349,-0.0838,-0.0516,-0.0874,-0.1043,-0.0808,-0.0471,-0.1741,,-0.0821,-0.0972,-0.0196,-0.1287,-0.0822,-0.1214,,-0.2116,-0.1092,,-0.1321,-0.0351,-0.0219,-0.0479,-0.1317,-0.0351,-0.0609,-0.0574,-0.0613,-0.0493,-0.0094,-0.0751,,-0.0428,-0.1415,-0.0921,-0.0016,-0.0971,,-0.0351,,-0.1327,-0.2071,-0.0983,-0.0199,,-0.1051,,-0.0330,-0.0143,-0.0020,-0.0351,-0.0701,-0.0993,-0.0599,-0.0610,-0.1596,-0.0544,-0.0953,,-0.0818,,,-0.1237,-0.0788,-0.1183,,-0.0312,,,-0.0387,-0.0580,-0.0351,,-0.0030,-0.0660,-0.0506,,,-0.1444,,,,,,-0.0510,,-0.0351,,,,,,,,,,,,,-0.0170,,-0.0124,,,-0.0081,,,-0.0702,-0.0741,,,-0.0701,-0.0590,-0.0530,,,,,-0.0255,,-0.0455,-0.0524,-0.0687,-0.0441,-0.0424,-0.0103
A,GLU,166,-0.1991,-0.0831,-0.0248,-0.1731,-0.4240,-0.2792,,-0.1655,-0.0803,-0.2100,-0.2483,-0.0623,,-0.0285,-0.1043,-0.1840,-0.5256,,-0.1723,,-0.0858,,-0.0084,-0.0575,-0.1300,-0.0351,-0.3727,-0.1054,-0.0419,-0.1745,,,-0.4394,-0.2150,-0.0857,,-0.2339,-0.2414,-0.0343,-0.1667,-0.1812,-0.3519,-0.1254,-0.1397,-0.2413,-0.0547,-0.1327,-0.1947,-0.4862,-0.0242,,-0.1343,-0.2143,-0.3659,-0.2910,-0.4415,-0.0464,-0.0945,-0.0695,-0.1755,-0.4434,-0.1963,-0.6408,,-0.5259,-0.1743,-0.1043,-0.8354,,-0.0410,,-1.1255,,-0.3792,-0.0263,-0.1391,-0.1989,-0.2293,-0.1646,-0.1680,-0.2584,-0.2070,,-0.4720,-0.0948,-0.3508,-0.2386,-0.1782,-0.1221,,-0.0221,-0.6677,-0.0351,-0.0603,-0.0701,-0.0081,-0.0902,-0.0331,-0.1095,-0.1803,-0.0451,-0.1135,-0.5460,-0.0350,-0.5647,-0.0005,-0.2945,,-0.0885,-0.4593,-0.6393,-0.0811,,,-0.0340,-0.2322,-0.0925,-0.0890,-0.6991,-0.1510,-0.3492,-0.3107,,-0.2710,,-0.3201,-0.0651,-0.4817,,-0.0795,-0.2377,,-0.2253,-0.7051,,,,-0.1617,-0.5211,-0.2494,-0.2316,-0.1606,-0.0112,-0.3265,-0.0330,,,-0.1495,,,,-0.0018,,-0.1737,-0.1271,-0.0872,-0.1949,-0.0055,
A,LEU,167,,,,,,,,,,,,,,,,-0.0005,,,,,,,,,,,-0.0399,,,,-0.0372,,,-0.0097,,,,,,,,,,,,,,,,,,,,,,,,,,,,,,-0.0281,,,,,,,,,,,,-0.0009,,,,-0.0007,,,-0.0578,,,,,,,-0.0351,,,,,,,,,-0.0260,,,,,,,,-0.2135,-0.0006,,,,,,,,,,,,,,,,,,,,,,,,,,,,,,,,,,,,-0.4136,,,,,,,,,,,,,,,
A,PRO,168,,,,,,,,,,,,,,,,,,,,,,,,,,,-0.0237,,,,-0.0647,,,,,,,,,,,-0.1321,,,,-0.0138,,,,,,,,-0.0003,,,-0.1542,,,,-0.0592,-0.1284,-0.0786,-0.0398,-0.3602,,-0.0285,-0.1122,,-0.1846,,-0.0254,-0.1456,-0.1372,,-0.0759,,,-0.0638,-0.1835,-0.0477,-0.0643,-0.2548,,-0.0386,-0.0141,,,,-0.1986,,,-0.1934,-0.3561,-0.1966,-0.1210,,-0.0682,-0.3684,-0.0495,-0.1831,-0.1893,-0.1310,,-0.0618,-0.3876,-0.1087,-0.0509,-0.1780,-0.0368,-0.0360,,-0.3502,-0.3856,-0.2025,-0.0872,-0.2107,,-0.0613,,-0.1066,-0.1102,,-0.0821,-0.3965,-0.0066,-0.3313,-0.0335,-0.0184,,-0.1975,-0.1282,-0.0171,-0.1068,,-0.1408,-0.0338,,-0.2101,,,,-0.0349,-0.1352,,,,,-0.2023,,,,,,,,,,
A,THR,169,,,,,,,,,,,,,,,,,,,,,,,,,,,,,,,,,,,,,,,,,,,,,,,,,,,,,,,,,,,,,,,,,,,,,,,,,,,,,,,,,,,,,,,,,,,,,,,,,,,,,,,,,,,,,,,,,,,,,,,,,,,,,,,,,,,,,,,,,,,,,,,,,,,,,,,,,,,,,,,
A,GLY,170,,,,,,,,,,,,,,,,,,,,,,,,,,,,,,,,,,,,,,,,,,,,,,,,,,,,,,,,,,,,,,,,,,,,,,,,,,,,,,,,,,,,,,,,,,,,,,,,,,,,,,,,,,,,,,,,,,,,,,,,,,,,,,,,,,,-0.2161,,,,,,,,,,,,,,,,,,,,,,,,,,,,
A,VAL,171,,,,,,,,,,,,,,,,,,,,,,,,,,,,,,,,,,,,,,,,,,,,,,,,,,,,,,,,,,,,,,,,,,,,,,,,,,,,,,,,,,,,,,,,,,,,,,,,,,,,,,,,,,,,,,,,,,,,,,,,,,,,,,,,,,,,,,,,,,,,,,,,,,,,,,,,,,,,,,,
A,HIS,172,,,,,,,,,,,,,,,,,,,,,,,,,,,,,,,,,,,,,,,,,,,,,,,,,,,,,,,,,,,,,,,,,,,,,,,,,,,,,,,,,,,,,,,,,,,,,,,,,,,,,,,,,,,,,,,,,,,,,,,,,,,,,,,,,,,,,,,,,,,,,,,,,,,,,,,,,,,,,,,
A,ALA,173,,,,,,,,,,,,,,,,,,,,,,,,,,,,,,,,,,,,,,,,,,,,,,,,,,,,,,,,,,,,,,,,,,,,,,,,,,,,,,,,,,,,,,,,,,,,,,,,,,,,,,,,,,,,,,,,,,,,,,,,,,,,,,,,,,,,,,,,,,,,,,,,,,,,,,,,,,,,,,,
A,PHE,181,,,,,,,,,,,,,,,,,,,,,,,,,,,,,,,,,,,,,,,,,,,,,,,,,,,,,,,,,,,,,,,,,,,,,,,,,,,,,,,,,,,,,,,,,,,,,,,,,,,,,,,,,,,,,,,,,,,,,,,,,,,,,,,,,,,,,,,,,,,,,,,,,,,,,,,,,,,,,,,
A,PHE,185,,,,,,,,,,,,,,,,,,,,,,,,,,,,,,,,,,,,,,,,,,,,,,,,,,,,,,,,,,,,,,,,,,,,,,,,,,,,,,,,,,,,,,,,,,,,,,,,,,,,,,,,,,,,,,,,,,,,,,,,,,,,,,,,,,,,,,,,,,,,,,,,,,,,,,,,,,,,,,,
A,VAL,186,,,,,,,,,,,,,,,,,,,,,,,,,,,,,,,,,,,,,,,,,,,,,,,,,,,,,,,,,,,,,,,,,,,,,,,,,,,,,,,,,,,,,,,,,,,,,,,,,,,,,,,,,,,,,,,,,,,,,,,,,,,,,,,,,,,,,,,,,,,,,,,,,,,,,,,,,,,,,,,
A,ASP,187,,-0.0363,-0.0014,,-0.0063,,-0.0071,,,,,,-0.0646,-0.0170,-0.0317,,,,,-0.0354,,,,,,,,,,,-0.0024,,,,,-0.0146,,,,,-0.0625,,,,,,,,,,,,,,,,,,,,,,,,,,,,,,,,,,,,,,,,,,,,,,,,,,,,,,,,,,,,,,,,,,,,,,,,,,,,,,,,,,,,,,,,,,,,,,,,,,,,,,,,,,,,,,,,,,,,,,
A,ARG,188,,,,,,,,,,,,,,,,,,,,,,,,,,,,,,,,,,,,,,,,,,,,,,,,,,,,,,,,,,,,,,,,,,,,,,,,,,,,,,,,,,,,,,,,,,,,,,,,,,,,,,,,,,,,,,,,,,,,,,,,,,,,,,,,,,,,,,,,,,,,,,,,,,,,,,,,,,,,,,,
A,GLN,189,-0.0645,-0.2896,-0.0838,-0.0756,-0.1796,,-0.1054,-0.2351,-0.0890,-0.2000,-0.0982,-0.0313,-0.0839,-0.0920,-0.1544,-0.5005,-0.0016,-0.0689,-0.1786,-0.0918,,-0.1385,-0.1572,-0.1747,-0.0601,,-0.3878,-0.0949,-0.0181,-0.0196,-0.5019,-0.0213,,-0.4665,-0.2959,-0.0930,-0.0316,-0.0472,-0.0158,-0.0104,-0.1347,,-0.0366,-0.2758,,-0.3185,-0.2633,-0.1494,-0.0712,-0.2639,-0.0840,-0.1547,-0.1927,-0.2467,-0.0400,-0.0088,-0.5828,-0.0614,-0.0368,-0.0545,-0.0667,-0.0998,-0.1403,-0.8396,-0.0647,,-0.2434,-0.0051,,-0.1734,,-0.0579,-0.0401,-0.2988,-0.2056,-0.6809,,-0.0098,-0.0693,-0.3067,-0.0773,-0.2092,-0.1403,,-0.0501,-0.0699,-0.0231,-0.2581,-0.2846,-0.3145,-0.1151,-0.2574,-0.2296,-0.0844,-0.1164,-0.1874,-0.2141,-0.2488,-0.1403,-0.1231,-0.4277,-0.0757,-0.2375,,,,-0.0701,-0.9215,-0.3303,,-0.0676,-0.1851,-0.0419,-0.0051,-0.0808,-0.5331,,-0.0123,-0.0004,-0.1364,-0.0030,-0.0713,-0.0071,-0.0054,,-0.2916,-0.0045,,-0.1318,-0.1727,,-0.0652,-0.0416,-0.0295,,-0.2128,-0.0508,-0.0236,,,-0.0209,-0.0035,-0.1619,,-0.0772,-0.1033,-0.0763,-0.0731,,-0.0121,,-0.0575,-0.0599,-0.5293,-0.1824,-0.2051,-0.1889,-0.2347,
A,THR,190,,,,,,,,,,,,,,,,,,,,,,,,,,,,,,,,,,,,,,,,,,,,,,-0.5499,,,,,,,,,,,,,,,,,,,,,,,,,,,-0.4879,,,,,,,,,,,,,,,,,,,,,,,,,,,,,,,,,,,,,,,,,,,,,,,,,,,,,,,,,,,,,,,,,,,,,,,,,,,,,,,,,,,,,,
A,ALA,191,,,,,,,,,,,,,,,,,,,,,,,,,,,,,,,,,,,,,,,,,,,,,,,,,,,,,,,,,,,,,,,,,-0.1157,,,,,,,,-0.0011,,,,,,,-0.0351,,,-0.0236,,,,,,,,,,,-0.0416,-0.0336,,,,,,,,,,,,,,,,,,,-0.1829,,,,,,,,,,,-0.0503,,-0.0583,,,,,,,,,,,,,,,,,,,,,,,,,,,,,,,,
A,GLN,192,,,,,,,,,,,,,,,,,,,,,,,,,,,-0.0108,,,,,,,,,,,,,,,,,,,,,,,,,,,,,,,,,,,,,-0.0434,,,,,,,,,,,,,,,,,,,-0.0542,,,,,,,-0.0139,,,,,,,,,-0.0095,,,,,,,,,,,,,,,,,,,,,,,,,,,,,,,,,,,,,,,,,,,,,,,,,,,,,,,,,,,,
A,ALA,193,,,,,,,,,,,,,,,,,,,,,,,,,,,,,,,,,,,,,,,,,,,,,,,,,,,,,,,,,,,,,,,,,,,,,,,,,,,,,,,,,,,,,,,,,,,,,,,,,,,,,,,,,,,,,,,,,,,,,,,,,,,,,,,,,,,,,,,,,,,,,,,,,,,,,,,,,,,,,,,

Intra-Ligand Free,,,-0.4495,-0.4315,-0.4597,-0.4615,-0.4278,-0.4426,-0.4359,-0.4286,-0.4570,-0.4624,-0.4396,-0.4433,-0.4309,-0.4459,-0.4283,-0.4264,-0.4373,-0.4456,-0.4570,-0.4449,-0.4403,-0.4607,-0.4412,-0.4372,-0.4571,-0.4370,-0.4334,-0.4599,-0.4413,-0.4439,-0.4410,-0.4458,-0.4608,-0.4574,-0.4503,-0.4537,-0.4382,-0.4472,-0.4642,-0.4247,-0.4472,-0.4323,-0.4437,-0.4431,-0.4613,-0.4467,-0.4442,-0.4490,-0.4355,-0.4371,-0.4532,-0.4388,-0.4361,-0.4442,-0.4675,-0.4643,-0.4416,-0.4677,-0.4349,-0.4518,-0.4402,-0.4466,-0.4528,-0.4287,-0.4430,-0.4514,-0.4556,-0.4435,-0.4621,-0.4551,-0.4519,-0.4509,-0.4497,-0.4514,-0.4570,-0.4586,-0.4582,-0.4625,-0.4556,-0.4471,-0.4336,-0.4384,-0.4567,-0.4599,-0.4476,-0.4456,-0.4310,-0.4364,-0.4423,-0.4413,-0.4513,-0.4662,-0.4434,-0.4436,-0.4648,-0.4410,-0.4269,-0.4489,-0.4484,-0.4385,-0.4540,-0.4579,-0.4377,-0.4394,-0.4676,-0.4548,-0.4547,-0.4542,-0.4494,-0.4553,-0.4473,-0.4430,-0.4540,-0.4507,-0.4633,-0.4420,-0.4448,-0.4452,-0.4385,-0.4599,-0.4380,-0.4403,-0.4618,-0.4600,-0.4324,-0.4387,-0.4557,-0.4498,-0.4534,-0.4307,-0.4494,-0.4420,-0.4525,-0.4344,-0.4549,-0.4505,-0.4388,-0.4494,-0.4301,-0.4527,-0.4504,-0.4281,-0.4629,-0.4606,-0.4396,-0.4498,-0.4599,-0.4504,-0.4453,-0.4664,-0.4491,-0.4436,-0.4595,-0.4446,-0.4216,-0.4494,-0.4573,-0.4494,-0.4312
Inter-Ligand Free,,,-7.5989,-7.3265,-7.2123,-6.9648,-6.9655,-6.9234,-6.9187,-6.8411,-6.7584,-6.7505,-6.7683,-6.7081,-6.7194,-6.6789,-6.6599,-6.6165,-6.5889,-6.5329,-6.5069,-6.5041,-6.4638,-6.4417,-6.4363,-6.4064,-6.3796,-6.3761,-6.3207,-6.2043,-6.1829,-6.1016,-6.0976,-6.0715,-6.0040,-5.9764,-5.9237,-5.9156,-5.9160,-5.8811,-5.8443,-5.7864,-5.7534,-5.7557,-5.6507,-5.6488,-5.6105,-5.6106,-5.5731,-5.5406,-5.5056,-5.4929,-5.4559,-5.4675,-5.4697,-5.4577,-5.4077,-5.4079,-5.4003,-5.3283,-5.3465,-5.2949,-5.2816,-5.2181,-5.1930,-5.2013,-5.1858,-5.1684,-5.1618,-5.1030,-5.0646,-4.9604,-4.9584,-4.9438,-4.9162,-4.9141,-4.8832,-4.8310,-4.8014,-4.7880,-4.7633,-4.7704,-4.7715,-4.7083,-4.6705,-4.6317,-4.6284,-4.6200,-4.6144,-4.5904,-4.5599,-4.5571,-4.4892,-4.4692,-4.4736,-4.4674,-4.4077,-4.4154,-4.4275,-4.4039,-4.4027,-4.3707,-4.3493,-4.3386,-4.3574,-4.3523,-4.3078,-4.2737,-4.2662,-4.2480,-4.2525,-4.2249,-4.1033,-4.0727,-4.0046,-3.9401,-3.8778,-3.8901,-3.8780,-3.8504,-3.7273,-3.6692,-3.6799,-3.6346,-3.5571,-3.5574,-3.5365,-3.5117,-3.4699,-3.3762,-3.3594,-3.3802,-3.3546,-3.3557,-3.3081,-3.2947,-3.2687,-3.2695,-3.2290,-3.1222,-3.1086,-3.0669,-3.0532,-3.0665,-2.9771,-2.9151,-2.8659,-2.4433,-2.0469,-1.2583,-1.0784,0.1798,2.8023,2.9835,3.0535,3.6181,6.1737,9.9788,10.8884,15.8392,48.8019
Total Free Energy,,,-8.0485,-7.7581,-7.6719,-7.4263,-7.3933,-7.3660,-7.3546,-7.2696,-7.2154,-7.2129,-7.2078,-7.1514,-7.1503,-7.1247,-7.0882,-7.0429,-7.0262,-6.9784,-6.9639,-6.9490,-6.9041,-6.9024,-6.8775,-6.8436,-6.8366,-6.8131,-6.7542,-6.6642,-6.6242,-6.5455,-6.5386,-6.5172,-6.4648,-6.4338,-6.3740,-6.3693,-6.3542,-6.3283,-6.3085,-6.2111,-6.2007,-6.1880,-6.0943,-6.0919,-6.0718,-6.0573,-6.0173,-5.9896,-5.9411,-5.9300,-5.9091,-5.9063,-5.9058,-5.9019,-5.8752,-5.8722,-5.8419,-5.7960,-5.7814,-5.7467,-5.7218,-5.6646,-5.6457,-5.6300,-5.6287,-5.6198,-5.6174,-5.5465,-5.5268,-5.4154,-5.4103,-5.3947,-5.3659,-5.3655,-5.3402,-5.2896,-5.2596,-5.2505,-5.2189,-5.2175,-5.2051,-5.1467,-5.1272,-5.0917,-5.0759,-5.0655,-5.0454,-5.0268,-5.0022,-4.9984,-4.9405,-4.9354,-4.9170,-4.9110,-4.8724,-4.8564,-4.8544,-4.8528,-4.8511,-4.8091,-4.8034,-4.7964,-4.7951,-4.7916,-4.7754,-4.7285,-4.7208,-4.7023,-4.7019,-4.6802,-4.5506,-4.5157,-4.4586,-4.3909,-4.3411,-4.3321,-4.3228,-4.2956,-4.1658,-4.1292,-4.1179,-4.0749,-4.0189,-4.0174,-3.9688,-3.9504,-3.9255,-3.8259,-3.8129,-3.8110,-3.8041,-3.7977,-3.7606,-3.7292,-3.7236,-3.7200,-3.6678,-3.5716,-3.5387,-3.5196,-3.5036,-3.4946,-3.4400,-3.3757,-3.3055,-2.8931,-2.5068,-1.7087,-1.5237,-0.2866,2.3532,2.5399,2.5940,3.1734,5.7521,9.5294,10.4312,15.3898,48.3707
Normalized Total Free Energy,,,-6.8035,-6.5435,-6.4664,-6.2465,-6.2169,-6.1924,-6.1823,-6.1062,-6.0576,-6.0553,-6.0508,-6.0003,-5.9993,-5.9765,-5.9437,-5.9031,-5.8882,-5.8455,-5.8324,-5.8191,-5.7789,-5.7774,-5.7551,-5.7248,-5.7185,-5.6975,-5.6447,-5.5641,-5.5283,-5.4578,-5.4517,-5.4325,-5.3856,-5.3579,-5.3043,-5.3001,-5.2866,-5.2634,-5.2456,-5.1584,-5.1491,-5.1377,-5.0539,-5.0517,-5.0337,-5.0207,-4.9849,-4.9602,-4.9167,-4.9068,-4.8881,-4.8855,-4.8851,-4.8816,-4.8577,-4.8550,-4.8279,-4.7868,-4.7737,-4.7427,-4.7203,-4.6692,-4.6523,-4.6382,-4.6370,-4.6291,-4.6269,-4.5634,-4.5457,-4.4461,-4.4415,-4.4275,-4.4017,-4.4014,-4.3787,-4.3334,-4.3066,-4.2984,-4.2701,-4.2689,-4.2577,-4.2055,-4.1880,-4.1562,-4.1421,-4.1328,-4.1148,-4.0981,-4.0760,-4.0727,-4.0208,-4.0163,-3.9998,-3.9944,-3.9599,-3.9455,-3.9438,-3.9423,-3.9408,-3.9032,-3.8981,-3.8919,-3.8907,-3.8876,-3.8731,-3.8311,-3.8242,-3.8075,-3.8072,-3.7878,-3.6717,-3.6406,-3.5894,-3.5287,-3.4842,-3.4761,-3.4678,-3.4434,-3.3273,-3.2945,-3.2844,-3.2459,-3.1957,-3.1943,-3.1509,-3.1344,-3.1121,-3.0229,-3.0112,-3.0095,-3.0034,-2.9977,-2.9645,-2.9363,-2.9313,-2.9281,-2.8814,-2.7953,-2.7658,-2.7487,-2.7344,-2.7263,-2.6775,-2.6199,-2.5570,-2.1878,-1.8419,-1.1273,-0.9617,0.1459,2.5094,2.6765,2.7249,3.2437,5.5525,8.9343,9.7417,14.1813,43.7097
