Chain ID,Residue name,Residue sequence,Conf 1,Conf 2,Conf 3,Conf 4,Conf 5,Conf 6,Conf 7,Conf 8,Conf 9,Conf 10,Conf 11,Conf 12,Conf 13,Conf 14,Conf 15,Conf 16,Conf 17,Conf 18,Conf 19,Conf 20,Conf 21,Conf 22,Conf 23,Conf 24,Conf 25,Conf 26,Conf 27,Conf 28,Conf 29,Conf 30,Conf 31,Conf 32,Conf 33,Conf 34,Conf 35,Conf 36,Conf 37,Conf 38,Conf 39,Conf 40,Conf 41,Conf 42,Conf 43,Conf 44,Conf 45,Conf 46,Conf 47,Conf 48,Conf 49,Conf 50,Conf 51,Conf 52,Conf 53,Conf 54,Conf 55,Conf 56,Conf 57,Conf 58,Conf 59,Conf 60,Conf 61,Conf 62,Conf 63,Conf 64,Conf 65,Conf 66,Conf 67,Conf 68,Conf 69,Conf 70,Conf 71,Conf 72,Conf 73,Conf 74,Conf 75,Conf 76,Conf 77,Conf 78,Conf 79,Conf 80,Conf 81,Conf 82,Conf 83,Conf 84,Conf 85,Conf 86,Conf 87,Conf 88,Conf 89,Conf 90,Conf 91,Conf 92,Conf 93,Conf 94,Conf 95,Conf 96,Conf 97,Conf 98,Conf 99,Conf 100,Conf 101,Conf 102,Conf 103,Conf 104,Conf 105,Conf 106,Conf 107,Conf 108,Conf 109,Conf 110,Conf 111,Conf 112,Conf 113,Conf 114,Conf 115,Conf 116,Conf 117,Conf 118,Conf 119,Conf 120,Conf 121,Conf 122,Conf 123,Conf 124,Conf 125,Conf 126,Conf 127,Conf 128,Conf 129,Conf 130,Conf 131,Conf 132,Conf 133,Conf 134,Conf 135,Conf 136,Conf 137,Conf 138,Conf 139,Conf 140,Conf 141,Conf 142,Conf 143,Conf 144,Conf 145,Conf 146,Conf 147,Conf 148,Conf 149,Conf 150,Conf 151,Conf 152,Conf 153,Conf 154,Conf 155,Conf 156,Conf 157,Conf 158,Conf 159,Conf 160,Conf 161,Conf 162,Conf 163,Conf 164,Conf 165,Conf 166,Conf 167,Conf 168,Conf 169,Conf 170,Conf 171,Conf 172,Conf 173,Conf 174,Conf 175
A,GLN,19,,,,,,,,,,,,,,,,,,,,,,,,,,,,,,,,,,,,,,,,,,,,,,,,,,,,,,,,,,,,,,,,,,,,,,,,,,,,,,,,,,,,,,,,,,,,,,,,,,,,,,,,,,,,,,,,,,,,,,,,,,,,,,,,,,,,,,,,,,,,,,,,,,,,,,,,,,,,,,,,,,,,,,,,,,,,,,,
A,VAL,20,,,,,,,,,,,,,,,,,,,,,,,,,,,,,,,,,,,,,,,,,,,,,,,,,,,,,,,,,,,,,,,,,,,,,,,,,,,,,,,,,,,,,,,,,,,,,,,,,,,,,,,,,,,,,,,,,,,,,,,,,,,,,,,,,,,,,,,,,,,,,,,,,,,,,,,,,,,,,,,,,,,,,,,,,,,,,,,
A,THR,21,,,,,,,,,,,,,,,,,,,,,,,,,,,,,,,,,,,,,,,,,,,,,,,,,,,,,,,,,,,,,,,,,,,,,,,,,,,,,,,,,,,,,,,,,,,,,,,,,,,,,,,,,,,,,,,,,,,,,,,,,,,,,,,,,,,,,,,,,,,,,,,,,,,,,,,,,,,,,,,,,,,,,,,,,,,,,,,
A,CYS,22,,,,,,,,,,,,,,,,,,,,,,,,,,,,,,,,,,,,,,,,,,,,,,,,,,,,,,,,,,,,,,,,,,,,,,,,,,,,,,,,,,,,,,,,,,,,,,,,,,,,,,,,,,,,,,,,,,,,,,,,,,,,,,,,,,,,,,,,,,,,,,,,,,,,,,,,,,,,,,,,,,,,,,,,,,,,,,,
A,GLY,23,,,,,,,,,,,,,,,,,,,,,,,,,,,,,,,,,,,,,,,,,,,,,,,,,,,,,,,,,,,,,,,,,,,,,,,,,,,,,,,,,,,,,,,,,,,,,,,,,,,,,,,,,,,,,,,,,,,,,,,,,,,,,,,,,,,,,,,,,,,,,,,,,,,,,,,,,,,,,,,,,,,,,,,,,,,,,,,
A,THR,24,,,,,,,,,,,,,,,,,,,,,,,,,,,,,,,,,,,,,,,,,,,,,,,,,,,,,,,,,,,,,,,,,,,,,,,,,,,,,,,,,,,,,,,,,,,,,,,,,,,,,,,,,,,,,,,,,,,,,,,,,,,,,,,,,,,,,,,,,,,,,,,,,,,,,,,,,,,,,,,,,,,,,,,,,,,,,,,
A,THR,25,,,0.0001,0.0264,,,,0.0839,,,,,,,,,,,,,,,,0.2463,,,,0.0372,,0.0565,,,,,,,,,,,,,,,,,,,,,,0.0005,,,,,0.0023,,,,,,,,,,,,,,,,,,,,,,,,,,,,,,,,,,,,,,,,,,,,,,,,0.1437,,,,,,,,,,,,,,,,,,,,,,,,,,,,,,,,,,0.0004,,,,,,,,0.0450,0.7122,,,,,,,,,,,,,,,,,,0.0137,,0.8940,0.8683,,0.5531,,0.9456,,
A,THR,26,0.1408,,,0.0543,,0.0258,,0.1148,,,,,,0.0180,,,,,,,,,,,,,,,,0.0211,0.0067,,,,,,,,,,,,,,,,,,,,,,,,,,0.0790,,,,,,,,,,,,,,,,,,,,,0.0324,,,,,,,,,,,,,,,,,,,,,,,,,,,0.0014,,,,,,,,,,,,,,,,,,,,,,,,,,,,,,,,,,,,,,,,,,,,,,,,,,,,,,,,0.0055,,,,,,,,,,,,0.9475,,
A,LEU,27,0.0479,,0.0059,,,0.1414,,,,,,,,,,,,,,,,,,,0.0277,,,,,0.0024,,,,,,,,,,,,,,,,,,,,,,,,,,,,,,,,,,,,,,,,,,,,,,,,,,,,,,,,,,,,,,,,,,,,,,,,,,,0.6404,,,,,,,,,,,,,,,,,,,,,,,,,,,,,,,,,,,,,,,,,,0.0331,,,,,,,,,,,,,0.6399,,,,,,2.7798,,0.2608,0.1587,,0.0882,,0.0024,,
A,ASN,28,,,,,,,,,,,,,,,,,,,,,,,,,,,,,,,,,,,,,,,,,,,,,,,,,,,,,,,,,,,,,,,,,,,,,,,,,,,,,,,,,,,,,,,,,,,,,,,,,,,,,,,,,,,,,,,,,,,,,,,,,,,,,,,,,,,,,,,,,,,,,,,,,,,,,,,,,,,,,,,,,,,,,,,,,,,,,,,
A,CYS,38,,,,,,,,,,,,,,,,,,,,,,,,,,,,,,,,,,,,,,,,,,,,,,,,,,,,,,,,,,,,,,,,,,,,,,,,,,,,,,,,,,,,,,,,,,,,,,,,,,,,,,,,,,,,,,,,,,,,,,,,,,,,,,,,,,,,,,,,,,,,,,,,,,,,,,,,,,,,,,,,,,,,,,,,,,,,,,,
A,PRO,39,,,,,,,,,,,,,,,,,,,,,,,,,,,,,,,,,,,,,,,,,,,,,,,,,,,,,,,,,,,,,,,,,,,,,,,,,,,,,,,,,,,,,,,,,,,,,,,,,,,,,,,,,,,,,,,,,,,,,,,,,,,,,,,,,,,,,,,,,,,,,,,,,,,,,,,,,,,,,,,,,,,,,,,,,,,,,,,
A,ARG,40,,,,,,,,,,,,,,,,,,,,,,,,,,,,,,,,,,,,,,,,,,,,,,,,,,,,,,,,,,,,,,,,,,,,,,,,,,,,,,,,,,,,,,,,,,,,,,,,,,,,,,,,,,,,,,,,,,,,,,,,,,,,,,,,,,,,,,,,,,,,,,,,,,,,,,,,,,,,,,,,,,,,,,,,,,,,,,,
A,HIS,41,0.0743,0.1669,0.0202,0.0922,,,,0.0747,0.0006,0.0499,0.0130,0.0103,,0.0002,,0.0320,,,0.0034,0.0090,,0.0489,,,0.0676,,,0.1649,,0.1535,0.0157,,0.0140,0.0462,0.0387,,,,,0.0051,0.0078,,0.0530,,0.0745,0.0066,,,,,,0.0009,,0.0027,,,0.0058,0.0365,,0.0181,0.1164,,,0.0232,,,,,,,,,,0.0731,,,,0.0078,,,,,,,,,,,,,0.0215,,,,,,,,,,,0.3563,0.0091,,0.0805,,0.1961,,,0.3891,,,,,,,,,,,,,,,,,,,,,,,,,,,,,,,,,,,,,,,,,,,,,,0.6265,,,,0.6742,,,,,0.0407,0.0007,6.4703,2.4473,0.1828,,5.4219,0.0041,,,0.5509
A,VAL,42,,,,,,,,,,,,,,,,,,,,,,,,,,,,,,,,,,,,,,,,,,,,,,,,,,,,,,,,,,,,,,,,,,,,,,,,,,,,,,,,,,,,,,,,,,,,,,,,,,,,,,,,,,,,,,,,,,,,,,,,,,,,,,,,,,,,,,,,,,,,,,,,,,,,,,,,,,,,,,,,,,,,,,,,0.0172,,,0.3286,,,,
A,ILE,43,,,,,,,,,,,,,,,,,,,,,,,,,,,,,,,,,,,,,,,,,,,,,,,,,,,,,,,,,,,,,,,,,,,,,,,,,,,,,,,,,,,,,,,,,,,,,,,,,,,,,,,,,,,,,,,,,,,,,,,,,,,,,,,,,,,,,,,,,,,,,,,,,,,,,,,,,,,,,,,,,,,,,,,,,,,,,,,
A,CYS,44,,,,,,,,,,,,,,,,,,,,,,,,,,,,,,,,,,,,,,,,,,,,,,,,,,,,,,,,,,,,,,,,,,,,,,,,,,,,,,,,,,,,,,,,,,,,,,,,,,,,,,,,,,,,,,,,,,,,,,,,,,,,,,,,,,,,,,,,,,,,,,,,,,,,,,,,,,,,,,,,,,,,,,,,,,,,,,,
A,THR,45,,,,,,,,,,,,,,,,,,,,,,,,,,,,,,,,,,,,,,,,,,,,,,,,,,,,,,,,,,,,,,,,,,,,,,,,,,,,,,,,,,,,,,,,,,,,,,,,,,,,,,,,,,,,,,,,,,,,,,,,,,,,,,,,,,,,,,,,,,,,,,,,,,,,,,,,,,,,,,,,,,,,,,,,,0.5314,,,,,,
A,SER,46,,,,,,,,,,,,,,,,,,,,,,,,,,,,,,,,,,,,,,,,,,,,,,,,,,,,,,,,,,,,,,,,,,,,,,,,,,,,,,,,,,,,,,,,,,,,,,,,,,,,,,,,,,,,,,,,,,,,,,,,,,,,,,,,,,,,,,,,,,,,,,,,,,,,,,,,,0.0429,,,,,0.0472,,,0.0678,,,,,,,,0.1708,,,,,,0.0633
A,GLU,47,,,,,,,,,,,,,,,,,,,,,,,,,,,,,,,,,,,,,,,,,,,,,,,,,,,,,,,,,,,,,,,,,,,,,,,,,,,,,,,,,,,,,,,,,,,,,,,,,,,,,,,,,,,,,,,,,,,,,,,,,,,,,,,,,,,,,,,,,,,,,,,,,,,,,,,,,,,,,,,,,,,,,,,,,,,,,,,
A,ASP,48,,,,,,,,,,,,,,,,,,,,,,,,,,,,,,,,,,,,,,,,,,,,,,,,,,,,,,,,,,,,,,,,,,,,,,,,,,,,,,,,,,,,,,,,,,,,,,,,,,,,,,,,,,,,,,,,,,,,,,,,,,,,,,,,,,,,,,,,,,,,,,,,,,,,,,,,,,,,,,,,,,,,,,,,,,,,,,,
A,MET,49,0.0263,0.0775,,0.0053,,0.0667,,0.2628,0.0981,0.0001,,,,,,,,,,,,,,0.0909,0.3693,,,0.2795,,0.0158,,,0.0076,0.0044,,,,,,,,0.0248,,0.0021,0.0742,,,,0.0318,,,0.0345,,,,,,0.0013,,0.0288,,,,,,,,,,,,,0.0001,0.0212,,,,0.3562,0.6157,,,,,,0.1995,,,,,,0.2712,,,,,,,,0.0021,,,0.1822,0.0066,,0.0708,,0.4671,,,,,0.0162,,,,,,,,,,,,,,,,,,0.0020,,,,,,,,,0.1683,,,,,,,,0.0948,0.0847,0.0043,,,,1.3187,,,0.0347,,0.2880,,0.0002,2.2922,0.3086,,0.0001,0.9669,0.9310,4.1608,0.0031,9.9791,,2.2843,0.0079,0.3684,,24.6672
A,LEU,50,,,,,,,,,,,,,,,,,,,,,,,,,,,,,,,,,,,,,,,,,,,,,,,,,,,,,,,,,,,,,,,,,,,,,,,,,,,,,,,,,,,,,,,,,,,,,,,,,,,,,,,,,,,,,,,,,,,,,,,,,,,,,,,,,,,,,,,,,,,,,,,,,,,,,,,,,,,,,,,,,,,,,,,,,,,,,,,
A,ASN,51,,,,,,,,,,,,,,,,,,,,,,,,,,,,,,,,,,,,,,,,,,,,,,,,,,,,,,,,,,,,,,,,,,,,,,,,,,,,,,,,,,,,,,,,,,,,,,,,,,,,,,,,,,,,,,,,,,,,,,,,,,,,,,,,,,,,,,,,,,,,,,,,,,,,,,,,,,,,,,,,,,,,,,,,,,,,,,,
A,PRO,52,,,,,,,,,,,,,,,,,,,,,,,,,,,,,,,,,,,,,,,,,,,,,,,,,,,,,,,,,,,,,,,,,,,,,,,,,,,,,,,,,,,,,,,,,,,,,,,,,,,,,,,,,,,,,,,,,,,,,,,,,,,,,,,,,,,,,,,,,,,,,,,,,,,,,,,,,,,,,,,,,,,,,,,,,,,,,,,
A,TYR,54,,,,,,,,,0.1249,,,,,,,,,,0.0001,,,,,,0.1770,,,,,,,,,,,,,,,,,,,,,,,,,,,,,,,,,,,,,,,,,,,,,,,,,,,,,,,,,,,,,,,,,,,,,,,,,,,,,,,,,,,,,,,,,,,,,,,,,,,,,,,,,,,,,,,,,,,,,,,,,,,,,,,,,,,,,,,,,,,,,,,,,,,,,,
A,CYS,117,,,,,,,,,,,,,,,,,,,,,,,,,,,,,,,,,,,,,,,,,,,,,,,,,,,,,,,,,,,,,,,,,,,,,,,,,,,,,,,,,,,,,,,,,,,,,,,,,,,,,,,,,,,,,,,,,,,,,,,,,,,,,,,,,,,,,,,,,,,,,,,,,,,,,,,,,,,,,,,,,,,,,,,,,,,,,,,
A,TYR,118,,,,,,,,,,,,,,,,,,,,,,,,,,,,,,,,,,,,,,,,,,,,,,,,,,,,,,,,,,,,,,,,,,,,,,,,,,,,,,,,,,,,,,,,,,,,,,,,,,,,,,,,,,,,,,,,,,,,,,,,,,,,,,,,,,,,,,,,,,,,,,,,,,,,,,,,,,,,,,,,,,,,,,,,,,,,,,,
A,ASN,119,,,,,,,,,,,,,,,,,,,,,,,,,,,,,,,,,,,,,,,,,,,,,,,,,,,,,,,,,,,,,,,,,,,,,,,,,,,,,,,,,,,,,,,,,,,,,,,,,,,,,,,,,,,,,,,,,,,,,,,,,,,,,,,,,,,,,,,,,,,,,,,,,,,,,,,,,,,,,,,,,,,,,,,,,,,,,,,
A,TYR,126,,,,,,,,,,,,,,,,,,,,,,,,,,,,,,,,,,,,,,,,,,,,,,,,,,,,,,,,,,,,,,,,,,,,,,,,,,,,,,,,,,,,,,,,,,,,,,,,,,,,,,,,,,,,,,,,,,,,,,,,,,,,,,,,,,,,,,,,,,,,,,,,,,,,,,,,,,,,,,,,,,,,,,,,,,,,,,,
A,GLY,138,,,,,,,,,,,,,,,,,,,,,,,,,,,,,,,,,,,,,,,,,,,,,,,,,,,,,,,,,,,,,,,,,,,,,,,,,,,,,,,,,,,,,,,,,,,,,,,,,,,,,,,,,,,,,,,,,,,,,,,,,,,,,,,,,,,,,,,,,,,,,,,,,,,,,,,,,,,,,,,,,,,,,,,,,,,,,,,
A,SER,139,,,,,,,,,,,,,,,,,,,,,,,,,,,,,,,,,,,,,,,,,,,,,,,,,,,,,,,,,,,,,,,,,,,,,,,,,,,,,,,,,,,,,,,,,,,,,,,,,,,,,,,,,,,,,,,,,,,,,,,,,,,,,,,,,,,,,,,,,,,,,,,,,,,,,,,,,,,,,,,,,,,,,,,,,,,,,,,
A,PHE,140,0.0194,0.0257,,,,0.1619,0.2200,,0.0721,,0.0175,,0.0238,,,0.0513,0.4190,0.0003,0.0133,0.0309,,0.0180,0.0449,0.0368,,,,,0.1599,,0.2440,,,0.0872,0.0583,,,,0.0496,,0.0349,,,,0.0949,,,0.0191,0.3786,,,0.0366,,,,0.2689,0.1163,,,,0.3826,,,,,0.1580,,,,,,,,,,,,,,,,,,,0.1599,,0.0839,,,,0.1568,,,0.0478,0.0368,0.0629,,,0.8103,,,0.0161,0.1275,,,,,,,0.4075,,,,,,,,,,,,,,,,,,,,,,,,,,,0.5242,,,0.3352,,,,0.1149,,,0.0985,,,,,,,,,,,,,,,,,,0.9128,,,,,1.0768,,,,,
A,LEU,141,,0.0886,,0.0012,,,,,,,0.0133,,,,0.1002,,,,0.0005,,0.1410,0.0634,0.0204,0.0003,,,,0.0359,0.0123,0.0531,,,0.0045,0.0128,0.0436,,,,0.0001,,0.0170,,,,0.0079,,,0.0702,0.0159,,0.0153,0.3855,0.3114,,,0.1884,0.0034,,0.0637,,,,,0.1373,0.2615,0.0194,,,0.0153,0.0571,,0.0378,,,,,0.0061,,0.0735,,0.1283,,,,0.1512,,,,,,0.0020,,0.0001,0.0138,0.1424,0.0072,,,0.0073,,,0.0207,0.0788,,,0.0735,,,,,,,,,,,,,,,,,,,,,,,,0.7234,,,,,,,,,,,,,,,,0.0818,,,,,,,,,,,0.0093,,,,,,,,,,0.0005,0.0095,,0.4172,0.1939,,,,
A,ASN,142,0.0539,,0.0361,,0.0164,0.0644,0.0028,,,,,0.0021,0.0093,,0.0121,,0.0853,0.0137,,,0.0121,0.0195,0.0570,0.0390,,0.0057,0.0014,0.0659,,,,0.0045,0.0433,0.0945,0.0005,,,,,0.0137,,0.3638,0.1314,0.0539,0.1260,,,,,,,0.0280,,,,0.0450,0.0056,0.0017,0.0024,,0.0001,,,0.0293,0.3499,0.0244,0.0021,,0.0694,,,0.0108,0.0406,0.0247,,,,0.0397,,,0.0102,,0.0025,,,0.0461,,,0.0169,,0.0036,,,,,0.0315,,,0.0024,,,,0.0005,,0.7679,0.0177,,0.0308,0.0846,0.2107,,,,,,,,0.3480,,,,,0.0300,0.0169,,,,,0.0141,0.3149,,,,,0.0513,0.0004,0.9065,,0.3513,,0.1402,,,,0.0006,,0.1002,0.8813,,,0.2496,0.0030,0.0611,,0.2379,2.5248,0.2461,0.2520,0.2146,0.4377,0.4331,0.8257,,,,0.4578,1.0123,2.3420,0.0198,0.1138,3.1234,0.4852,0.3813,0.0487,
A,GLY,143,0.0176,,0.0234,,0.2922,,0.0952,,,0.0471,,0.2569,0.1304,0.3136,0.4408,,0.1830,0.2812,,,0.2025,,,,0.0137,,0.0956,,,0.1793,0.0204,,0.0084,,,0.3507,0.3394,,,,,0.3407,0.0297,,,,,,,,,,0.0883,,,,,,,,,,,,,,0.1556,,,,,,,,,,,,,,,,,,,,,,,,,,,,,,,,,,,,,,0.0697,,0.3088,,,,,,,,,,,,,,,,,,,,,,,0.4452,,0.0157,,,,,0.1323,,,,,,,,,,,,,,,,0.3639,,,0.0940,0.2618,,,0.2112,,,,,,0.4932,0.0186,1.5703,,,,,9.5272,,
A,SER,144,,0.0243,,,,,,,,,,,,,0.3315,,,,,,0.3724,,,,,,,,,,,,,,0.0006,,,,,,,,,,,,,0.0005,0.0091,,0.1298,,0.3680,,,0.2298,,,0.1957,,,,,,,0.0031,,,,0.2541,,0.0573,,,,,0.1162,,0.7072,,0.3550,,,,,,,,,,,,0.0064,,0.1140,0.0014,,,,,,,,,,,,,,,,,,,,,,,,,,,,,,,,,,0.3644,,,,,,,,,,,,,,,,0.0255,,,,,,,,,,,0.0074,,,,,,,,,,,,,,,,,,
A,CYS,145,0.1424,0.0486,0.0788,0.0755,0.0806,0.3886,,0.0404,0.0186,0.1131,0.0040,0.0051,0.0619,0.1059,0.3043,,0.0044,0.0798,,0.0006,0.4974,0.0697,0.1493,0.0282,0.1784,,0.1389,0.3197,,0.1840,0.0151,,0.0001,0.0091,,,,,,0.0217,,0.2043,0.0379,0.0249,,0.0012,,,,,0.0781,0.0711,0.3715,0.0314,0.0179,,0.0071,,,0.0688,,,,,0.0199,,0.3568,,,0.0026,,0.0607,0.1464,,,,0.0729,0.1375,0.1840,,,,,,,,0.0804,,,,0.0304,0.0077,0.0017,,0.0423,,,,,,,0.1201,,,0.2506,0.0028,,,,,,,,,,,,,,,,,,,,,,,,0.5043,,,0.0261,,,,,,0.0427,,,,,,,0.0383,,0.0451,,,,,0.0565,,,,0.7660,,,0.9410,,,,,0.3031,1.7328,0.1898,,0.0537,0.4625,,0.0678,,,
A,GLY,146,,,,,,,,,,,,,,,,,,,,,,,,,,,,,,,,,,,,,,,,,,,,,,,,,,,,,,,,,,,,,,,,,,,,,,,,,,,,,,,,,,,,,,,,,,,,,,,,,,,,,,,,,,,,,,,,,,,,,,,,,,,,,,,,,,,,,,,,,,,,,,,,,,,,,,,,,,,,,,,,,,,,,,,,,,,,,,,
A,SER,147,,,,,,,,,,,,,,,,,,,,,,,,,,,,,,,,,,,,,,,,,,,,,,,,,,,,,,,,,,,,,,,,,,,,,,,,,,,,,,,,,,,,,,,,,,,,,,,,,,,,,,,,,,,,,,,,,,,,,,,,,,,,,,,,,,,,,,,,,,,,,,,,,,,,,,,,,,,,,,,,,,,,,,,,,,,,,,,
A,TYR,161,,,,,,,,,,,,,,,,,,,,,,,,,,,,,,,,,,,,,,,,,,,,,,,,,,,,,,,,,,,,,,,,,,,,,,,,,,,,,,,,,,,,,,,,,,,,,,,,,,,,,,,,,,,,,,,,,,,,,,,,,,,,,,,,,,,,,,,,,,,,,,,,,,,,,,,,,,,,,,,,,,,,,,,,,,,,,,,
A,HIS,163,,0.1815,0.0002,0.0795,,0.0512,0.1286,,0.0341,,0.0156,,0.0033,,,0.1322,0.1691,0.0310,0.0650,0.3721,,0.0332,0.0258,0.0088,,,,,0.0126,0.1956,0.3753,,,,0.0805,,,,0.0748,,,,,,,,,0.0155,0.0482,,0.0464,,,,,0.3722,0.1036,,0.3853,,0.4031,,,0.0781,0.2982,0.0272,,,,0.2938,,0.0241,,,,,0.1848,,0.4418,,0.3941,,,,0.0036,,0.0832,,,,,,0.1012,,0.0220,0.0476,0.0006,,0.3760,,,0.0416,0.0432,,,,,,,0.0189,,,,,,,,,,,,,,,,,,,,,,,,,,,0.5732,,0.2762,0.5521,,,,0.0794,,0.0160,,0.6998,,,,,,,,,,,,,,,,,2.0830,,0.1112,,,,,,,,
A,HIS,164,0.0089,0.0894,0.0283,,0.0068,0.1506,,0.4063,0.0132,0.0204,0.1980,0.0173,,0.0102,,0.2101,,,,0.1664,,0.0213,0.0602,,0.5992,,0.0302,0.6844,,0.1222,0.0169,0.0005,0.7467,0.0313,,,,,0.0153,0.0047,0.0167,0.1015,0.1758,,0.0929,,,,,,,0.0821,,0.0348,,,0.0136,0.0069,,,,,,,,,,,,,,,0.1395,0.0992,,,,0.6025,,,,,,,,,0.0983,0.0003,,,,,,,,,,,,0.0222,,0.0718,,,,,0.3675,,,,,,,,,,,,,,,,,,,,,,,,,0.1621,,,,,,,0.0509,,,,,,,,,,,,,,,,,,,,,,,,,,0.0173,,,,,1.9300,,,,,
A,MET,165,,0.0148,0.2072,,0.1677,0.1274,0.0067,0.0319,0.3057,0.0879,0.1843,0.2112,0.1762,0.1120,0.0875,0.2408,0.0037,0.1713,0.4302,0.0718,0.1037,0.0065,0.2296,0.0057,0.0201,0.3263,0.2060,,0.0170,,0.1140,0.2193,,0.0393,0.0501,0.3225,0.2196,0.0668,0.0593,0.0727,0.3283,,0.0681,0.1794,0.6554,0.0060,0.2563,0.1723,0.1739,0.0713,0.0812,0.0345,0.0004,0.0769,0.0047,,,0.0756,0.0054,0.0281,0.1483,0.0830,0.1010,0.1163,0.2379,,0.1296,0.3188,,0.0023,0.2332,0.3423,0.2507,0.1085,0.0629,0.0329,,0.0068,0.0937,0.0843,0.1316,0.1308,0.0723,0.4708,0.0121,0.2012,0.8037,0.0374,0.0284,,0.1177,0.0401,,,0.0464,,0.1115,0.0207,0.0002,0.0283,,0.1504,0.3796,0.0654,0.0532,0.0367,0.0024,,0.1799,0.0061,0.0998,0.9974,0.1258,0.0816,,,,,,,,0.1530,,,,,0.1022,,0.0254,,0.0161,0.5848,0.1745,0.0036,1.8944,0.2410,,,0.6598,0.1123,,,0.0098,,,,,0.1239,,,0.5172,,0.9725,,0.0863,,,,0.3484,,0.0068,,,,0.5211,,,,,2.2226,,0.0234,1.3588,,
A,GLU,166,0.0380,0.0075,0.0304,,0.0259,0.1073,0.0856,0.2238,0.0217,0.0649,0.0573,0.1268,0.1082,0.0942,0.3296,0.1598,0.0350,0.3408,0.0146,0.1625,0.3959,0.0693,0.1523,0.1332,0.1470,0.3805,0.1394,0.0335,0.2749,0.0450,0.1268,0.2891,0.0101,0.0008,,0.0158,0.4588,0.3898,0.1837,0.5209,0.1396,0.0236,,0.0009,0.0364,0.2425,0.2124,0.1306,,0.0531,0.2732,0.2680,0.1422,0.2980,0.1169,0.0627,0.5027,0.4946,0.3586,0.0116,0.2790,0.1800,0.6452,0.3676,0.3307,0.0899,0.0465,0.0180,0.3347,0.2968,0.3068,0.0195,,0.2774,0.0140,0.1557,0.1550,,,0.3624,0.2689,0.0042,0.1300,0.2269,0.2379,0.4511,0.0003,0.2694,0.0411,0.3531,,0.2293,0.5098,0.3974,0.1073,0.1620,0.1909,0.0831,0.3494,0.4653,0.1543,0.3020,0.5791,0.3617,0.1104,0.3744,,0.3298,0.4296,0.0469,0.0713,0.9811,0.0089,0.0323,0.1663,0.2695,0.1073,0.2459,0.3120,,0.4137,0.2564,0.3374,0.0696,0.0766,0.5444,0.0323,0.3480,0.2836,0.3476,0.1912,,0.2137,0.4556,0.1733,0.0658,0.2038,0.0984,,0.9809,0.2927,0.1265,0.7168,0.5205,0.2669,1.7124,0.1724,0.6430,0.2110,0.0292,1.3052,0.3839,1.2453,,0.0017,0.0029,0.3690,,0.2184,,0.3203,,1.1578,0.0668,0.2363,,,0.0022,,4.8626,,2.3387,0.0023,14.3315,
A,LEU,167,,,,,,,,,,,,,,,0.0118,,,,,,,,,,,,,,,,,,,,,,,0.0369,,,,,,,,,0.0047,,,0.0129,,,,,,0.0863,,,0.0445,,,,,,,,,0.0383,,,,,,0.0139,,,,,,,0.0010,,0.0023,,,,,,,,,,,0.0015,,,,0.0126,,,0.1363,,,,,,,0.1187,,,0.0170,,,0.0577,0.0044,0.0001,,,0.0704,,0.0006,,,0.0970,0.0257,0.0004,0.0198,0.1040,,,0.0233,,,,,,,,,,,,,,,0.0009,,,,,,,,,,,,,,,,,0.3124,,,,,,,,,0.0366,,,
A,PRO,168,,,,,,,,,,,,,,,0.0211,,,,,,,,,,,,,,,,,,,,,,,0.0005,,,,,,,,0.1133,0.0794,,,0.0664,,,,,0.0436,0.0814,,,,,,0.0681,,,,0.0024,,0.1365,,,,,,,0.0426,,,,,,0.2931,0.2118,0.0727,0.2698,,0.0010,,,,0.0257,,0.0719,0.0114,0.0202,0.1012,,,0.2505,,,0.0220,,,,,,,0.0708,,,0.0466,,0.2106,0.0522,0.1395,0.0179,0.0475,,0.2991,0.1063,,,,0.1987,0.4314,0.0118,0.0854,0.1247,0.1135,,0.0097,,0.3594,0.1386,,,,0.0053,,0.0387,0.0275,0.0015,,0.1855,,,,,,,0.0064,,,,,,,,,,,,6.4631,,,,,,,,,0.0003,,,
A,THR,169,,,,,,,,,,,,,,,,,,,,,,,,,,,,,,,,,,,,,,,,,,,,,,,,,,,,,,,,,,,,,,,,,,,,,,,,,,,,,,,,,,,,,,,,,,,,,,,,,,,,,,,,,,,,,,,,,,,,,,,,,,,,,,,,,,,,,,,,,,,,,,,,,,,,,,,,,,,,,,,,,,,,,,,,,,,,,,,
A,GLY,170,,,,,,,,,,,,,,,,,,,,,,,,,,,,,,,,,,,,,,,,,,,,,,,,,,,,,,,,,,,,,,,,,,,,,,,,,,,,,,,,,,,,,,,,,,,,,,,,,,,,,,,,,,,,,,,,,,,,,,,,,,,,,,,,,,,,,,,,,,,,,,,,,,,,,,,,,,,,,,,,,,,,,,,,,,,,,,,
A,VAL,171,,,,,,,,,,,,,,,,,,,,,,,,,,,,,,,,,,,,,,,,,,,,,,,,,,,,,,,,,,,,,,,,,,,,,,,,,,,,,,,,,,,,,,,,,,,,,,,,,,,,,,,,,,,,,,,,,,,,,,,,,,,,,,,,,,,,,,,,,,,,,,,,,,,,,,,,,,,,,,,,,,,,,,,,,,,,,,,
A,HIS,172,,,,,,0.0847,0.0125,,,,,,,,,,0.0034,,,,,,0.0018,,,,,,,,0.0479,,,,,,,,,,,,,,,,,,,,,,,,,,0.0090,,,,0.0397,,,,,,,,,,,,,,,,,,,,,,,,,,,,,,,,,,,,,,,,,,,,,,,,,0.0009,,,,,,,,,,,,,,,,,,,,,,,,,,,1.0019,,,,,,,,,,,0.1386,,,,,,,,,,,,,,,,,0.0073,,,,,,,,,,
A,ALA,173,,,,,,,,,,,,,,,,,,,,,,,,,,,,,,,,,,,,,,,,,,,,,,,,,,,,,,,,,,,,,,,,,,,,,,,,,,,,,,,,,,,,,,,,,,,,,,,,,,,,,,,,,,,,,,,,,,,,,,,,,,,,,,,,,,,,,,,,,,,,,,,,,,,,,,,,,,,,,,,,,,,,,,,,,,,,,,,
A,PHE,181,,,,,,,,,,,,,,,,,,,,,,,,,,,,,,,,,,,,,,,,,,,,,,,,,,,,,,,,,,,,,,,,,,,,,,,,,,,,,,,,,,,,,,,,,,,,,,,,,,,,,,,,,,,,,,,,,,,,,,,,,,,,,,,,,,,,,,,,,,,,,,,,,,,,,,,,,,,,,,,,,,,,,,,,,,,,,,,
A,PHE,185,,,,,,,,,,,,,,,,,,,,,,,,,,,,,,,,,,,,,,,,,,,,,,,,,,,,,,,,,,,,,,,,,,,,,,,,,,,,,,,,,,,,,,,,,,,,,,,,,,,,,,,,,,,,,,,,,,,,,,,,,,,,,,,,,,,,,,,,,,,,,,,,,,,,,,,,,,,,,,,,,,,,,,,,,,,,,,,
A,VAL,186,,,,,,,,,,,,,,,,,,,,,,,,,,,,,,,,,,,,,,,,,,,,,,,,,,,,,,,,,,,,,,,,,,,,,,,,,,,,,,,,,,,,,,,,,,,,,,,,,,,,,,,,,,,,,,,,,,,,,,,,,,,,,,,,,,,,,,,,,,,,,,,,,,,,,,,,,,,,,,,,,,,,,,,,,,,,,,,
A,ASP,187,0.0713,0.1531,,0.0052,,0.0134,,0.0474,0.0291,0.0170,0.0061,0.0005,,0.0001,,,,,0.0303,,,,,,0.0431,,,,,,,,0.0247,,0.2463,,,,,,,,0.0695,,,,0.0004,,,,,,,,,,,,,,,,,,,,,,,,,,,,,,,0.1822,,0.0812,,,,,,,,,,,0.0119,,,,,,,,,,,,,,,,,,,,,,,,,,,,,,,,,,,,,,,,,,,,,,,,,,,,,,,,,,,,,,,,,,,,,,,,,,0.0042,,,,,,,,,,
A,ARG,188,0.0063,0.0257,,0.0155,,0.0012,,,,0.0281,0.0726,0.0154,,0.0005,0.1168,,,,,,0.0034,,,,,,,0.0335,,,,0.0017,0.0004,,,0.0058,0.0028,,,,,,0.0655,,,,0.1656,0.0191,0.0265,0.0208,,,,,,,,,,0.0176,,0.0019,,,,,0.0324,,0.0290,,,,0.0002,,0.0042,,,0.0122,,,,,0.0020,0.0020,,0.0023,,,0.2557,,,,,,,,,,,,,0.0620,,,,,,,,,,,,0.0045,,,,0.1041,,,,0.0241,,,,,,,,,0.0334,,,,,,,,,,,,0.0436,,,,,,,,0.3188,,,,,,,,,,,,,,1.4514,,,,,,,,,,
A,GLN,189,0.0664,,0.1367,0.0077,0.1810,,0.0662,0.0002,0.0002,0.0693,0.0747,0.0199,0.1873,0.0515,0.1550,0.2489,0.0487,0.2088,0.3916,0.2063,0.0473,0.0899,0.0925,,0.1236,0.0942,0.0445,0.1916,0.0976,0.5673,0.0445,0.0129,,0.0305,0.1104,0.0451,0.0101,0.0195,0.2395,0.0475,0.0282,0.2215,0.0634,0.0670,0.6185,0.0196,0.3473,0.1321,0.1489,0.1640,0.1385,0.0186,0.1319,0.0509,0.1518,,,0.3662,,0.4132,0.2110,0.0967,0.0522,0.1331,0.1706,0.0212,0.1706,0.1015,0.1349,,0.0582,0.1229,0.2385,0.1419,0.2604,0.0797,0.0957,0.2225,0.4740,0.5340,0.0150,0.1299,0.1239,0.6382,0.0245,0.3889,0.1658,,0.0199,0.0494,0.4101,0.0068,0.0296,,0.0963,0.0600,0.3296,,0.0174,0.1179,0.0305,0.7941,0.6481,0.1357,0.3669,0.0933,0.8393,,0.0400,0.3331,0.0124,0.9779,0.1992,0.0270,0.0013,0.0473,0.0712,0.0113,0.0891,0.0893,0.0159,0.2646,0.1068,,0.0751,0.0790,,,0.0783,0.0188,,0.0990,0.2225,,,0.0026,0.2952,,0.5264,1.3704,0.0007,,0.4717,0.3473,,,0.6271,0.2652,0.0254,0.3484,0.0608,0.1159,0.1358,,0.0586,,,1.2589,0.2093,,1.6672,1.7974,0.3037,0.8790,2.9163,0.3907,1.4308,,,2.6644,,0.8253,0.0926,11.1260,42.2565
A,THR,190,,,,,,,,,,,,,,,,0.0297,,,,,,,,,,,,,,,,,,,,,,,,0.0006,,,,,,,,,,0.0002,,,,,0.0182,,,0.0137,,,,,,,,,0.0090,0.0595,,,0.0186,,,,,0.0341,,,,,,,,,,,,,,0.0055,,,,,,,0.0007,,,,,,,,,,,0.0581,,,,0.0044,,0.0334,0.0020,0.0015,,,,,,,,0.0049,,,,,,,0.0819,,,,,,,,,,,,,,0.0512,,,,,,0.5257,0.1277,,,,,,,,,,,,,,,,,,,,,,,
A,ALA,191,,,,,,,,,,,,,,,,,,,,,,,,,,,,,,,,,,,,,,,,,,,,,,,,,,,,,,,,,,,,,,,,,,,,,,,,,,,,,,,,,,,,,,,,,,,,,,,,,,,,,,,,,,,,0.0227,,,,,,,,,,,,,,,,0.0413,,,,0.0547,,,,,,,,,,,,,,,,,,,,,,,,,,,,,,,,,,,,,,,,,,,,,,,
A,GLN,192,,,,,,,,,,,,,,,,,,,,,,,,,,,,,,,,,,,,,,,,,,,,,,,,,,,,,,,,,,,,,,,,,,,,,,,,,,,,,,,,,,,,,,,,,,,,,,,,,,,,,,,,,,,,,,,,,,0.0293,,,,,,,,,,,,,,,,,0.0984,,,,,,,,,,,,,,,,,,,,0.0619,,,,,,,,,,,,,,,,,,,,,,,,
A,ALA,193,,,,,,,,,,,,,,,,,,,,,,,,,,,,,,,,,,,,,,,,,,,,,,,,,,,,,,,,,,,,,,,,,,,,,,,,,,,,,,,,,,,,,,,,,,,,,,,,,,,,,,,,,,,,,,,,,,,,,,,,,,,,,,,,,,,,,,,,,,,,,,,,,,,,,,,,,,,,,,,,,,,,,,,,,,,,,,,

Intra-Ligand Free,,,-0.8733,-0.9446,-0.8964,-0.9721,-1.0319,-0.6070,-0.9427,-1.1641,-1.2748,-1.1039,-0.8340,-1.0367,-1.0153,-1.0042,-1.1674,-0.6979,-0.9640,-1.0730,-1.1120,-1.0082,-1.0364,-0.9484,-0.6619,-0.6996,-1.1980,-1.4182,-1.0291,-1.0259,-1.0120,-1.0079,-1.0476,-1.0483,-0.9891,-1.1180,-0.6204,-0.8828,-1.0226,-1.0659,-0.4212,-1.0184,-0.8286,-1.0198,-0.6326,-0.7310,-0.8445,-1.0452,-1.1722,-1.0592,-0.9674,-1.4254,-0.7853,-0.9847,-0.5901,-0.8190,-0.9374,-1.2969,-0.6344,-0.2966,-1.2980,-0.5833,-1.1675,-1.0419,-1.1673,-0.8017,-1.0737,-1.1618,-0.2490,-1.0957,-1.0231,-1.1235,-0.6488,-1.0143,-0.6232,-0.7631,-1.1323,-1.0810,-0.3891,-0.9848,-0.5270,-0.8853,-0.7260,-1.3423,-0.9910,-0.7406,-0.6094,-1.0433,-0.4216,-1.1142,-0.9429,-0.5624,-0.2949,-1.0091,-0.6636,-1.1048,-0.5688,-0.6129,-0.8541,-0.8208,-1.0396,-1.1084,-1.2814,0.2242,0.0007,-1.0528,-0.3689,-0.6934,-1.0737,-0.8630,-1.0339,-0.4771,-0.9887,-0.0160,-0.8443,-1.2726,-1.2668,-0.8809,-0.9157,-0.9069,-0.7819,-1.2634,-0.9725,-0.3405,-1.1136,-0.9709,-1.0107,-0.9876,-1.2262,-0.8567,-1.2287,-0.4315,-0.7930,-0.1597,-0.8099,-1.2213,-0.8424,-0.7055,-0.9069,-1.0351,-0.8209,-0.2464,-1.2113,-1.0431,-0.5970,-0.5411,-1.0430,-0.4644,0.7892,-0.2805,-0.8346,-1.0355,-0.5597,-0.8239,-0.5819,-0.4652,-0.2996,-0.2450,1.3788,-0.2226,1.1678,1.4352,-0.4397,-0.6739,-0.9273,3.0927,1.8966,3.0946,-0.5638,6.8413,1.5695,3.2539,9.0946,16.2247,13.7029,2.4429,16.5701
Inter-Ligand Free,,,-8.6781,-8.6028,-8.6047,-8.4712,-8.4030,-8.6643,-8.3006,-8.0467,-7.8118,-7.9698,-8.2367,-7.9882,-7.9727,-7.9219,-7.7054,-8.1317,-7.8112,-7.7001,-7.6464,-7.7294,-7.6915,-7.7767,-7.9698,-7.8245,-7.2214,-6.9827,-7.3326,-7.3239,-7.3105,-7.2947,-7.2268,-7.2202,-7.2441,-7.1117,-7.5628,-7.2091,-7.0566,-6.7928,-7.4229,-6.8045,-6.9759,-6.7676,-7.1504,-7.0126,-6.8987,-6.6609,-6.5137,-6.5642,-6.6328,-6.1653,-6.7989,-6.5819,-6.9685,-6.6743,-6.4944,-6.1096,-6.7222,-7.0520,-6.0503,-6.7286,-6.1255,-6.2120,-5.9740,-6.3377,-6.0590,-5.9283,-6.8352,-5.9107,-5.8688,-5.7640,-6.2186,-5.8395,-6.2279,-6.0663,-5.6871,-5.7321,-6.3895,-5.7799,-6.2218,-5.8320,-5.9908,-5.3542,-5.7020,-5.9414,-6.0399,-5.5632,-6.1565,-5.4629,-5.6324,-5.9687,-6.2081,-5.4708,-5.7988,-5.3443,-5.8592,-5.8131,-5.4898,-5.5210,-5.2998,-5.2170,-5.0137,-6.4990,-6.2719,-5.2135,-5.8863,-5.5357,-5.1092,-5.3039,-5.1248,-5.6550,-5.1133,-6.0683,-5.2018,-4.7130,-4.6736,-5.0063,-4.9466,-4.9435,-5.0596,-4.5316,-4.8055,-5.3860,-4.6071,-4.7165,-4.6554,-4.5855,-4.3435,-4.6978,-4.2626,-5.0398,-4.6568,-5.1988,-4.4435,-4.0259,-4.3953,-4.5175,-4.2586,-3.9188,-4.1077,-4.6769,-3.6899,-3.8484,-4.2689,-4.2726,-3.7638,-4.3326,-5.5001,-4.4089,-3.7884,-3.3966,-3.8007,-3.4297,-3.5314,-3.5477,-3.5188,-2.9560,-3.9743,-2.2437,-3.3856,-3.5955,-1.5368,-0.8254,1.8976,-1.8672,0.5121,0.2830,5.9901,-0.7402,5.9981,6.7353,4.2547,-2.5258,6.5717,20.7111,60.6644
Total Free Energy,,,-9.5514,-9.5474,-9.5011,-9.4434,-9.4349,-9.2713,-9.2433,-9.2108,-9.0866,-9.0736,-9.0707,-9.0249,-8.9879,-8.9261,-8.8728,-8.8296,-8.7753,-8.7731,-8.7584,-8.7377,-8.7279,-8.7251,-8.6318,-8.5241,-8.4194,-8.4010,-8.3617,-8.3498,-8.3224,-8.3027,-8.2744,-8.2685,-8.2333,-8.2297,-8.1832,-8.0918,-8.0793,-7.8587,-7.8441,-7.8229,-7.8045,-7.7874,-7.7830,-7.7436,-7.7432,-7.7061,-7.6859,-7.6234,-7.6002,-7.5907,-7.5842,-7.5666,-7.5586,-7.4933,-7.4318,-7.4065,-7.3566,-7.3487,-7.3483,-7.3119,-7.2930,-7.2539,-7.1413,-7.1394,-7.1327,-7.0901,-7.0842,-7.0063,-6.8919,-6.8875,-6.8674,-6.8539,-6.8511,-6.8294,-6.8194,-6.8131,-6.7786,-6.7647,-6.7489,-6.7174,-6.7168,-6.6965,-6.6930,-6.6820,-6.6493,-6.6065,-6.5781,-6.5772,-6.5753,-6.5311,-6.5030,-6.4798,-6.4625,-6.4492,-6.4280,-6.4260,-6.3440,-6.3418,-6.3394,-6.3254,-6.2952,-6.2747,-6.2712,-6.2663,-6.2552,-6.2291,-6.1829,-6.1668,-6.1587,-6.1322,-6.1019,-6.0843,-6.0462,-5.9856,-5.9404,-5.8872,-5.8623,-5.8504,-5.8415,-5.7950,-5.7780,-5.7265,-5.7207,-5.6874,-5.6661,-5.5730,-5.5697,-5.5544,-5.4912,-5.4713,-5.4498,-5.3585,-5.2534,-5.2471,-5.2377,-5.2230,-5.1655,-4.9539,-4.9286,-4.9233,-4.9012,-4.8915,-4.8658,-4.8136,-4.8069,-4.7971,-4.7109,-4.6894,-4.6230,-4.4320,-4.3604,-4.2537,-4.1133,-4.0129,-3.8185,-3.2010,-2.5955,-2.4663,-2.2178,-2.1603,-1.9765,-1.4993,0.9703,1.2254,2.4088,3.3775,5.4263,6.1011,7.5676,9.9891,13.3493,13.6989,20.2747,23.1539,77.2345
Normalized Total Free Energy,,,-6.7153,-6.7122,-6.6764,-6.6316,-6.6251,-6.4985,-6.4768,-6.4517,-6.3556,-6.3455,-6.3433,-6.3078,-6.2792,-6.2314,-6.1901,-6.1567,-6.1147,-6.1130,-6.1016,-6.0856,-6.0780,-6.0758,-6.0036,-5.9203,-5.8393,-5.8250,-5.7946,-5.7855,-5.7643,-5.7490,-5.7271,-5.7225,-5.6953,-5.6925,-5.6565,-5.5858,-5.5761,-5.4054,-5.3941,-5.3777,-5.3635,-5.3503,-5.3468,-5.3163,-5.3160,-5.2873,-5.2717,-5.2233,-5.2054,-5.1980,-5.1930,-5.1794,-5.1732,-5.1226,-5.0751,-5.0555,-5.0169,-5.0107,-5.0104,-4.9823,-4.9677,-4.9374,-4.8503,-4.8488,-4.8436,-4.8107,-4.8061,-4.7458,-4.6573,-4.6539,-4.6383,-4.6278,-4.6257,-4.6090,-4.6012,-4.5963,-4.5696,-4.5588,-4.5466,-4.5222,-4.5218,-4.5061,-4.5034,-4.4949,-4.4696,-4.4364,-4.4144,-4.4137,-4.4123,-4.3781,-4.3564,-4.3384,-4.3250,-4.3147,-4.2983,-4.2968,-4.2333,-4.2316,-4.2298,-4.2190,-4.1955,-4.1797,-4.1770,-4.1732,-4.1646,-4.1444,-4.1086,-4.0962,-4.0899,-4.0694,-4.0460,-4.0323,-4.0028,-3.9560,-3.9210,-3.8799,-3.8606,-3.8514,-3.8445,-3.8085,-3.7953,-3.7555,-3.7510,-3.7252,-3.7087,-3.6367,-3.6342,-3.6223,-3.5734,-3.5580,-3.5414,-3.4707,-3.3894,-3.3845,-3.3773,-3.3659,-3.3214,-3.1576,-3.1381,-3.1340,-3.1169,-3.1093,-3.0895,-3.0491,-3.0439,-3.0363,-2.9696,-2.9530,-2.9016,-2.7538,-2.6984,-2.6158,-2.5072,-2.4295,-2.2790,-1.8012,-1.3327,-1.2327,-1.0404,-0.9959,-0.8537,-0.4844,1.4266,1.6240,2.5397,3.2893,4.8747,5.3969,6.5317,8.4055,11.0056,11.2762,16.3646,18.5926,60.4409
