Chain ID,Residue name,Residue sequence,Conf 1,Conf 2,Conf 3,Conf 4,Conf 5,Conf 6,Conf 7,Conf 8,Conf 9,Conf 10,Conf 11,Conf 12,Conf 13,Conf 14,Conf 15,Conf 16,Conf 17,Conf 18,Conf 19,Conf 20,Conf 21,Conf 22,Conf 23,Conf 24,Conf 25,Conf 26,Conf 27,Conf 28,Conf 29,Conf 30,Conf 31,Conf 32,Conf 33,Conf 34,Conf 35,Conf 36,Conf 37,Conf 38,Conf 39,Conf 40,Conf 41,Conf 42,Conf 43,Conf 44,Conf 45,Conf 46,Conf 47,Conf 48,Conf 49,Conf 50,Conf 51,Conf 52,Conf 53,Conf 54,Conf 55,Conf 56,Conf 57,Conf 58,Conf 59,Conf 60,Conf 61,Conf 62,Conf 63,Conf 64,Conf 65,Conf 66,Conf 67,Conf 68,Conf 69,Conf 70,Conf 71,Conf 72,Conf 73,Conf 74,Conf 75,Conf 76,Conf 77,Conf 78,Conf 79,Conf 80,Conf 81,Conf 82,Conf 83,Conf 84,Conf 85,Conf 86,Conf 87,Conf 88,Conf 89,Conf 90,Conf 91,Conf 92,Conf 93,Conf 94,Conf 95,Conf 96,Conf 97,Conf 98,Conf 99,Conf 100,Conf 101,Conf 102,Conf 103,Conf 104,Conf 105,Conf 106,Conf 107,Conf 108,Conf 109,Conf 110,Conf 111,Conf 112,Conf 113,Conf 114,Conf 115,Conf 116,Conf 117,Conf 118,Conf 119,Conf 120,Conf 121,Conf 122,Conf 123,Conf 124,Conf 125,Conf 126,Conf 127,Conf 128,Conf 129,Conf 130,Conf 131,Conf 132,Conf 133,Conf 134,Conf 135,Conf 136,Conf 137,Conf 138,Conf 139,Conf 140,Conf 141,Conf 142,Conf 143,Conf 144,Conf 145,Conf 146,Conf 147,Conf 148,Conf 149,Conf 150,Conf 151,Conf 152,Conf 153,Conf 154,Conf 155,Conf 156,Conf 157,Conf 158,Conf 159,Conf 160,Conf 161,Conf 162,Conf 163,Conf 164,Conf 165,Conf 166,Conf 167,Conf 168,Conf 169,Conf 170,Conf 171,Conf 172,Conf 173,Conf 174,Conf 175,Conf 176,Conf 177,Conf 178,Conf 179,Conf 180,Conf 181,Conf 182,Conf 183,Conf 184,Conf 185,Conf 186,Conf 187,Conf 188,Conf 189,Conf 190,Conf 191,Conf 192,Conf 193,Conf 194,Conf 195,Conf 196,Conf 197,Conf 198,Conf 199,Conf 200,Conf 201,Conf 202,Conf 203,Conf 204,Conf 205,Conf 206,Conf 207,Conf 208,Conf 209,Conf 210,Conf 211,Conf 212,Conf 213
A,VAL,20,,,,,,,,,,,,,,,,,,,,,,,,,,,,,,,,,,,,,,,,,,,,,,,,,,,,,,,,,,,,,,,,,,,,,,,,,,,,,,,,,,,,,,,,,,,,,,,,,,,,,,,,,,,,,,,,,,,,,,,,,,,,,,,,,,,,,,,,,,,,,,,,,,,,,,,,,,,,,,,,,,,,,,,,,,,,,,,,,,,,,,,,,,,,,,,,,,,,,,,,,,,,,,,,,,,,,
A,THR,21,,,,,,,,,,,,,,,,,,,,,,,,,,,,,,,,,,,,,,,,,,,,,,,,,,,,,,,,,,,,,,,,,,,,,,,,,,,,,,,,,,,,,,,,,,,,,,,,,,,,,,,,,,,,,,,,,,,,,,,,,,,,,,,,,,,,,,,,,,,,,,,,,,,,,,,,,,,,,,,,,,,,,,,,,,,,,,,,,,,,,,,,,,,,,,,,,,,,,,,,,,,,,,,,,,,,,
A,CYS,22,,,,,,,,,,,,,,,,,,,,,,,,,,,,,,,,,,,,,,,,,,,,,,,,,,,,,,,,,,,,,,,,,,,,,,,,,,,,,,,,,,,,,,,,,,,,,,,,,,,,,,,,,,,,,,,,,,,,,,,,,,,,,,,,,,,,,,,,,,,,,,,,,,,,,,,,,,,,,,,,,,,,,,,,,,,,,,,,,,,,,,,,,,,,,,,,,,,,,,,,,,,,,,,,,,,,,
A,GLY,23,,,,,,,,,,,,,,,,,,,,,,,,,,,,,,,,,,,,,,,,,,,,,,,,,,,,,,,,,,,,,,,,,,,,,,,,,,,,,,,,,,,,,,,,,,,,,,,,,,,,,,,,,,,,,,,,,,,,,,,,,,,,,,,,,,,,,,,,,,,,,,,,,,,,,,,,,,,,,,,,,,,,,,,,,,,,,,,,,,,,,,,,,,,,,,,,,,,,,,,,,,,,,,,,,,,,,
A,THR,24,,,,,,,,,,,,,,,,,,,,,,,,,,,,,,,,,,,,,,,,,,,,,,,,,,,,,,,,,,,,,,,,,,,,,,,,,,,,,,,,,,,,,,,,,,,,,,,,,,,,,,,,,,,,,,,,,,,,,,,,,,,,,,,,,,,,,,,,,,,,,,,,,,,,,,,,,,,,,,,,,,,,,,,,,,,,,,,,,,,,,,,,,,,,,,,,,,,,,,,,,,,,,,,,,,,,,
A,THR,25,,,,,0.0707,0.0311,0.0288,,,,,,0.0663,,,0.0144,,,,,,,,,,0.0108,,,,,,,,,,,0.0181,0.0256,,,0.0428,,,,,,,,,,,,,,,,,,,,,,,,,0.0030,,0.2009,,,,,,,,,,,,,,,,,,,,,,,,,,,,,,,,,,,,,,,,,,,0.0014,,,,,,,,,,,,,,,,,,,,,,,,,,,,,,,,,,,,,,,,,,,,,,,,,,,,,,,,,,,,,,,,,,,,,,,,,,,,,,,,,,,,,,,,,,,,,,,,,,,,,,0.2056
A,THR,26,0.1554,0.0258,,0.0294,,0.2635,,,,,0.0514,,,,0.0077,0.0460,,,,,,,,,,,,,,,,0.0488,,,,,,0.0664,,,0.0413,,,,,,,,,,0.0130,0.0028,,,,,,0.0166,,0.0004,,,,,,0.0729,,,,,,,,,,,,,,,,,,,,,,,,,,,,,,,,,,,,,,,,,,,,,0.0085,,,,,,,,,,,0.1289,,,,,,,,,,,,,,,,,,,,,,,,,,,,,,,,,,,,,,,,,,,,,,,,,,,,,,,,,,,,,,,,,,,,,,,,,,,,,,,,,,,,,,,,0.4274,0.0566,,
A,LEU,27,0.0609,0.1407,,0.0207,0.1010,,,,,,0.0123,,0.0355,,0.2972,,,,,,,,,,,,,,,,,,,,,,,,,,0.0978,,,,,,,0.1570,,,,0.0112,,,,,,0.0753,,,,,,,,0.2447,,,,,,,,,,,0.0653,,,,,,,,,,,,,,,,,,,,,,,,,,,,,,,,,,,,,,,,,,,,,,,,,,,,,,,,,,,,,,,,,,,,,,,,,,,,,0.1948,,,,,,,,,,,,,,,,,,,,,,,,,,,,,,,,,,,,,,,,,,,,,,,,,,0.1157,,,,,,0.1572,,,
A,ASN,28,,,,,,,,,,,,,,,,,,,,,,,,,,,,,,,,,,,,,,,,,,,,,,,,,,,,,,,,,,,,,,,,,,,,,,,,,,,,,,,,,,,,,,,,,,,,,,,,,,,,,,,,,,,,,,,,,,,,,,,,,,,,,,,,,,,,,,,,,,,,,,,,,,,,,,,,,,,,,,,,,,,,,,,,,,,,,,,,,,,,,,,,,,,,,,,,,,,,,,,,,,,,,,,,,,,,,
A,PRO,39,,,,,,,,,,,,,,,,,,,,,,,,,,,,,,,,,,,,,,,,,,,,,,,,,,,,,,,,,,,,,,,,,,,,,,,,,,,,,,,,,,,,,,,,,,,,,,,,,,,,,,,,,,,,,,,,,,,,,,,,,,,,,,,,,,,,,,,,,,,,,,,,,,,,,,,,,,,,,,,,,,,,,,,,,,,,,,,,,,,,,,,,,,,,,,,,,,,,,,,,,,,,,,,,,,,,,
A,ARG,40,,,,,,,,,,,,,,,,,,,,,,,,,,,,,,,,,,,,,,,,,,,,,,,,,,,,,,,,,,,,,,,,,,,,,,,,,,,,,,,,,,,,,,,,,,,,,,,,,,,,,,,,,,,,,,,,,,,,,,,,,,,,,,,,,,,,,,,,,,,,,,,,,,,,,,,,,,,,,,,,,,,,,,,,,,,,,,,,,,,,,,,,,,,,,,,,,,,,,,,,,,,,,,,,,,,,,
A,HIS,41,0.0825,0.0190,,0.0541,0.0915,0.0431,0.0011,,,0.0142,0.1949,,0.1450,0.0028,,0.0328,0.0639,,0.0428,0.0311,0.0378,0.1234,,0.0114,0.5889,0.0652,0.0549,0.0173,,,0.0027,0.2894,,,,,0.0644,0.0025,0.0024,,0.2148,,,,,,0.0615,0.0128,,,0.0339,0.0156,,0.1746,,,,,0.0528,,0.1948,0.4267,,,,0.1526,0.4722,0.0112,0.1963,,0.0232,,0.0368,,,,,,0.0232,0.1003,,0.0011,,0.1668,,,0.0034,0.0229,,,,,,,,,,,0.0148,0.0313,,,,,0.0365,,,,,,0.0050,0.0002,,0.0345,,0.5171,,,,,0.0976,,,,,,,,,,,,,,,0.8351,,,,,,,0.0481,0.0039,0.0430,,,0.0202,0.0112,,,,,0.0388,,,,,0.0118,,,,,,0.0105,,,,0.1489,0.0267,,,0.1276,0.0372,,,,,,,,,,,,,,,,0.1310,,,,,,,,,,,,,,,,,0.5155,,,5.4566,5.5249,,5.1950
A,VAL,42,,,,,,,,,,,,,,,,,,,,,,,,,,,,,,,,,,,,,,,,,,,,,,,,,,,,,,,,,,,,,,,,,,,,,,,,,,,,,,,,,,,,,,,,,,,,,,,,,,,,,,,,,,,,,,,,,,,,,,,,,,,,,,,,,,,,,,,,,,,,,,,,,,,,,,,,,,,,,,,,,,,,,,,,,,,,,,,,,,,,,,,,,,,,,,,,,,,,,,,,,,,,,,,,,,,,,
A,ILE,43,,,,,,,,,,,,,,,,,,,,,,,,,,,,,,,,,,,,,,,,,,,,,,,,,,,,,,,,,,,,,,,,,,,,,,,,,,,,,,,,,,,,,,,,,,,,,,,,,,,,,,,,,,,,,,,,,,,,,,,,,,,,,,,,,,,,,,,,,,,,,,,,,,,,,,,,,,,,,,,,,,,,,,,,,,,,,,,,,,,,,,,,,,,,,,,,,,,,,,,,,,,,,,,,,,,,,
A,CYS,44,,,,,,,,,,,,,,,,,,,,,,,,,,,,,,,,,,,,,,,,,,,,,,,,,,,,,,,,,,,,,,,,,,,,,,,,,,,,,,,,,,,,,,,,,,,,,,,,,,,,,,,,,,,,,,,,,,,,,,,,,,,,,,,,,,,,,,,,,,,,,,,,,,,,,,,,,,,,,,,,,,,,,,,,,,,,,,,,,,,,,,,,,,,,,,,,,,,,,,,,,,,,,,,,,,,,,
A,THR,45,,,,,,,,,,,,,,,,,,,,,,,,,,,,,,,,,,,,,,,,,,,,,,,,,,,,,,,,,,,,,,,,,,,,,,,,,,,,,,,,,,,,,,,,,,,,,,,,,,,,,,,,,,,,,,,,,,,,,,,,,,,,,,,,,,,,,,,,,,,,,,,,,,,,,,,,,,,,,,,,,,,,,,,,,,,,,,,,,,,,,,,,,,,,,,,,,,,,,,,,,,,,,,,,,,,,,
A,SER,46,,,,,,,,,,,,,,,,,,,,,,,,,,,,,,,,,,,,,,,,,,,,,,,,,,,,,,,,,,,,,,,,,,,,,,,,,,,,,,,,,,,,,,,,,,,,,,,,,,,,,,,,,,,,,,,,,,,,,,,,,,,,,,,,,,,,,,,,,,,,,,,,,,,,,,,,,,,,,,,,,,,,,,,,,,,,,,,0.0227,,,,,,,,,,,,,,,,,,,,,,,,,,,,,,,,,,,,,,
A,GLU,47,,,,,,,,,,,,,,,,,,,,,,,,,,,,,,,,,,,,,,,,,,,,,,,,,,,,,,,,,,,,,,,,,,,,,,,,,,,,,,,,,,,,,,,,,,,,,,,,,,,,,,,,,,,,,,,,,,,,,,,,,,,,,,,,,,,,,,,,,,,,,,,,,,,,,,,,,,,,,,,,,,,,,,,,,,,,,,,,,,,,,,,,,,,,,,,,,,,,,,,,,,,,,,,,,,,,,
A,ASP,48,,,,,,,,,,,,,,,,,,,,,,,,,,,,,,,,,,,,,,,,,,,,,,,,,,,,,,,,,,,,,,,,,,,,,,,,,,,,,,,,,,,,,,,,,,,,,,,,,,,,,,,,,,,,,,,,,,,,,,,,,,,,,,,,,,,,,,,,,,,,,,,,,,,,,,,,,,,,,,,,,,,,,,,,,,,,,,,,,,,,,,,,,,,,,,,,,,,,,,,,,,,,,,,,,,,,,
A,MET,49,0.0658,0.1344,0.0132,,0.0987,0.3863,0.0702,,,,0.1221,0.0038,0.1679,,0.1110,0.0004,0.2137,0.0153,,,0.0291,,,0.0428,0.0234,,0.0098,,,,,0.1655,,,,,,0.0013,,,,,,,,,,,,,0.0156,,,,,,,0.0111,,,,0.1743,,,,0.3872,0.0490,,,,0.0314,,,,,,0.0059,,,,,,,0.0371,,,0.0359,,,,,,0.0782,0.0072,,,,,,0.0265,,,0.0871,,,0.0051,,,,,0.0083,0.1042,,,0.0002,0.0139,,,,,,0.1637,,0.0024,0.0038,,,,,,0.0842,,,,,0.0191,,,,,0.1354,,,0.0950,,,,0.0286,,,0.0370,,,0.2295,0.0933,,,0.0937,,,,,,0.0655,0.0366,,,0.0247,0.7731,,,,,1.1041,0.0876,,,,,,0.0020,,,,,,,,0.0019,,,,,,,,,,,,,,0.0201,,2.7021,0.7754,1.0338,0.0224,,9.7981,13.0874,,7.7467
A,LEU,50,,,,,,,,,,,,,,,,,,,,,,,,,,,,,,,,,,,,,,,,,,,,,,,,,,,,,,,,,,,,,,,,,,,,,,,,,,,,,,,,,,,,,,,,,,,,,,,,,,,,,,,,,,,,,,,,,,,,,,,,,,,,,,,,,,,,,,,,,,,,,,,,,,,,,,,,,,,,,,,,,,,,,,,,,,,,,,,,,,,,,,,,,,,,,,,,,,,,,,,,,,,,,,,,,,,,,
A,ASN,51,,,,,,,,,,,,,,,,,,,,,,,,,,,,,,,,,,,,,,,,,,,,,,,,,,,,,,,,,,,,,,,,,,,,,,,,,,,,,,,,,,,,,,,,,,,,,,,,,,,,,,,,,,,,,,,,,,,,,,,,,,,,,,,,,,,,,,,,,,,,,,,,,,,,,,,,,,,,,,,,,,,,,,,,,,,,,,,,,,,,,,,,,,,,,,,,,,,,,,,,,,,,,,,,,,,,,
A,PRO,52,,,,,,,,,,,,,,,,,,,,,,,,,,,,,,,,,,,,,,,,,,,,,,,,,,,,,,,,,,,,,,,,,,,,,,,,,,,,,,,,,,,,,,,,,,,,,,,,,,,,,,,,,,,,,,,,,,,,,,,,,,,,,,,,,,,,,,,,,,,,,,,,,,,,,,,,,,,,,,,,,,,,,,,,,,,,,,,,,,,,,,,,,,,,,,,,,,,,,,,,,,,,,,,,,,,,,
A,TYR,54,0.3497,,0.0167,,,,,,,,0.1055,,0.0012,,,,0.0603,,,,,,,,,,,,,,,,,,,,,,,,,,,,,,,,,,,,,,,,,,,,,,,,,,,,,,,,,,,,,,,,,,,,,,,,,,,,,,,,,,,,,,,,,,,,,,,,,,,,,,,,,,,,,,,,,,,,,,,,,,,,,,,,,,,,,,,,,,,,,,,,,,,,,,,,,,,,,,,,,,,,,,,,,,,,,,,,,,,,,,,,,,,,,,0.0658,,,,,,
A,LEU,57,,,,,,,,,,,,,,,,,,,,,,,,,,,,,,,,,,,,,,,,,,,,,,,,,,,,,,,,,,,,,,,,,,,,,,,,,,,,,,,,,,,,,,,,,,,,,,,,,,,,,,,,,,,,,,,,,,,,,,,,,,,,,,,,,,,,,,,,,,,,,,,,,,,,,,,,,,,,,,,,,,,,,,,,,,,,,,,,,,,,,,,,,,,,,,,,,,,,,,,,,,,,,,,,,,,,,
A,CYS,85,,,,,,,,,,,,,,,,,,,,,,,,,,,,,,,,,,,,,,,,,,,,,,,,,,,,,,,,,,,,,,,,,,,,,,,,,,,,,,,,,,,,,,,,,,,,,,,,,,,,,,,,,,,,,,,,,,,,,,,,,,,,,,,,,,,,,,,,,,,,,,,,,,,,,,,,,,,,,,,,,,,,,,,,,,,,,,,,,,,,,,,,,,,,,,,,,,,,,,,,,,,,,,,,,,,,,
A,CYS,117,,,,,,,,,,,,,,,,,,,,,,,,,,,,,,,,,,,,,,,,,,,,,,,,,,,,,,,,,,,,,,,,,,,,,,,,,,,,,,,,,,,,,,,,,,,,,,,,,,,,,,,,,,,,,,,,,,,,,,,,,,,,,,,,,,,,,,,,,,,,,,,,,,,,,,,,,,,,,,,,,,,,,,,,,,,,,,,,,,,,,,,,,,,,,,,,,,,,,,,,,,,,,,,,,,,,,
A,TYR,118,,,,,,,,,,,,,,,,,,,,,,,,,,,,,,,,,,,,,,,,,,,,,,,,,,,,,,,,,,,,,,,,,,,,,,,,,,,,,,,,,,,,,,,,,,,,,,,,,,,,,,,,,,,,,,,,,,,,,,,,,,,,,,,,,,,,,,,,,,,,,,,,,,,,,,,,,,,,,,,,,,,,,,,,,,,,,,,,,,,,,,,,,,,,,,,,,,,,,,,,,,,,,,,,,,,,,
A,ASN,119,,,,,,,,,,,,,,,,,,,,,,,,,,,,,,,,,,,,,,,,,,,,,,,,,,,,,,,,,,,,,,,,,,,,,,,,,,,,,,,,,,,,,,,,,,,,,,,,,,,,,,,,,,,,,,,,,,,,,,,,,,,,,,,,,,,,,,,,,,,,,,,,,,,,,,,,,,,,,,,,,,,,,,,,,,,,,,,,,,,,,,,,,,,,,,,,,,,,,,,,,,,,,,,,,,,,,
A,TYR,126,,,,,,,,,,,,,,,,,,,,,,,,,,,,,,,,,,,,,,,,,,,,,,,,,,,,,,,,,,,,,,,,,,,,,,,,,,,,,,,,,,,,,,,,,,,,,,,,,,,,,,,,,,,,,,,,,,,,,,,,,,,,,,,,,,,,,,,,,,,,,,,,,,,,,,,,,,,,,,,,,,,,,,,,,,,,,,,,,,,,,,,,,,,,,,,,,,,,,,,,,,,,,,,,,,,,,
A,GLY,138,,,,,,,,,,,,,,,,,,,,,,,,,,,,,,,,,,,,,,,,,,,,,,,,,,,,,,,,,,,,,,,,,,,,,,,,,,,,,,,,,,,,,,,,,,,,,,,,,,,,,,,,,,,,,,,,,,,,,,,,,,,,,,,,,,,,,,,,,,,,,,,,,,,,,,,,,,,,,,,,,,,,,,,,,,,,,,,,,,,,,,,,,,,,,,,,,,,,,,,,,,,,,,,,,,,,,
A,SER,139,,,,,,,,,,,,,,,,,,,,,,,,,,,,,,,,,,,,,,,,,,,,,,,,,,,,,,,,,,,,,,,,,,,,,,,,,,,,,,,,,,,,,,,,,,,,,,,,,,,,,,,,,,,,,,,,,,,,,,,,,,,,,,,,,,,,,,,,,,,,,,,,,,,,,,,,,,,,,,,,,,,,,,,,,,,,,,,,,,,,,,,,,,,,,,,,,,,,,,,,,,,,,,,,,,,,,
A,PHE,140,,0.3063,,,,,,0.1733,0.2038,0.1169,0.5086,,,0.0281,0.2903,,,0.0885,,,,,,0.0039,0.3945,,,0.0393,,0.0250,,,0.0772,,0.1550,,0.0063,0.0203,,0.0061,,,,,,,,,,,,,,0.1556,0.0002,0.1205,0.0077,,,,,0.3064,0.0393,,0.0006,,0.1364,,,,,,,,0.1259,0.0440,0.1511,,,0.4145,,,,,,,,,,,,0.0659,,0.2972,0.0895,0.0076,,,0.0112,,0.0242,,0.0054,,,0.2184,,,,,,,0.5817,,0.0021,,,0.1865,0.3124,,,0.2212,0.0352,0.4436,0.5557,0.2083,,,,0.0640,,,0.1649,0.0098,,0.0029,,,0.3012,0.0015,,0.4197,0.1302,0.4481,,,0.3009,0.0327,,,,,0.3275,,0.6978,,,0.7223,,0.2022,,,,,,,,0.4890,0.2848,,0.0780,,,0.0504,,,,,,,0.0116,,,,,,,,,,,0.7567,,,,,,,,,,,,,0.7545,,,,,,,,
A,LEU,141,,0.0240,0.2334,,,0.3461,0.0562,0.0337,0.0014,0.0373,0.1284,0.0169,,0.0718,,,,0.1365,0.1047,,,0.3640,0.1328,,0.2469,,0.0840,0.1713,0.1601,0.0367,,,,0.1214,0.0784,,,,,,,0.0998,0.0985,,,,,,0.0115,0.0033,,,0.2813,0.0066,,0.0310,0.1246,0.0748,,,0.0078,0.0977,0.0994,,0.2331,,,,,,,,,,0.0965,,,,,0.0003,0.5706,,,,,,,,0.3126,,,,,,0.0032,0.0997,0.0753,,0.0679,,0.0703,,0.1078,,,,0.3246,0.0710,,,,,0.3548,,,,,0.0112,0.0150,,,,0.3418,0.0302,0.0093,,,0.0127,0.0461,0.0272,,0.2690,0.0017,,0.0020,0.0010,,0.0038,0.0284,0.0001,,0.0048,0.0014,,,,,0.1464,,0.0022,,,,,0.0017,0.0094,,,,0.0005,,,0.0317,,,,,,,,,,,0.5586,,,,,,,0.1807,,,0.0031,,0.3069,,,0.0619,,,,,,0.1185,,0.1574,,,0.0032,,,,,,,,0.0098,,,,,0.0910
A,ASN,142,,,0.0336,0.0002,0.1694,0.0027,0.0866,,,,0.0074,0.1564,0.1406,,0.0202,0.0082,,,0.5545,,,0.2978,0.0067,,,0.0067,,0.3080,0.0499,0.2597,0.0279,0.0164,,0.0023,0.0079,0.0587,,0.0037,,0.0207,0.5073,,0.0060,0.2255,0.0174,0.0033,,,,0.0371,,0.0965,0.2864,0.3566,0.1365,0.1952,0.0444,0.6054,,0.2853,,0.0001,0.0987,,0.1386,0.0586,,,,0.0381,0.0011,,,,0.0130,,,,,0.0029,0.1184,,,0.0565,0.1743,,,0.0904,0.0009,,,0.0519,0.0157,0.0002,,0.0156,0.2212,,0.0050,0.0528,0.0127,,0.1774,,0.0169,,,,,,0.0435,,0.8433,0.0663,,,0.4252,0.0262,0.5306,,0.1894,,0.3948,,0.0019,0.0224,,,0.0014,0.0137,0.2658,,,0.0265,,0.2980,,,,,0.0937,0.1251,0.1871,0.0254,,,,,,0.0022,,0.0088,0.0860,0.1134,0.0016,0.0744,,,0.0210,0.0112,,,,0.0917,0.1737,,,,0.2695,,0.0224,,,0.2837,0.3376,0.0761,,,0.0004,0.1606,0.1215,,,,,0.1153,0.0362,,0.5747,0.9991,0.0099,0.7547,,,,0.2675,2.0835,,0.2420,,0.1212,0.1985,0.3987,1.1306,1.6486,0.1577,,0.5111,,0.2337,0.3454,,0.5938
A,GLY,143,,,0.4411,0.0018,0.1021,,0.7545,,,,0.0111,0.0278,0.0519,,0.0457,,,,0.0312,,,,,,,0.3646,,,0.1991,,,,,0.3185,,,0.0056,,,,0.0193,,0.1138,,0.0308,,,0.1393,,,0.0232,0.0349,0.0234,,,,,,,0.1368,,,,,0.0034,0.0847,,,,,0.0562,,0.2352,,,,0.0308,,,,,,,,,,,0.0578,0.1565,,0.0010,,,,,,,,,,,,0.0875,,,0.1513,0.1135,,,,,,,,,0.0312,,,,0.0033,,,,,0.2125,,,,,,0.1707,0.0346,,,,,,,,,,,,,,,,,,,,,,0.1649,0.0392,,,,,,,,,,0.0021,,0.0343,,,,0.0016,,,0.2613,,,,,,,,,,,,0.0352,,,0.0180,,,,,,,0.0090,0.3794,,0.2384,,,,,0.5622,,,,,,1.0516,1.7828,,0.3701
A,SER,144,,,0.2308,,,,0.0664,0.0126,,0.0535,0.0838,0.0837,,0.0488,,,,0.1645,,,,,,,0.0838,0.1424,0.0824,0.0718,0.3028,,,,,0.2723,,,,,,,,0.0618,,,,,,,0.0525,,,,,,,,0.0887,,,,,0.1298,0.0161,,0.0551,,,,,0.0228,,,,,,,,,,,,,,,,,,,0.4333,,,,,,,,0.0540,,,,,,,0.0228,,,0.3500,0.2542,,,,,0.1607,,,,,,,,,,0.7182,0.0141,0.0013,,,0.0119,,0.1267,,0.2259,,,,,,,0.1030,,,,,,,,,0.1436,,0.0400,,,,,0.0282,0.0781,,,,,,,0.1409,,,,,,,,,,,,,,,,,,0.0566,,,,,0.2949,,,,,,,,,,,0.0246,,0.0340,,,,,,,,,,,,,,
A,CYS,145,0.1845,,0.3776,0.0852,0.0698,0.0176,0.5952,,,0.0225,0.1783,0.1677,0.0077,0.0190,,0.0005,0.5088,0.0665,1.0503,,0.0020,0.2670,0.0573,,,0.3902,0.3161,0.0294,0.6497,0.1480,0.0503,0.0980,,0.1046,0.0263,0.0434,0.4534,0.0293,0.0177,,0.0066,0.2008,0.1821,0.0037,,,,0.0364,0.0020,,0.1284,0.0144,0.0684,,0.0012,,0.0458,0.0628,,0.1888,,0.0013,0.0325,0.0036,0.0130,,0.0067,0.0287,,,0.0017,0.0174,,,0.2479,,,0.0415,,0.0184,0.0176,,,0.2677,,,,,0.1994,,0.1106,,,0.0492,,,0.1525,,0.1464,,0.0475,0.0011,,0.0022,,0.2420,0.2092,,,,,0.0777,0.8333,,0.4850,0.1589,,,0.7276,0.0459,,,0.1415,,0.0906,,,0.0922,,,0.0636,0.1097,,0.0240,0.0229,0.2422,0.0253,,,,0.0712,,1.2304,0.0704,,0.0014,,,,0.0915,,,,0.0052,0.0002,,,,,,,,0.2181,0.0192,0.0482,,,,,0.0080,,0.0570,0.0026,1.1492,0.0004,,,,,0.0311,0.3276,,,,,0.7565,0.0226,,0.4749,0.0047,,0.3186,,,,0.0720,0.7053,,1.9278,,,,,0.0395,,,,,,0.0320,0.0007,,0.0292
A,GLY,146,,,,,,,,,,,,,,,,,,,,,,,,,,,,,,,,,,,,,,,,,,,,,,,,,,,,,,,,,,,,,,,,,,,,,,,,,,,,,,,,,,,,,,,,,,,,,,,,,,,,,,,,,,,,,,,,,,,,,,,,,,,,,,,,,,,,,,,,,,,,,,,,,,,,,,,,,,,,,,,,,,,,,,,,,,,,,,,,,,,,,,,,,,,,,,,,,,,,,,,,,,,,,,,,,,,,,
A,SER,147,,,,,,,,,,,,,,,,,,,,,,,,,,,,,,,,,,,,,,,,,,,,,,,,,,,,,,,,,,,,,,,,,,,,,,,,,,,,,,,,,,,,,,,,,,,,,,,,,,,,,,,,,,,,,,,,,,,,,,,,,,,,,,,,,,,,,,,,,,,,,,,,,,,,,,,,,,,,,,,,,,,,,,,,,,,,,,,,,,,,,,,,,,,,,,,,,,,,,,,,,,,,,,,,,,,,,
A,TYR,161,,,,,,,,,,,,,,,,,,,,,,,,,,,,,,,,,,,,,,,,,,,,,,,,,,,,,,,,,,,,,,,,,,,,,,,,,,,,,,,,,,,,,,,,,,,,,,,,,,,,,,,,,,,,,,,,,,,,,,,,,,,,,,,,,,,,,,,,,,,,,,,,,,,,,,,,,,,,,,,,,,,,,,,,,,,,,,,,,,,,,,,,,,,,,,,,,,,,,,,,,,,,,,,,,,,,,
A,HIS,163,,0.0198,,,0.0801,0.0453,0.1768,0.0513,0.0254,0.2904,0.0444,0.2455,,0.1854,0.3247,,,0.2947,,,,,0.2669,,0.4155,,0.0019,0.1624,,0.2734,0.3760,,0.0002,,,,0.1066,0.0324,0.2053,0.0193,,0.0430,0.4543,0.0625,,,,,0.0223,,,,,0.2367,0.1077,0.1776,0.0982,0.6655,,,,0.2994,0.1624,,0.0942,,,,,0.0690,,,,0.0499,,,0.2199,,,0.3152,,,,,0.2058,,,,,,0.0602,0.1355,0.4557,0.2498,0.2289,,0.1570,,,,0.2656,0.1872,,0.0690,,,0.1225,0.2781,,0.0043,,,,,0.0115,,,,,0.1123,,0.2629,0.8420,0.1076,0.2670,,,,,0.4470,,0.0105,0.0174,,0.1098,,,,0.3888,,0.0406,0.0375,,0.1687,,,0.0488,0.0944,,0.0010,,,0.0322,,0.4224,0.0408,,0.2937,,0.0890,,,,,,,,0.3028,,,0.0199,,,0.3721,0.3621,,,,,,0.5462,,,,,0.0187,,,0.0001,,,0.0121,,,,0.1825,0.3244,,0.0032,,,,,,0.8302,,,,,,,,0.0001
A,HIS,164,0.2609,0.0203,,0.1945,0.0377,0.0022,0.0040,,,0.0013,0.4512,,0.0005,0.0006,0.0007,0.0315,0.7459,,,,0.1664,,0.0028,,0.1047,,0.0028,0.0050,,0.0036,,0.0254,,,0.0007,0.0059,0.0438,,0.0466,,0.3287,,,,,,,0.1166,,,0.2169,0.2245,,,,,0.0007,,,,,0.0145,,0.2464,,0.0026,,,0.1578,,0.0477,0.0139,0.1125,,0.0355,,,0.0014,,0.0744,,0.0039,,0.0229,,,0.0132,,,,0.0061,,0.0222,,,0.0074,,,,0.0057,0.2191,,0.5177,,,,,,0.0551,,0.0048,0.0216,0.1336,0.0161,,0.2759,,,0.0094,,0.0474,,,,,0.6313,,,,,0.1794,,,,,0.0832,,,,,,,0.2880,0.1977,,,,,,,0.0865,,,0.0453,,,0.1789,,0.0296,,,,,0.1144,,,0.1823,,0.0376,0.0079,,0.2207,0.0642,0.8580,,,,,,0.0003,,0.0009,,,,,0.0007,,,,,0.0785,,,,,,,,,,,,0.0409,,,,,,0.0634,,,
A,MET,165,0.0424,0.1356,0.2296,0.0939,0.1964,0.3608,0.2679,0.1334,0.1498,0.2224,0.0658,0.1739,0.3391,0.3451,0.3759,0.0660,0.2010,0.1828,0.2210,0.1357,0.0691,0.1534,0.4826,0.3487,0.1308,0.0969,0.5131,0.0658,0.0962,0.1025,0.1844,0.1023,0.3432,0.0854,0.0378,0.2222,0.2293,0.3223,0.0136,0.0277,0.3215,0.2663,0.2057,0.2375,0.2604,0.2011,0.2536,0.0923,0.1116,0.0101,0.0625,0.4228,0.3031,0.2042,0.3228,0.1344,0.2190,0.1291,0.4289,0.2817,0.2863,0.0407,0.1862,0.1037,,0.0051,0.0675,0.1760,0.0007,0.1877,0.2338,0.1748,0.1994,0.0323,0.0955,,0.0235,0.0008,0.4455,0.3030,0.0147,0.2883,0.1625,0.2025,0.4346,0.1207,0.0172,0.3487,0.0692,0.5169,0.0183,,0.0903,,,0.1707,,0.0056,0.3811,0.2863,0.3156,0.2611,0.4456,0.0696,0.2779,0.0987,,0.0767,0.2382,0.0003,0.0068,0.2984,0.6275,0.4696,0.1641,0.0833,0.0787,0.0951,0.0051,0.1925,0.1947,0.3168,0.2011,,,0.0878,0.0211,0.0072,0.0223,0.0109,0.1702,0.8244,,,,0.1650,0.0811,0.0107,,,0.4286,0.0984,0.0537,0.0206,0.2660,0.1344,,,0.2863,,0.1039,0.0380,,,,,0.3618,0.0271,0.4566,,0.0066,0.2792,,0.6081,,,0.0550,,0.0553,0.0445,,0.2169,0.0331,0.6516,0.2418,0.0332,0.1502,,,,,0.0184,,,,0.2321,0.0626,0.0467,,,,1.1533,0.5240,0.4509,,0.1000,0.2717,,,0.4471,,,,2.5612,,,0.1161,,,1.4883,,,0.0182
A,GLU,166,0.0006,0.0319,0.0021,0.3065,0.1757,0.0156,0.3337,0.2340,0.1045,0.2014,0.2112,,0.5186,0.6635,0.1523,0.2453,0.4048,0.0389,0.3193,0.3194,0.1499,0.0739,0.7356,0.1005,0.2015,0.4647,0.6402,0.0172,0.5230,0.5175,0.3552,0.2852,0.3447,0.6419,0.1487,0.1831,0.0275,0.0878,0.2193,0.5132,0.0608,0.4216,0.4208,0.3244,0.7247,0.7146,0.3609,0.1210,0.3870,0.7397,0.2156,0.1469,0.1448,0.2607,0.0243,0.3935,0.2654,0.3768,0.4335,0.2111,0.0452,,0.1536,0.2069,0.5351,0.1250,0.1771,0.1361,0.1400,0.0871,0.1594,0.6264,0.3985,0.5570,0.4146,0.6085,0.1106,0.4726,0.2049,0.0319,0.6357,0.0829,0.0364,0.0071,0.1357,0.2386,0.2366,0.6612,0.4873,0.6857,0.5869,0.4090,,0.1137,0.0965,0.3585,0.4020,0.2104,0.1104,0.1614,0.4501,0.3074,0.0276,0.0798,0.4096,0.0656,1.0179,0.5015,0.6270,0.2868,0.1839,0.3329,0.0600,0.0795,0.5101,0.7403,0.0599,0.7522,0.3705,0.0692,0.2771,0.4585,,0.0068,,0.2034,0.5689,0.9171,0.1054,0.0420,,0.1294,0.0761,0.1967,0.4380,,0.3799,0.1925,0.2359,0.5316,0.8203,0.0727,0.0690,0.2448,0.3102,0.2796,0.3766,0.0202,0.1663,0.2082,0.1620,,0.3141,0.2390,0.1775,0.1697,0.0018,0.5059,,,0.2355,0.2577,0.9222,,0.1006,0.4749,0.2942,0.0057,0.2685,0.1417,0.1242,,0.2253,0.2144,0.2232,1.2056,0.2951,0.3599,0.0917,0.2999,0.0500,0.0141,0.0139,0.1073,0.1344,1.5417,0.2318,0.4247,0.7686,0.9588,0.9414,0.3320,0.2100,,2.9924,2.6211,1.1048,0.4468,,4.0091,0.0765,0.1551,0.3748,0.2471,0.2320,0.3942,0.1033,0.5660,,,,,
A,LEU,167,,,,,,,,0.4199,,,,,,0.0093,,,,,,0.0191,,,,,,,,,,0.0006,,,,,0.0196,0.0317,,,,,,,,,0.0063,,,,0.0273,0.0049,,,,,,,,,,,,,,,,,,,0.2307,0.1218,,,,0.0359,,0.0214,,,,,,0.0470,,,,0.0146,0.0261,,,0.1664,0.0029,0.0367,,,,,0.1316,0.2326,,,,0.1207,,,0.0990,,,,0.2787,0.1701,,,,,,,0.0066,,,,0.0148,,,,,,0.2450,0.0063,,,,,,,0.0009,,0.0470,,,,,,,,,,,,,0.1369,,,0.1411,,,,,,,,0.1388,0.0122,,,0.0002,,,,,,,,,,,0.0045,,,0.0206,,,,,,,,,0.0022,,0.0123,,,0.0037,,,,,,,,,,,,,,,0.1949,,,,,
A,PRO,168,,,,,,,,0.0437,0.0596,0.0589,,,,0.0084,,,,,,0.0997,,,,0.0689,0.0735,,0.0555,,,0.0668,,,0.0294,0.0005,0.0308,0.0188,,,,,,0.0784,0.0295,0.0315,0.0003,,0.1983,,0.1717,0.0530,,,,,0.1144,,0.0784,,0.0214,,0.1065,,,0.1313,,,,,0.0414,0.0169,,0.1636,,,,0.4204,,0.0596,,,0.0449,0.2405,0.0010,,0.0545,0.0913,,,0.0283,0.0470,,0.0919,,0.3064,0.0712,0.0691,0.0728,0.0552,0.1161,,0.0272,0.0264,,,0.2034,,,0.0466,0.0295,0.0336,,,,,,0.1661,,0.0772,,,0.0071,,,0.0481,,0.0159,0.4281,0.0035,,,,,,0.2670,0.1813,,,,0.1446,0.0302,,,,,0.0574,,0.4230,,,0.0135,,,,,,0.0012,,0.0735,,,0.0326,0.0748,0.0356,,0.2260,0.0928,,,,,,,,,,0.0118,0.0874,,0.0326,,,,0.0104,0.0317,0.2692,,0.0731,0.1359,,,0.0368,,0.9663,0.0464,0.0209,0.0073,,0.0767,,0.0383,0.3822,,,,,,,2.3711,6.4317,,,9.6754,
A,THR,169,,,,,,,,,,,,,,,,,,,,,,,,,,,,,,,,,,,,,,,,,,,,,,,,,,,,,,,,,,,,,,,,,,,,,,,,,,,,,,,,,,,,,,,,,,,,,,,,,,,,,,,,,,,,,,,,,,,,,,,,,,,,,,,,,,,,,,,,,,,,,,,,,,,,,,,,,,,,,,,,,,,,,,,,,,,,,,,,,,,,,,,,,,,,,,,,,,,,,,,,,,,,,,,,,,,,,
A,GLY,170,,,,,,,,,,,,,,,,,,,,,,,,,,,,,,,,,,,,,,,,,,,,,,,,,,,,,,,,,,,,,,,,,,,,,,,,,,,,,,,,,,,,,,,,,,,,,,,,,,,,,,,,,,,,,,,,,,,,,,,,,,,,,,,0.4211,,,,,,,,,,,,,,,,,,,,,,,,,,,,,,,,,,,,,,,,,,,,,,,,,,,,,,,,,,,,,,,,,,,,,,,,,,,,,,,,,,,,,,
A,VAL,171,,,,,,,,,,,,,,,,,,,,,,,,,,,,,,,,,,,,,,,,,,,,,,,,,,,,,,,,,,,,,,,,,,,,,,,,,,,,,,,,,,,,,,,,,,,,,,,,,,,,,,,,,,,,,,,,,,,,,,,,,,,,,,,,,,,,,,,,,,,,,,,,,,,,,,,,,,,,,,,,,,,,,,,,,,,,,,,,,,,,,,,,,,,,,,,,,,,,,,,,,,,,,,,,,,,,,
A,HIS,172,,,,,,,,,,,,,,,,,,,,,,,,,,,,,,,,,,,,,,,,0.0630,,,,,,,,,,,,,,0.1187,,0.0634,,0.0072,,,,,,,,,,,,,,,,,,,0.0558,,,,,,,,,,,,,,,0.0472,,,,,,,,,,,,,,,,,,,,,,,,,,,,,,0.2618,,,,,,,,,,,,,,,,,,,,,,0.0058,,,,,,,,,0.1375,,,,,0.0609,,,,,,,,,,,,,0.0273,,,,,,,,,,,,,,,,,,,,,,,,,,,,,,,,,,0.9716,,,,,,,,
A,ALA,173,,,,,,,,,,,,,,,,,,,,,,,,,,,,,,,,,,,,,,,,,,,,,,,,,,,,,,,,,,,,,,,,,,,,,,,,,,,,,,,,,,,,,,,,,,,,,,,,,,,,,,,,,,,,,,,,,,,,,,,,,,,,,,,,,,,,,,,,,,,,,,,,,,,,,,,,,,,,,,,,,,,,,,,,,,,,,,,,,,,,,,,,,,,,,,,,,,,,,,,,,,,,,,,,,,,,,
A,PHE,181,,,,,,,,,,,,,,,,,,,,,,,,,,,,,,,,,,,,,,,,,,,,,,,,,,,,,,,,,,,,,,,,,,,,,,,,,,,,,,,,,,,,,,,,,,,,,,,,,,,,,,,,,,,,,,,,,,,,,,,,,,,,,,,,,,,,,,,,,,,,,,,,,,,,,,,,,,,,,,,,,,,,,,,,,,,,,,,,,,,,,,,,,,,,,,,,,,,,,,,,,,,,,,,,,,,,,
A,PHE,185,,,,,,,,,,,,,,,,,,,,,,,,,,,,,,,,,,,,,,,,,,,,,,,,,,,,,,,,,,,,,,,,,,,,,,,,,,,,,,,,,,,,,,,,,,,,,,,,,,,,,,,,,,,,,,,,,,,,,,,,,,,,,,,,,,,,,,,,,,,,,,,,,,,,,,,,,,,,,,,,,,,,,,,,,,,,,,,,,,,,,,,,,,,,,,,,,,,,,,,,,,,,,,,,,,,,,
A,VAL,186,,,,,,,,,,,,,,,,,,,,,,,,,,,,,,,,,,,,,,,,,,,,,,,,,,,,,,,,,,,,,,,,,,,,,,,,,,,,,,,,,,,,,,,,,,,,,,,,,,,,,,,,,,,,,,,,,,,,,,,,,,,,,,,,,,,,,,,,,,,,,,,,,,,,,,,,,,,,,,,,,,,,,,,,,,,,,,,,,,,,,,,,,,,,,,,,,,,,,,,,,,,,,,,,,,,,,
A,ASP,187,0.3695,0.0855,0.1003,0.0007,0.0184,,,0.0114,0.0218,0.0003,0.1518,,0.0035,0.0086,0.0053,0.0080,0.2628,,0.0414,,,0.0303,,,,0.0172,,,,,0.0334,,0.0480,0.0337,,,,,,,,0.0022,,,,,0.0081,0.1210,,,,,0.0295,,,,,,,,0.0005,0.0068,0.0453,0.0321,,,,0.0034,,,0.0012,,,,,,,,,,,,,,,,,0.0089,0.0291,,,,,,,0.0201,,,,0.0322,,,,,,,,,,,0.0268,,,0.0218,,,,,,,0.0047,,0.0707,,,,,,,,,0.1021,,,,,,,,,,,,,0.0262,,,,,,,,,,,,,,,,,,,,,,,,,,,,,,,,,,,,,,,,,,,,,,,,,,,,,,,,,,,,,,,,,0.0247,0.0146,,
A,ARG,188,,0.1371,0.0294,0.0757,0.0459,0.0192,,0.0966,0.2820,0.0143,,0.0078,,0.0355,0.1097,,0.0636,0.0018,0.0208,0.0109,0.1492,0.0240,,0.3998,0.0581,,0.2535,0.0441,,,0.0507,0.0081,0.3353,0.0694,0.0649,,0.0124,,0.0326,,0.0090,0.0121,0.0323,0.0051,0.0192,0.0196,0.0214,0.3578,0.0331,0.1203,0.2233,0.0346,0.1258,,0.0002,0.3009,,,0.2496,0.0021,0.0168,0.0550,0.1959,0.0294,,,,,,0.0953,0.0011,,,,,,,,0.0627,0.0579,,0.0108,0.0371,0.0684,0.0050,0.1275,0.2920,0.0494,0.0330,0.0402,,,,,0.0047,0.1127,,,,0.0224,,,,0.0181,0.0269,,,,,,0.0145,0.1417,,,,,0.0519,,,,0.0471,0.0234,,,,,0.0216,,0.0639,,0.0213,0.2216,,,,0.2589,,,,,,0.0409,,,0.0598,0.0346,,,,,,,,,,,,,0.0165,0.2478,,0.0511,,,,,,,,0.0564,,0.0442,,0.0535,,,,0.1690,,,,,,,,,,,,,,0.6456,,0.0217,,,,,,,,,,,,,,,,0.0004,0.0592,,
A,GLN,189,0.0291,0.0692,0.0261,0.0526,0.0883,0.3805,0.0396,0.2521,0.2196,0.1517,0.0231,0.3224,0.1195,0.0530,0.0692,0.0225,0.1251,0.3120,0.0582,0.3846,0.0674,0.5400,0.0745,0.1009,0.2593,0.0643,0.4080,0.0653,0.0586,,0.0761,0.1032,0.1273,0.3520,0.0925,0.0700,0.0904,,0.0850,0.2184,0.1219,0.0922,0.2758,0.1415,0.0334,0.1261,0.5652,0.1195,0.1382,0.3923,0.0604,0.2499,0.1540,0.0954,0.1026,0.0315,0.2908,0.0535,0.4697,0.1358,0.2851,0.1288,0.2802,0.0248,,0.1175,0.0861,0.0074,0.4111,0.3103,0.0262,0.6205,0.5940,0.0419,0.0098,0.2838,0.2545,0.2582,0.1599,0.3622,0.0487,0.2722,0.3058,0.3188,0.3780,0.1711,0.4118,0.3950,0.2000,0.2637,0.0034,0.2948,0.2587,0.1281,0.0093,0.4104,0.1691,0.2080,0.0818,0.0261,0.4809,0.0206,0.3236,0.0408,0.2873,0.0053,0.0216,,0.2542,0.4761,0.0153,0.0522,0.0391,0.1339,0.0936,0.4722,0.0494,0.2614,0.2336,0.0214,0.2539,0.2904,0.3770,0.1029,0.0769,0.0185,0.1971,,0.2362,0.0209,0.4368,0.1462,0.0325,0.0996,0.0020,0.6244,0.0904,0.5401,0.5275,0.2345,0.0730,0.0755,0.6409,0.0188,0.2614,0.1110,,0.1387,0.1614,0.1307,0.6309,0.1534,0.1474,1.8848,0.0002,0.0253,0.2330,0.2559,0.2688,0.2383,0.2599,0.2293,0.0159,0.1581,0.2484,0.3826,0.1249,0.0905,0.6423,0.0688,0.3333,0.8145,0.0209,1.1035,0.0292,0.0075,0.1419,,0.1906,0.3744,0.3046,0.0093,0.2983,0.3446,0.0730,0.3303,0.0929,0.1617,0.0335,0.6429,0.0191,0.4297,1.3024,0.0667,0.7293,0.8497,0.0583,0.8754,0.6505,2.6804,,1.8130,0.1394,2.7237,0.4504,1.9904,5.4164,5.8868,0.0408,,0.6673,0.0181,0.7116
A,THR,190,0.0251,,,,,,,0.0136,0.0243,0.0395,,,,,,,0.0154,,,0.0098,,,,0.3952,0.0570,,0.3151,0.0085,,,,,0.0115,0.0287,,,,,,0.0315,,0.0507,,,,0.0157,0.2959,,,0.2797,0.0048,,,,,,0.0043,,,0.0851,0.0263,,,,,,,,0.0462,,,0.0432,,0.0578,,,,0.2273,0.0425,,,,0.2320,,,0.0001,0.0092,,,0.0132,0.0356,0.1081,,,0.0132,,,,,,0.0790,,,,,,,0.0079,0.2389,,,,0.0242,,,0.0113,0.0024,0.2473,,,,,,0.0034,,0.0733,0.0010,0.0456,0.0216,,,,,,,,0.0113,0.2409,,,,,,,,,0.0109,,,0.1831,0.0020,,,,,0.0210,0.0001,,,1.3432,,,,,,0.0286,0.1071,,,0.3721,,,,0.1030,,,0.0917,0.2480,,,,,,,0.0261,,,,,0.0481,,1.1871,0.1596,0.0019,0.0904,,,,,0.0245,,,,,,,,,,,,,
A,ALA,191,,,,,,,,,,,,,,,,,,,,,,,,,,,,,,,,,0.0308,,,,,,,,,0.0208,,,,,,,,,,,,,,,,,,,,,,,,,,,,,,0.0122,,,,,,,,,,,,,,,,,,0.0733,,,,,,,,,,,,,,,,,,,,,,,,,,,,,,,,,,,,,,0.2244,,,,,,,,,,,,,,,,,,,0.0025,,,,,,,,,0.0461,0.0051,,,,,,,,,0.0140,,,,,,,,,,,0.0455,,,,,,,,0.0869,,,,,,,,,0.1411,,,,,,,,,,,,,,,,,,,
A,GLN,192,,,,,,,,,,,,,,,,,0.0937,,,,,,,0.0472,,,,,,,,,,,,,,,,0.0274,,,,,,,,,,,0.0398,,,,,0.1468,,,,,,,,,,,,,,,,,,,,,,,,,,,,,,,0.0188,,,,,,,,0.0151,,,,,,,,,,,,,,,,,,,,,,,0.0078,,,,,,,,,,,,,,,,,,,,,,,,,,,,,,,,,,,,,,,,,,0.3902,,,,,,,,,,,,,,,,,,0.0416,,,,,,,,,,,,,,0.0368,,,,,,,,,,,,,,,,,,,,,
A,ALA,193,,,,,,,,,,,,,,,,,,,,,,,,,,,,,,,,,,,,,,,,,,,,,,,,,,,,,,,,,,,,,,,,,,,,,,,,,,,,,,,,,,,,,,,,,,,,,,,,,,,,,,,,,,,,,,,,,,,,,,,,,,,,,,,,,,,,,,,,,,,,,,,,,,,,,,,,,,,,,,,,,,,,,,,,,,,,,,,,,,,,,,,,,,,,,,,,,,,,,,,,,,,,,,,,,,,,,
A,ALA,194,,,,,,,,,,,,,,,,,,,,,,,,,,,,,,,,,,,,,,,,,,,,,,,,,,,,,,,,,,,,,,,,,,,,,,,,,,,,,,,,,,,,,,,,,,,,,,,,,,,,,,,,,,,,,,,,,,,,,,,,,,,,,,,,,,,,,,,,,,,,,,,,,,,,,,,,,,,,,,,,,,,,,,,,,,,,,,,,,,,,,,,,,,,,,,,,,,,,,,,,,,,,,,,,,,,,,

Intra-Ligand Free,,,-1.8058,-2.1280,-1.3233,-2.2877,-1.7834,-1.6628,-1.7690,-1.6232,-2.2698,-1.7568,-0.6966,-3.0011,-1.7335,-1.4375,-1.9340,-1.7467,-2.1057,-2.4305,-1.4459,-3.0235,-1.8331,-1.3213,-2.1542,-1.3531,-1.3007,-2.0631,-1.3289,-2.1236,-2.1247,-2.6024,-2.0269,-1.5675,-1.3914,-1.5783,-1.8980,-2.4022,-1.2010,-1.4166,-1.8729,-2.2579,-1.9604,-1.3588,-1.5742,-1.7425,-1.9280,-2.1219,-1.2155,-2.1031,-2.8206,-2.4564,-1.4196,-1.7526,-1.9935,-2.2959,-1.8173,-2.0378,-1.4625,-2.1047,-1.8783,-1.1792,-0.9654,-2.0082,-1.7257,-1.3536,-2.4531,-1.6404,-0.9734,-1.5771,-2.5766,-2.0565,-1.8164,-2.0604,-1.7624,-3.0006,-2.0002,-3.2499,-1.4348,-2.0445,-1.8683,-1.5249,-2.3055,-1.2889,-1.9897,-1.9215,-1.8945,-1.8450,-1.7983,-1.1628,-1.1533,-1.3057,-1.2745,-1.6999,-1.7865,-1.8108,-1.3251,-1.0201,-1.8068,-2.1182,-1.6831,-1.3003,-1.8742,-2.6482,-0.4115,-1.8795,-0.9292,-0.9657,-0.9004,-1.3496,-1.1175,-2.1478,-1.0156,-0.5970,-1.5471,-1.3165,-1.2439,-1.4887,-3.0061,-1.4309,-2.0393,-2.4772,-1.4034,-1.1771,-1.3662,-1.2122,-1.7098,-1.2196,-1.0521,-1.2179,-1.5084,-1.1787,-1.6118,-1.2102,-1.5589,-1.9421,-1.1927,-1.0502,-1.8764,-1.5145,-1.5602,-1.8411,-1.4530,-1.4243,-1.4155,-1.7127,-1.1706,-1.8830,-1.5032,-1.3500,-1.6795,-1.3936,-1.6615,-1.9509,-1.4425,-1.5983,-1.2127,-1.4042,-1.5209,-0.7681,-1.0640,-1.4483,-1.4315,-1.8900,-1.2422,-1.9029,-1.1122,-1.2361,-1.1461,-1.6326,-1.9054,-0.9920,-1.2985,-1.4266,-0.7322,-1.5220,-1.2310,-1.0858,-1.2124,-1.3085,-2.1493,-1.4123,-1.6873,-1.7691,-1.5888,-1.4118,-1.4833,-1.1298,-1.8163,-0.3938,-1.4719,-0.9327,-1.7176,-1.4440,-1.4193,-0.1790,-1.6582,-1.1374,-0.9491,-0.6137,-0.7855,-1.9485,-0.9531,-1.5998,1.1821,-2.1271,-0.8047,1.5309,2.2028,-1.4159,-1.4587,-1.6758,-1.6121,6.5377,16.6811
Inter-Ligand Free,,,-11.2855,-10.4731,-11.2748,-10.2262,-10.6705,-10.7455,-10.5948,-10.7248,-9.9217,-10.4239,-11.4539,-9.0656,-10.3272,-10.5452,-9.9908,-10.1690,-9.7844,-9.4423,-10.3473,-8.7571,-9.9252,-10.4254,-9.5709,-10.3541,-10.3777,-9.5835,-10.2741,-9.4432,-9.4406,-8.9580,-9.4789,-9.9268,-10.0426,-9.8516,-9.4504,-8.9395,-10.1182,-9.8801,-9.4152,-8.9969,-9.2853,-9.8591,-9.6326,-9.4591,-9.2593,-9.0201,-9.9247,-9.0124,-8.2763,-8.6157,-9.6398,-9.2912,-8.9753,-8.6207,-9.0639,-8.8401,-9.4118,-8.7487,-8.9003,-9.5621,-9.7414,-8.6805,-8.9617,-9.2867,-8.1631,-8.9491,-9.5987,-8.9459,-7.8872,-8.3397,-8.5676,-8.2820,-8.5752,-7.2168,-8.1706,-6.9156,-8.7224,-8.0539,-8.1994,-8.5182,-7.7375,-8.7531,-8.0497,-8.0611,-8.0484,-8.0833,-8.0979,-8.6737,-8.6561,-8.4640,-8.4923,-8.0502,-7.9569,-7.9231,-8.3975,-8.6899,-7.8845,-7.5704,-7.9958,-8.3718,-7.7926,-7.0120,-9.2211,-7.7386,-8.6693,-8.6045,-8.6658,-8.1953,-8.4065,-7.3547,-8.4546,-8.8290,-7.8497,-8.0519,-8.0636,-7.7861,-6.2405,-7.8095,-7.1676,-6.7171,-7.7258,-7.9298,-7.7120,-7.8214,-7.3196,-7.8017,-7.9602,-7.7919,-7.4455,-7.7540,-7.3178,-7.7042,-7.3227,-6.9090,-7.6282,-7.7217,-6.8535,-7.1983,-7.1475,-6.8079,-7.1809,-7.1749,-7.1160,-6.7999,-7.3027,-6.5326,-6.9084,-6.9120,-6.5655,-6.8174,-6.5226,-6.2310,-6.6610,-6.4861,-6.8518,-6.6426,-6.4894,-7.2352,-6.9094,-6.4745,-6.4861,-5.9891,-6.6136,-5.9003,-6.6383,-6.5054,-6.5434,-6.0369,-5.7613,-6.6623,-6.2944,-6.1519,-6.8269,-5.8920,-6.1813,-6.3208,-6.1227,-5.9495,-5.0942,-5.7773,-5.4610,-5.3776,-5.4766,-5.6194,-5.4845,-5.7535,-5.0465,-6.3842,-5.2237,-5.5855,-4.6412,-4.8928,-4.4604,-5.5255,-3.6177,-4.0977,-4.1899,-4.0647,-3.8644,-2.1468,-3.1404,-1.8800,-4.1757,-0.7550,-1.7657,-2.6873,-1.7468,1.9965,3.3255,7.3732,11.0042,5.5904,3.6287
Total Free Energy,,,-13.0914,-12.6011,-12.5981,-12.5139,-12.4539,-12.4083,-12.3637,-12.3480,-12.1914,-12.1808,-12.1505,-12.0667,-12.0606,-11.9827,-11.9248,-11.9157,-11.8901,-11.8728,-11.7933,-11.7806,-11.7583,-11.7467,-11.7251,-11.7072,-11.6784,-11.6465,-11.6030,-11.5669,-11.5653,-11.5605,-11.5058,-11.4944,-11.4340,-11.4298,-11.3485,-11.3417,-11.3192,-11.2967,-11.2881,-11.2548,-11.2457,-11.2178,-11.2068,-11.2017,-11.1873,-11.1420,-11.1402,-11.1155,-11.0968,-11.0721,-11.0594,-11.0438,-10.9688,-10.9166,-10.8812,-10.8778,-10.8743,-10.8534,-10.7785,-10.7413,-10.7068,-10.6887,-10.6874,-10.6403,-10.6162,-10.5894,-10.5720,-10.5231,-10.4638,-10.3963,-10.3840,-10.3424,-10.3377,-10.2175,-10.1708,-10.1655,-10.1572,-10.0984,-10.0677,-10.0431,-10.0429,-10.0420,-10.0394,-9.9826,-9.9429,-9.9282,-9.8962,-9.8364,-9.8094,-9.7697,-9.7668,-9.7501,-9.7435,-9.7339,-9.7226,-9.7100,-9.6914,-9.6886,-9.6789,-9.6721,-9.6668,-9.6602,-9.6326,-9.6181,-9.5984,-9.5702,-9.5661,-9.5449,-9.5241,-9.5025,-9.4702,-9.4260,-9.3968,-9.3684,-9.3075,-9.2748,-9.2466,-9.2404,-9.2069,-9.1942,-9.1292,-9.1069,-9.0782,-9.0337,-9.0294,-9.0214,-9.0123,-9.0098,-8.9539,-8.9326,-8.9296,-8.9144,-8.8816,-8.8511,-8.8208,-8.7719,-8.7299,-8.7128,-8.7078,-8.6490,-8.6339,-8.5992,-8.5315,-8.5126,-8.4734,-8.4156,-8.4115,-8.2620,-8.2450,-8.2109,-8.1841,-8.1819,-8.1035,-8.0844,-8.0645,-8.0468,-8.0103,-8.0033,-7.9734,-7.9229,-7.9175,-7.8791,-7.8558,-7.8032,-7.7505,-7.7415,-7.6895,-7.6694,-7.6667,-7.6543,-7.5929,-7.5785,-7.5591,-7.4140,-7.4123,-7.4067,-7.3351,-7.2581,-7.2434,-7.1897,-7.1483,-7.1467,-7.0654,-7.0312,-6.9679,-6.8834,-6.8627,-6.7780,-6.6956,-6.5183,-6.3588,-6.3368,-5.8797,-5.7046,-5.2759,-5.2351,-5.1390,-4.6784,-4.6499,-4.0953,-4.0935,-3.4798,-2.9936,-2.8821,-2.5704,-1.1564,0.4560,0.5806,1.8668,5.6973,9.3921,12.1281,20.3098
Normalized Total Free Energy,,,-8.3549,-7.9920,-7.9898,-7.9274,-7.8830,-7.8493,-7.8163,-7.8046,-7.6887,-7.6808,-7.6584,-7.5964,-7.5919,-7.5342,-7.4913,-7.4846,-7.4656,-7.4528,-7.3939,-7.3846,-7.3680,-7.3595,-7.3435,-7.3302,-7.3089,-7.2853,-7.2531,-7.2263,-7.2252,-7.2216,-7.1811,-7.1727,-7.1280,-7.1249,-7.0647,-7.0596,-7.0430,-7.0264,-7.0200,-6.9953,-6.9886,-6.9680,-6.9598,-6.9560,-6.9453,-6.9118,-6.9105,-6.8922,-6.8784,-6.8601,-6.8506,-6.8391,-6.7836,-6.7449,-6.7187,-6.7162,-6.7136,-6.6981,-6.6427,-6.6152,-6.5896,-6.5762,-6.5752,-6.5404,-6.5225,-6.5027,-6.4898,-6.4536,-6.4097,-6.3597,-6.3506,-6.3199,-6.3163,-6.2273,-6.1928,-6.1889,-6.1827,-6.1392,-6.1165,-6.0983,-6.0981,-6.0974,-6.0955,-6.0535,-6.0241,-6.0132,-5.9895,-5.9452,-5.9252,-5.8959,-5.8937,-5.8814,-5.8764,-5.8693,-5.8610,-5.8517,-5.8379,-5.8358,-5.8287,-5.8236,-5.8196,-5.8148,-5.7943,-5.7836,-5.7691,-5.7481,-5.7452,-5.7294,-5.7140,-5.6980,-5.6741,-5.6414,-5.6198,-5.5987,-5.5537,-5.5295,-5.5086,-5.5040,-5.4792,-5.4698,-5.4217,-5.4052,-5.3839,-5.3509,-5.3478,-5.3418,-5.3351,-5.3333,-5.2919,-5.2761,-5.2739,-5.2626,-5.2384,-5.2158,-5.1934,-5.1571,-5.1261,-5.1134,-5.1097,-5.0662,-5.0550,-5.0293,-4.9792,-4.9652,-4.9362,-4.8934,-4.8904,-4.7797,-4.7671,-4.7419,-4.7220,-4.7204,-4.6623,-4.6482,-4.6335,-4.6203,-4.5934,-4.5881,-4.5660,-4.5286,-4.5246,-4.4962,-4.4789,-4.4400,-4.4010,-4.3944,-4.3558,-4.3410,-4.3389,-4.3298,-4.2843,-4.2737,-4.2593,-4.1519,-4.1506,-4.1464,-4.0935,-4.0364,-4.0256,-3.9858,-3.9552,-3.9539,-3.8938,-3.8685,-3.8216,-3.7590,-3.7437,-3.6810,-3.6200,-3.4887,-3.3707,-3.3544,-3.0160,-2.8863,-2.5690,-2.5387,-2.4676,-2.1267,-2.1055,-1.6950,-1.6936,-1.2393,-0.8793,-0.7968,-0.5660,0.4808,1.6745,1.7667,2.7189,5.5548,8.2901,10.3156,16.3727
