Chain ID,Residue name,Residue sequence,Conf 1,Conf 2,Conf 3,Conf 4,Conf 5,Conf 6,Conf 7,Conf 8,Conf 9,Conf 10,Conf 11,Conf 12,Conf 13,Conf 14,Conf 15,Conf 16,Conf 17,Conf 18,Conf 19,Conf 20,Conf 21,Conf 22,Conf 23,Conf 24,Conf 25,Conf 26,Conf 27,Conf 28,Conf 29,Conf 30,Conf 31,Conf 32,Conf 33,Conf 34,Conf 35,Conf 36,Conf 37,Conf 38,Conf 39,Conf 40,Conf 41,Conf 42,Conf 43,Conf 44,Conf 45,Conf 46,Conf 47,Conf 48,Conf 49,Conf 50,Conf 51,Conf 52,Conf 53,Conf 54,Conf 55,Conf 56,Conf 57,Conf 58,Conf 59,Conf 60,Conf 61,Conf 62,Conf 63,Conf 64,Conf 65,Conf 66,Conf 67,Conf 68,Conf 69,Conf 70,Conf 71,Conf 72,Conf 73,Conf 74,Conf 75,Conf 76,Conf 77,Conf 78,Conf 79,Conf 80,Conf 81,Conf 82,Conf 83,Conf 84,Conf 85,Conf 86,Conf 87,Conf 88,Conf 89,Conf 90,Conf 91,Conf 92,Conf 93,Conf 94,Conf 95,Conf 96,Conf 97,Conf 98,Conf 99,Conf 100,Conf 101,Conf 102,Conf 103,Conf 104,Conf 105,Conf 106,Conf 107,Conf 108,Conf 109,Conf 110,Conf 111,Conf 112,Conf 113,Conf 114,Conf 115,Conf 116,Conf 117,Conf 118,Conf 119,Conf 120,Conf 121,Conf 122,Conf 123,Conf 124,Conf 125,Conf 126,Conf 127,Conf 128,Conf 129,Conf 130,Conf 131,Conf 132,Conf 133,Conf 134,Conf 135,Conf 136,Conf 137,Conf 138,Conf 139,Conf 140,Conf 141,Conf 142,Conf 143,Conf 144,Conf 145,Conf 146,Conf 147,Conf 148,Conf 149,Conf 150,Conf 151,Conf 152,Conf 153,Conf 154,Conf 155,Conf 156,Conf 157,Conf 158,Conf 159,Conf 160,Conf 161,Conf 162,Conf 163,Conf 164,Conf 165,Conf 166,Conf 167,Conf 168,Conf 169,Conf 170,Conf 171,Conf 172,Conf 173,Conf 174,Conf 175,Conf 176,Conf 177,Conf 178,Conf 179,Conf 180,Conf 181,Conf 182,Conf 183,Conf 184,Conf 185,Conf 186,Conf 187,Conf 188,Conf 189,Conf 190,Conf 191,Conf 192,Conf 193,Conf 194,Conf 195,Conf 196,Conf 197,Conf 198,Conf 199,Conf 200,Conf 201,Conf 202,Conf 203,Conf 204,Conf 205,Conf 206,Conf 207,Conf 208,Conf 209,Conf 210,Conf 211,Conf 212,Conf 213,Conf 214,Conf 215,Conf 216,Conf 217,Conf 218,Conf 219,Conf 220,Conf 221,Conf 222,Conf 223,Conf 224
A,VAL,20,,,,,,,,,,,,,,,,,,,,,,,,,,,,,,,,,,,,,,,,,,,,,,,,,,,,,,,,,,,,,,,,,,,,,,,,,,,,,,,,,,,,,,,,,,,,,,,,,,,,,,,,,,,,,,,,,,,,,,,,,,,,,,,,,,,,,,,,,,,,,,,,,,,,,,,,,,,,,,,,,,,,,,,,,,,,,,,,,,,,,,,,,,,,,,,,,,,,,,,,,,,,,,,,,,,,,,,,,,,,,,,,
A,THR,21,,,,,,,,,,,,,,,,,,,,,,,,,,,,,,,,,,,,,,,,,,,,,,,,,,,,,,,,,,,,,,,,,,,,,,,,,,,,,,,,,,,,,,,,,,,,,,,,,,,,,,,,,,,,,,,,,,,,,,,,,,,,,,,,,,,,,,,,,,,,,,,,,,,,,,,,,,,,,,,,,,,,,,,,,,,,,,,,,,,,,,,,,,,,,,,,,,,,,,,,,,,,,,,,,,,,,,,,,,,,,,,,
A,CYS,22,,,,,,,,,,,,,,,,,,,,,,,,,,,,,,,,,,,,,,,,,,,,,,,,,,,,,,,,,,,,,,,,,,,,,,,,,,,,,,,,,,,,,,,,,,,,,,,,,,,,,,,,,,,,,,,,,,,,,,,,,,,,,,,,,,,,,,,,,,,,,,,,,,,,,,,,,,,,,,,,,,,,,,,,,,,,,,,,,,,,,,,,,,,,,,,,,,,,,,,,,,,,,,,,,,,,,,,,,,,,,,,,
A,GLY,23,,,,,,,,,,,,,,,,,,,,,,,,,,,,,,,,,,,,,,,,,,,,,,,,,,,,,,,,,,,,,,,,,,,,,,,,,,,,,,,,,,,,,,,,,,,,,,,,,,,,,,,,,,,,,,,,,,,,,,,,,,,,,,,,,,,,,,,,,,,,,,,,,,,,,,,,,,,,,,,,,,,,,,,,,,,,,,,,,,,,,,,,,,,,,,,,,,,,,,,,,,,,,,,,,,,,,,,,,,,,,,,,
A,THR,24,,,,,,,,,,,,,,,,,,,,,,,,,,,,,,,,,,,,,,,,,,,,,,,,,,,,,,,,,,,,,,,,,,,,,,,,,,,,,,,,,,,,,,,,,,,,,,,,,,,0.0094,,,,,,,,,,,,,,,,,,,,,,,,,,,,,,,,,,,,,,,,,,,,,,,,,,,,,,,,,,,,,,,,,,,,,,,,,,,,,,,,,,,,,,,,,,,,,,,,,,,,,,,,,,,,,,,,,,,,,,,,,,,,,
A,THR,25,,,,,,,,,,,,,,,,,,,,,,,,,,,,,,,,,,,,,,,,,,,,0.0273,,,,,,,,,,,,,,,,0.0372,,,,,,,,0.0056,,,,,,,,0.1100,,,,,0.0610,,,,,,0.0048,,0.0753,0.0102,,,,,,,,,0.0344,,,,,,,,,,,,,,,,,,,,0.0381,,,,,,,,,,,,,,,,,,,,,,,,,,,,,,,,0.0279,,,,,0.0051,,,0.0027,,,,,,,,,,,,,,,,,,,,,,,,,,,,,,,,,,,,,,,,,,,,,,,,,,,,,,,,,,,,,,,,0.0005,0.5424
A,THR,26,,,,,,,,,,,,,,,,,,,,,,,,,,,,,,,,,,,,,,,,,,,,0.4453,,,,,,,,,,,,,,,,0.2407,,,,,,,,0.1294,,,,,,,,0.0540,,,,,0.2325,,,,,,,,,,,,,,,,,,0.0096,,,,,,,,,0.2669,,,,,,,,,,,,,,,,,,,,,,,,0.0009,,,,,,,,,,,,,,,,,,,,,,,,,,,,,,,,,,,,,,,,,,,,,,,,,,,,,,,,,,,,,,,,,,,,,,,,,,,,,,,,,,,,,,,,,,,,
A,LEU,27,,,,,,,,,,,,,,,,,,,,,,,,,,,,,,,,,,,,,,,,,,,,0.0217,,,,,,,,,,,,,,,,0.0053,,,,,,,,0.0072,,,,,,,,0.0556,,,,,0.1378,,,,,,,,0.1277,,,,,,,,,,,,,,,,,,,0.0069,,,,,,,,,,,,,,,,,,,,,,,,,,,,,,,,,,,,,,,,,,,,,,,,,,,,,,,,,,,,,,,,,,,,,,,,,,,,,,,,,,,,,,,,,,,,,,,,,,,,,,,,,,,,,,,,,,,,
A,ASN,28,,,,,,,,,,,,,,,,,,,,,,,,,,,,,,,,,,,,,,,,,,,,,,,,,,,,,,,,,,,,,,,,,,,,,,,,,,,,,,,,,,,,,,,,,,,,,,,,,,,,,,,,,,,,,,,,,,,,,,,,,,,,,,,,,,,,,,,,,,,,,,,,,,,,,,,,,,,,,,,,,,,,,,,,,,,,,,,,,,,,,,,,,,,,,,,,,,,,,,,,,,,,,,,,,,,,,,,,,,,,,,,,
A,PRO,39,,,,,,,,,,,,,,,,,,,,,,,,,,,,,,,,,,,,,,,,,,,,,,,,,,,,,,,,,,,,,,,,,,,,,,,,,,,,,,,,,,,,,,,,,,,,,,,,,,,,,,,,,,,,,,,,,,,,,,,,,,,,,,,,,,,,,,,,,,,,,,,,,,,,,,,,,,,,,,,,,,,,,,,,,,,,,,,,,,,,,,,,,,,,,,,,,,,,,,,,,,,,,,,,,,,,,,,,,,,,,,,,
A,ARG,40,,,,,,,,,,,,,,,,,,,,,,,,,,,,,,,,,,,,,,,,,,,,,,,,,,,,,,,,,,,,,,,,,,,,,,,,,,,,,,,,,,,,,,,,,,,,,,,,,,,,,,,,,,,,,,,,,,,,,,,,,,,,,,,,,,,,,,,,,,,,,,,,,,,,,,,,,,,,,,,,,,,,,,,,,,,,,,,,,,,,,,,,,,,,,,,,,,,,,,,,,,,,,,,,,,,,,,,,,,,,,,,,
A,HIS,41,,,,,,,,,,,,,,0.0955,0.1437,,,,,0.0539,,,,,,0.0084,,,,0.4161,,,,0.0579,,,,0.0164,,,,,,,,,,,,,,0.0335,0.0344,,,,,,,,,,,0.0002,0.3015,,0.2109,0.0296,,0.0476,,,0.0489,,,0.0683,,,0.0102,,,,,,,,0.0763,,0.0653,,,,,,,,,,,,,,,,,,,0.0801,,,,,,,,0.0475,,,,,,,,,,,,,,,,0.0823,,,,,,,,,,,,,,,,,,,0.1131,,,,,,,,,,,,,,,,,,,,,,,,,,,,,,,,,,,,,,,,,,,,,,,,,,,,,,,,,,,,,,,,,,,,,,,,0.3814,6.2100
A,VAL,42,,,,,,,,,,,,,,,,,,,,,,,,,,,,,,,,,,,,,,,,,,,,,,,,,,,,,,,,,,,,,,,,,,,,,,,,,,,,,,,,,,,,,,,,,,,,,,,,,,,,,,,,,,,,,,,,,,,,,,,,,,,,,,,,,,,,,,,,,,,,,,,,,,,,,,,,,,,,,,,,,,,,,,,,,,,,,,,,,,,,,,,,,,,,,,,,,,,,,,,,,,,,,,,,,,,,,,,,,,,,,,,,
A,ILE,43,,,,,,,,,,,,,,,,,,,,,,,,,,,,,,,,,,,,,,,,,,,,,,,,,,,,,,,,,,,,,,,,,,,,,,,,,,,,,,,,,,,,,,,,,,,,,,,,,,,,,,,,,,,,,,,,,,,,,,,,,,,,,,,,,,,,,,,,,,,,,,,,,,,,,,,,,,,,,,,,,,,,,,,,,,,,,,,,,,,,,,,,,,,,,,,,,,,,,,,,,,,,,,,,,,,,,,,,,,,,,,,,
A,CYS,44,,,,,,,,,,,,,,,,,,,,,,,,,,,,,,,,,,,,,,,,,,,,,,,,,,,,,,,,,,,,,,,,,,,,,,,,,,,,,,,,,,,,,,,,,,,,,,,,,,,,,,,,,,,,,,,,,,,,,,,,,,,,,,,,,,,,,,,,,,,,,,,,,,,,,,,,,,,,,,,,,,,,,,,,,,,,,,,,,,,,,,,,,,,,,,,,,,,,,,,,,,,,,,,,,,,,,,,,,,,,,,,,0.0052
A,THR,45,,,,,,,,,,,,,,,,,,,,,,,,,,,,,,,,,,,,,,,,,,,,,,,,,,,,,,,,,,,,,,,,,,,,,,,,,,,,,,,,,,,,,,,,,,,,,,,,,,,,,,,,,,,,,,,,,,,,,,,,,,,,,,,,,,,,,,,,,,,,,,,,,,,,,,,,,,,,,,,,,,,,,,,,,,,,,,,,,,,,,,,,,,,,,,,,,,,,,,,,,,,,,,,,,,,,,,,,,,,,,,,,
A,SER,46,,,,,,,,,,,,,,,,,,,,,,,,,,,,,,,,,,,,,,,,,,,,,,,,,,,,,,,,,,,,,,,,,,,,,,,,,,,,,,,,,,,,,,,,,,,,,,,,,,,,,,,,,,,,,,,,,,,,,,,,,,,,,,,,,,,,,,,,,,,,,,,,,,,,,,,,,,,,,,,,,,,,,,,,,,,,,,,,,,,,,,,,,,,,,,,,,,,,,,,,,,,,,,,,,,,,,,,,,,,,,,,,
A,ASP,48,,,,,,,,,,,,,,,,,,,,,,,,,,,,,,,,,,,,,,,,,,,,,,,,,,,,,,,,,,,,,,,,,,,,,,,,,,,,,,,,,,,,,,,,,,,,,,,,,,,,,,,,,,,,,,,,,,,,,,,,,,,,,,,,,,,,,,,,,,,,,,,,,,,,,,,,,,,,,,,,,,,,,,,,,,,,,,,,,,,,,,,,,,,,,,,,,,,,,,,,,,,,,,,,,,,,,,,,,,,,,,,,
A,MET,49,,,,,,,,,,,,,,0.0209,0.0247,,,,,0.0471,,,,,,0.0576,,,,,,,,,,,,,,,,,,,,,,,,,,,,,,,,,,0.0059,,,,,,,0.0474,,,0.0008,,,,,,,,,,,,,,,,,,,0.0012,0.0292,,,,,,,,,,,,0.0006,,,,,,,,,,,,,,,,,0.0275,,,,,,,,,,,0.0093,,,,,,,,,,,,0.0362,,,,,,0.0108,,,0.3070,,,,,0.0035,,,0.3268,,,,,,,,,,,0.0345,0.0109,,,,,,,,,,,,,,,,,,,,,,,,,,,,,,,,,,,,,,,,,,,,,,,,,,,,5.5670,8.0439
A,LEU,50,,,,,,,,,,,,,,,,,,,,,,,,,,,,,,,,,,,,,,,,,,,,,,,,,,,,,,,,,,,,,,,,,,,,,,,,,,,,,,,,,,,,,,,,,,,,,,,,,,,,,,,,,,,,,,,,,,,,,,,,,,,,,,,,,,,,,,,,,,,,,,,,,,,,,,,,,,,,,,,,,,,,,,,,,,,,,,,,,,,,,,,,,,,,,,,,,,,,,,,,,,,,,,,,,,,,,,,,,,,,,,,,
A,ASN,51,,,,,,,,,,,,,,,,,,,,,,,,,,,,,,,,,,,,,,,,,,,,,,,,,,,,,,,,,,,,,,,,,,,,,,,,,,,,,,,,,,,,,,,,,,,,,,,,,,,,,,,,,,,,,,,,,,,,,,,,,,,,,,,,,,,,,,,,,,,,,,,,,,,,,,,,,,,,,,,,,,,,,,,,,,,,,,,,,,,,,,,,,,,,,,,,,,,,,,,,,,,,,,,,,,,,,,,,,,,,,,,,
A,PRO,52,,,,,,,,,,,,,,,,,,,,,,,,,,,,,,,,,,,,,,,,,,,,,,,,,,,,,,,,,,,,,,,,,,,,,,,,,,,,,,,,,,,,,,,,,,,,,,,,,,,,,,,,,,,,,,,,,,,,,,,,,,,,,,,,,,,,,,,,,,,,,,,,,,,,,,,,,,,,,,,,,,,,,,,,,,,,,,,,,,,,,,,,,,,,,,,,,,,,,,,,,,,,,,,,,,,,,,,,,,,,,,,,
A,TYR,54,,,,,,,,,,,,,,0.0783,,,,,,0.1053,,,,,,,,,,,,,,,,,,,,,,,,,,,,,,,,,,,,,,,,,,,,,,,,,,,,,,,,,,,,,,,,,,,,,,,,,,,,,,,,,,,,,,,,,,,,,,,,,,,,,,,,,,,,,,,,,,,,,,,,,,,,,,,,,,,,,,,,,,,,,,,,,,,,,,,,,,,,,,,,,,,,,,,,,,,,,,,,,,,,,,,,,,,,,,,,,,,,,,,,,,,,
A,CYS,117,,,,,,,,,,,,,,,,,,,,,,,,,,,,,,,,,,,,,,,,,,,,,,,,,,,,,,,,,,,,,,,,,,,,,,,,,,,,,,,,,,,,,,,,,,,,,,,,,,,,,,,,,,,,,,,,,,,,,,,,,,,,,,,,,,,,,,,,,,,,,,,,,,,,,,,,,,,,,,,,,,,,,,,,,,,,,,,,,,,,,,,,,,,,,,,,,,,,,,,,,,,,,,,,,,,,,,,,,,,,,,,,
A,TYR,118,,,,,,,,,,,,,,,,,,,,,,,,,,,,,,,,,,,,,,,,,,,,,,,,,,,,,,,,,,,,,,,,,,,,,,,,,,,,,,,,,,,,,,,,,,,,,,,,,,,,,,,,,,,,,,,,,,,,,,,,,,,,,,,,,,,,,,,,,,,,,,,,,,,,,,,,,,,,,,,,,,,,,,,,,,,,,,,,,,,,,,,,,,,,,,,,,,,,,,,,,,,,,,,,,,,,,,,,,,,,,,,,
A,ASN,119,,,,,,,,,,,,,,,,,,,,,,,,,,,,,,,,,,,,,,,,,,,,,,,,,,,,,,,,,,,,,,,,,,,,,,,,,,,,,,,,,,,,,,,,,,,,,,,,,,,,,,,,,,,,,,,,,,,,,,,,,,,,,,,,,,,,,,,,,,,,,,,,,,,,,,,,,,,,,,,,,,,,,,,,,,,,,,,,,,,,,,,,,,,,,,,,,,,,,,,,,,,,,,,,,,,,,,,,,,,,,,,,
A,GLY,138,,,,,,,,,,,,,,,,,,,,,,,,,,,,,,,,,,,,,,,,,,,,,,,,,,,,,,,,,,,,,,,,,,,,,,,,,,,,,,,,,,,,,,,,,,,,,,,,,,,,,,,,,,,,,,,,,,,,,,,,,,,,,,,,,,,,,,,,,,,,,,,,,,,,,,,,,,,,,,,,,,,,,,,,,,,,,,,,,,,,,,,,,,,,,,,,,,,,,,,,,,,,,,,,,,,,,,,,,,,,,,,,
A,SER,139,,,,,,,,,,,,,,,,,,,,,,,,,,,,,,,,,,,,,,,,,,,,,,,,,,,,,,,,,,,,,,,,,,,,,,,,,,,,,,,,,,,,,,,,,,,,,,,,,,,,,,,,,,,,,,,,,,,,,,,,,,,,,,,,,,,,,,,,,,,,,,,,,,,,,,,,,,,,,,,,,,,,,,,,,,,,,,,,,,,,,,,,,,,,,,,,,,,,,,,,,,,,,,,,,,,,,,,,,,,,,,,,
A,PHE,140,0.0228,0.3061,0.0799,0.0076,0.0559,0.0936,0.3469,,0.1264,0.4276,,,0.2064,,,0.1751,0.2078,0.0238,0.0629,,,0.1446,0.3045,,,,0.4265,,,,0.0629,0.1075,,,,,,,,,,,,,,,,,,,,,,,,,,,,,,,,,,,,,,,,,,,,,,,,,,,,,,,,0.0079,,,,,,0.4592,,,,,,,,,,,,,,,,,,,,0.0961,,,,,,,,,,,,,,,,,,,,,,,,,,0.1590,,,,,0.0402,,,,,,,,0.2355,,,,,,,,,,,,,,,,,,,,,,,,,,,,,,,,,,,,,,,,,,,,,,,,,,,,,,,,,,,,,,,,,,,,,,,
A,LEU,141,0.6661,0.6202,0.5714,1.0473,0.3955,0.5200,0.1715,0.5433,0.2138,0.0105,,0.6867,0.3304,,,0.3249,0.0010,0.4181,0.2133,,0.2361,0.2498,0.1604,,0.4423,,,,,,,,,,0.3304,,0.0132,,0.0679,,,,0.6962,,0.1949,,,,,,,,,,,,,,0.0055,,,,,,,,,,0.0523,,,,,,,,,0.5814,,,,,,,,,,0.0650,,,,0.1987,,0.0049,,,,,,0.0399,,,,,,,,,0.0047,,,,,0.0240,,,,,,,,,,,,,,,,,,,,,,,,,,0.0886,,,,,0.0028,,,,,,,,,,,,,,,,,,,,,,,,,,,,,,,,,,,,,,,,,,,,,,,,,,,,,,,,,,,,,,,,,,,,,,,,,,,,,,,
A,ASN,142,,0.0560,,0.3022,,,,,,0.3094,,0.0902,,,,0.0117,0.1356,0.1432,,,,,,,0.0011,,,,,,0.3272,0.0654,,,0.0130,,0.0001,,0.0394,,,,,,0.2809,,,,,,,,,,,,,,0.2394,,0.3746,,,,,0.0114,,,0.0010,,,,,,,0.0002,,0.2606,,0.1830,,,,,,,0.0218,,,,,0.1529,0.1987,0.3653,,,,0.0075,,0.0094,0.4308,,,,0.0881,,,,0.0080,0.1350,,,,0.1467,,,,,0.0231,,,,,,,,,,0.2390,,,0.1716,0.1315,,0.0404,,,,0.0281,,,,,,0.1149,,0.0008,0.0998,0.2792,,0.1916,,,,0.0117,,0.0070,,,,,,,,,,,,0.1930,,0.2241,,0.1969,,,0.2772,,,,,,,0.1039,,,,,,,,,,,,,,,,,,,0.1959,,,,,,,,,0.0676,,,,,0.0081,,,,0.0584,,,,
A,GLY,143,0.0780,,,0.0422,0.3777,0.0266,,0.0844,,,,0.0383,,,,0.0585,,,,,,,,,0.0554,,,,,,,,,,0.4936,,,,0.0976,,,,,0.1676,,,0.1384,,,,,,,,,,,,,,,,,,,0.0499,,0.0651,0.4821,,,,,,,0.3992,,,,,0.0574,,,,,,0.2898,,0.0031,0.2623,,0.0595,,,,,,0.2568,0.1281,0.4337,,,,,,,,0.0281,0.0523,,,,,,,,,,0.1771,,,,,,,,,,,,,0.0109,,,0.2145,,,,,,,,,,,,,0.2267,0.0125,,0.7554,,,,0.0585,0.0060,,,,,,,,,,,,,,,,,,,,,,,,,,,,,,,,,,,,,,,,,,,,,,,,,,,,,,,,,,,,,,,,,,,,
A,SER,144,0.5263,0.4656,0.4340,0.6970,0.1565,0.3037,0.3734,0.6233,0.1467,,,0.4850,0.3078,,,0.1503,,0.3683,0.0582,,0.0315,0.2368,,,0.3701,,,,,,,,,,0.3292,,,,0.0751,,,,0.2821,,,,,,,,,,,0.0106,,,,,,,,,,,,,,,0.3396,,,,,,,,,,,,,,,,,,,,,,,,,,,,,,,0.0002,,,,,,,,,,,,,,,,,,,,,,,,,,,,,,,,,,,,,,,,,,,,,,,,,,,,,,,,,,,,,,,,,,,,,,,,,,,,,,,,,,,,,,,,,,,,,,,,,,,,,,,,,,,,,,,,,,,,,,,,,,,,
A,CYS,145,0.2365,0.3682,0.3227,0.2032,0.0500,0.1449,0.1640,0.3866,0.0144,,,0.3118,,,,,,0.1254,0.0372,,0.1123,,0.0058,,0.2008,,0.0013,,,,,0.0068,,,0.4117,,0.0004,,0.0652,,0.0410,,0.2774,0.1651,,,0.0121,,,0.0018,,,0.0357,0.0053,,,,,0.0562,0.0289,0.0605,,,,,,0.0065,0.0025,0.1858,0.0592,,,0.0125,,,0.0354,,0.0189,0.0778,0.0201,0.0496,0.0059,,0.0394,,,,,0.0163,0.0126,,0.2581,,,,,,0.0173,,0.1853,,,,,,,,0.0054,0.0140,0.0122,,,,,,0.3406,,,,,,,,,,,,,,0.0993,,,0.0018,,0.0329,,,,,,,,,,,,,,,0.4787,0.0006,,,,,,,,,,,,,,,,,,,,,,,,,,,,,,,,,,,,,,,,,,,,,,,,,,,,,,,,,,,,,,,,,,,,,,,,,
A,GLY,146,,,,,,,,,,,,,,,,,,,,,,,,,,,,,,,,,,,,,,,,,,,,,,,,,,,,,,,,,,,,,,,,,,,,,,,,,,,,,,,,,,,,,,,,,,,,,,,,,,,,,,,,,,,,,,,,,,,,,,,,,,,,,,,,,,,,,,,,,,,,,,,,,,,,,,,,,,,,,,,,,,,,,,,,,,,,,,,,,,,,,,,,,,,,,,,,,,,,,,,,,,,,,,,,,,,,,,,,,,,,,,,,
A,SER,147,,,,,,,,,,,,,,,,,,,,,,,,,,,,,,,,,,,,,,,,,,,,,,,,,,,,,,,,,,,,,,,,,,,,,,,,,,,,,,,,,,,,,,,,,,,,,,,,,,,,,,,,,,,,,,,,,,,,,,,,,,,,,,,,,,,,,,,,,,,,,,,,,,,,,,,,,,,,,,,,,,,,,,,,,,,,,,,,,,,,,,,,,,,,,,,,,,,,,,,,,,,,,,,,,,,,,,,,,,,,,,,,
A,TYR,161,,,,,,,,,,,,,,,,,,,,,,,,,,,,,,,,,,,,,,,,,,,,,,,,,,,,,,,,,,,,,,,,,,,,,,,,,,,,,,,,,,,,,,,,,,,,,,,,,,,,,,,,,,,,,,,,,,,,,,,,,,,,,,,,,,,,,,,,,,,,,,,,,,,,,,,,,,,,,,,,,,,,,,,,,,,,,,,,,,,,,,,,,,,,,,,,,,,,,,,,,,,,,,,,,,,,,,,,,,,,,,,,
A,HIS,163,0.3604,0.3626,0.0891,0.2172,0.2536,0.0583,0.0766,0.2256,0.2538,0.0570,,,0.2609,,,0.4534,0.2434,0.3460,0.3039,,0.2794,0.2946,0.1234,,,,0.1278,,,,0.4463,0.4293,,,,,0.2742,,0.2293,,0.1729,,,,,,,,,,,,,0.2125,,,,,0.0758,,0.2274,,,,,,,,,,,,,,,,0.2435,,,0.0046,,,,,,,,,,,,,,,,,,,,,,,,,,,,,,,,,,,,,,,,,,,,,,,,,,,,,,,,,,,,,,,,,,,,,,,,,,,,,,,,,,,,,,,,,,,,,,,,,,,,,,,,,,,,,,,,,,,,,,,,,,,,,,,,,,,,,,,,,,,,,,,,
A,HIS,164,,,,,,,,,,,,,,,0.1526,,,,,,0.0656,,,,,0.4189,0.0159,,,0.1292,,,,0.3244,,,0.0672,0.0754,,,0.1467,,,,,,0.2588,0.2359,,0.4175,,0.0384,0.4965,,,0.1509,,,0.0785,,0.2310,,0.1826,0.2843,0.0463,,0.3422,,,0.0745,,,0.0115,,,,0.0207,,0.2154,0.3332,,0.0524,,0.1395,,,,,,,,,,,,,,,,,0.0007,,,,,,,,,,,,,,,,,,,,,,,,,,,,,,,,0.0576,,,,,,,,,,,,,,,,,0.0675,,,,,,,,,,,,,,,,,,,,,,,,,,,,,,,,,,,,,,,,,,,,,,,,,,,,,,,,,,,,,,,,,,,,,,,,,,
A,MET,165,,,,,,0.0049,,,0.0076,,,,0.0256,0.0003,0.1323,0.1482,,,0.0012,0.0494,0.0550,0.0010,0.0537,0.0124,,0.2715,0.0386,,0.1605,0.0636,0.0132,0.0576,,0.1634,,0.1736,0.2147,0.1058,,0.0001,0.1423,0.0910,,,,,0.0129,0.0494,0.1285,0.1264,0.1088,0.0393,0.1484,0.0011,0.0394,0.1192,,0.0186,0.1742,,0.0881,,0.0661,0.1249,0.0005,0.0487,,,,0.0106,,0.1301,0.0475,0.0082,0.0078,,,,0.1125,0.0863,,0.0128,,0.0965,,0.0083,,0.0682,,,0.0260,,,,,,,,,,0.0366,0.0070,,,0.0050,0.0842,0.0626,,,,,,,,,0.0623,,,,,,,,0.3724,0.0215,,0.0337,,,,,,0.0153,,,,0.0001,,,,,,,,,,,,,0.0364,,,,,,,,,,,0.0167,,,,,,,0.0055,,,,,,,,,0.0318,,,,,,,,,,,,,,,,,,,,,,,,,,,,,,,,,,,,,,,,,,,,,,,
A,GLU,166,0.0118,0.0799,0.0800,0.0122,0.0195,0.0108,0.2563,0.0410,0.2457,0.2858,0.0845,,0.0805,,,,0.1095,,0.1189,,,0.2795,0.1457,,,,0.3030,0.1551,,,0.0050,0.1507,0.3113,,,0.0256,0.0679,,0.1254,,0.0153,0.0583,,,0.0006,0.1271,,0.0002,0.2494,0.0031,0.7813,,0.1214,0.0652,0.2908,0.1145,0.4109,,,,,0.4248,0.1921,,,,,,,,0.6816,0.1113,,0.5961,0.2608,,0.0590,,,,,0.0608,,0.0009,0.1583,0.6977,,0.0051,,,0.1684,,,0.1423,0.1125,0.1938,0.5032,,,,0.2269,,0.4096,0.1264,,0.0909,0.5391,,,,0.1864,0.4386,0.2509,0.0941,0.4947,,0.3077,0.5801,,0.8405,0.3042,0.3005,0.1943,0.3499,0.5040,,,0.1326,0.4129,,0.3384,,,0.2524,,0.4310,0.7296,0.7014,0.2890,0.2975,,,0.6281,0.0926,0.5006,,0.8775,,,,,,0.2214,0.2896,,,0.2444,,,0.1194,,0.1198,,0.1126,0.0577,0.1195,,,,,,0.4316,0.2811,0.3402,,0.0425,,0.3289,0.1606,0.5721,,0.0936,,0.4083,0.0876,0.1830,0.1370,,0.1159,0.5300,,,0.0399,0.1139,,0.2004,0.1974,0.0265,0.5277,,0.2783,0.0704,0.0794,,,0.2420,0.2693,,,,0.0517,0.0034,,0.1266,,0.0523,,,,0.0125,0.0064,,,
A,LEU,167,,,,,,,,,,,,,,,,,,,,,,,,,,,,,,,,,,,,,,,,,,,,,,,,,,,,,,,,,,,,,,0.0108,,,,,,,,,0.2413,,,,,,,,,,,,,,,,,,,,,,,,,0.0077,0.0013,,,,,,0.4803,,,,,,,,,0.0327,,,,,,0.0001,,,0.0071,,,,,,,0.0167,,,,,,0.2461,,,,0.4667,,,,,,0.0595,,,,,,,,,,,,,,,,,,,,0.0062,,0.0296,,,,,,,,,,,,,0.0007,,,,,0.0182,,,,,,,,,0.0106,,,,,,,,,,,,,,,0.0741,,,,,,0.1686,,,,,,,,,,
A,PRO,168,,,,,,,,,,,0.0083,,,,,,,,,,,,,,,,,0.0119,,,,,0.1482,,,,,,,,,,,,,,,,,,0.0715,,,,,,0.0242,,,,,0.0892,,,,,,,,,0.0479,,,,0.0056,,,,,,,,,,0.0056,,,,,,,,,,,0.0642,0.0179,,,,,,0.0787,0.0051,,,,,,,,0.0100,,,,,,0.0697,,,0.1322,,,,,0.0117,,0.0593,,,0.0233,,,0.1589,,0.0173,,0.0003,,,0.0635,,,0.0509,,,,,,,,,,,,,,,,0.0506,,,,0.4833,,0.1177,0.1340,,,,,,,,0.0009,,,0.2403,0.0555,,0.0351,,,0.1233,,,,,0.2754,,,,0.3994,,0.0309,0.0318,,,,,,,,,,,,0.1139,0.0587,0.0509,,,,0.0991,0.2658,,,,,,,,,
A,THR,169,,,,,,,,,,,,,,,,,,,,,,,,,,,,,,,,,,,,,,,,,,,,,,,,,,,,,,,,,,,,,,,,,,,,,,,,,,,,,,,,,,,,,,,,,,,,,,,,,,,,,,,,,,,,,,,,,,,,,,,,,,,,,,,,,,,,,,,,,,,,,,,,,,,,,,,,,,,,,,,,,,,,,,,,,,,,,,,,,,,,,,,,,,,,,,,,,,,,,,,,,,,,,,,,,,,,,,,,,,,,,,,,
A,GLY,170,,,,,,,,,,,,,,,,,,,,,,,,,,,,,,,,,,,,,,,,,,,,,,,,,,,,,,,,,,,,,,,,,,,,,,,,,,,,,,,,,,,,,,,,,,,,,,,,,,,,,,,0.0171,,,,,,,,,,,,,,,,,,,,,,,,,,,,,,,0.1579,,,,,,,,,,,,,,,,,,,,,,,,,,,,,,,,0.2116,,,,,,,,,,,,0.1459,,,,,,,,,,,,,,,,,,,,,,,,,,,,,,,,,,,,0.0553,,,,,,,,,,
A,VAL,171,,,,,,,,,,,,,,,,,,,,,,,,,,,,,,,,,,,,,,,,,,,,,,,,,,,,,,,,,,,,,,,,,,,,,,,,,,,,,,,,,,,,,,,,,,,,,,,,,,,,,,,,,,,,,,,,,,,,,,,,,,,,,,,,,,,,,,,,,,,,,,,,,,,,,,,,,,,,,,,,,,,,,,,,,,,,,,,,,,,,,,,,,,,,,,,,,,,,,,,,,,,,,,,,,,,,,,,,,,,,,,,,
A,HIS,172,0.0112,0.1828,0.0120,,,,,,,,,,,,,,0.1027,,0.0191,,,,,,,,0.3040,,,,0.0191,,,,,,,,,,,,,,,,,,,,,,,,,,,,,,,,,,,,,,,,,,,,,,,,,,,,,,,,,,,,,,,,,,,,,,,,,,,,,,,,,,,,,,,,,,,,,,,,,,,,,,,,,,,,,,,,,,,,,,,,,,,,,,,,,,,,,,,,,,,,,,,,,,,,,,,,,,,,,,,,,,,,,,,,,,,,,,,,,,,,,,,,,,,,,,,,,
A,ALA,173,,,,,,,,,,,,,,,,,,,,,,,,,,,,,,,,,,,,,,,,,,,,,,,,,,,,,,,,,,,,,,,,,,,,,,,,,,,,,,,,,,,,,,,,,,,,,,,,,,,,,,,,,,,,,,,,,,,,,,,,,,,,,,,,,,,,,,,,,,,,,,,,,,,,,,,,,,,,,,,,,,,,,,,,,,,,,,,,,,,,,,,,,,,,,,,,,,,,,,,,,,,,,,,,,,,,,,,,,,,,,,,,
A,PHE,181,,,,,,,,,,,,,,,,,,,,,,,,,,,,,,,,,,,,,,,,,,,,,,,,,,,,,,,,,,,,,,,,,,,,,,,,,,,,,,,,,,,,,,,,,,,,,,,,,,,,,,,,,,,,,,,,,,,,,,,,,,,,,,,,,,,,,,,,,,,,,,,,,,,,,,,,,,,,,,,,,,,,,,,,,,,,,,,,,,,,,,,,,,,,,,,,,,,,,,,,,,,,,,,,,,,,,,,,,,,,,,,,
A,PHE,185,,,,,,,,,,,,,,,,,,,,,,,,,,,,,,,,,,,,,,,,,,,,,,,,,,,,,,,,,,,,,,,,,,,,,,,,,,,,,,,,,,,,,,,,,,,,,,,,,,,,,,,,,,,,,,,,,,,,,,,,,,,,,,,,,,,,,,,,,,,,,,,,,,,,,,,,,,,,,,,,,,,,,,,,,,,,,,,,,,,,,,,,,,,,,,,,,,,,,,,,,,,,,,,,,,,,,,,,,,,,,,,,
A,VAL,186,,,,,,,,,,,,,,,,,,,,,,,,,,,,,,,,,,,,,,,,,,,,,,,,,,,,,,,,,,,,,,,,,,,,,,,,,,,,,,,,,,,,,,,,,,,,,,,,,,,,,,,,,,,,,,,,,,,,,,,,,,,,,,,,,,,,,,,,,,,,,,,,,,,,,,,,,,,,,,,,,,,,,,,,,,,,,,,,,,,,,,,,,,,,,,,,,,,,,,,,,,,,,,,,,,,,,,,,,,,,,,,,
A,ASP,187,,,,,,,,,,,,,,0.3125,0.0305,,,,,0.3269,,,,,,0.0217,,,,,,,,0.0340,,0.0091,,0.0002,,,,,,,,,,,,,,0.1457,,,,,,,,,,,,,,,,,,,,,,,,,,,,,,,,,,,,,,,,,,,,,,,,,,,,,,,,,,,,,,,,,,,,,,,,,,,,,,,,,,,,,,,,,,,,,,,,,,,,,,,,,,,,,,,,,,,,,,,,,,,,,,,,,,,,,,,,,,,,,,,,,,,,,,,,,,,,,,,,,,,,,,,,,,,,
A,ARG,188,,,,,,,,,,,0.3620,,,0.0589,0.1187,,,,,0.0210,,,,0.3454,,0.1762,,0.0232,0.1820,0.0001,,,0.3531,0.0049,,0.2101,,0.1449,,0.1192,,0.0923,,,,,,,0.1479,,0.1115,0.1136,,,,,,,,,,,,,,,,,,,,0.1463,,,,,,,,,,,,,,,,,,,,,,,,,,,,,,,,,,,,,,,,,,,,,,,,,,,,,,,,,,,,,,,,,,,,,,,,,,,,,,,,,,,,,,,,,,,,,,,,,,,,,,,,,,,,,,,,,,,,,,,,,,,,,,,,,,,,,,,,,,,,,,,,,,,,,,,,
A,GLN,189,,,,,,,,,,,0.0193,,,0.0522,,,,,,0.2047,,,,0.4031,,,,0.0838,0.2781,0.1316,,,0.0157,0.0515,,0.1046,,0.1620,,0.1426,,0.2185,,,,0.1974,,0.2924,0.2140,0.0008,0.0660,0.1816,,,0.1027,0.0394,0.1413,0.0962,,,0.0001,,0.0410,0.0110,,0.0550,,,,,,0.0639,0.0237,0.0478,0.0637,,,,0.1227,,,0.1441,0.2521,,0.0674,,,,,,0.0198,,,,0.1450,0.2609,0.0953,,,,,0.0337,,0.0495,0.0734,0.0335,,,,0.2971,0.0913,,0.0836,,0.0473,,,,,0.1992,0.0794,0.0642,,0.1640,,0.0040,0.0816,,,,0.0252,,0.0270,,0.0151,,,,,,,0.2406,,,,,,,,,,0.0265,,0.1928,,,,0.4122,,0.0515,,,0.0703,,0.1987,,,0.0978,0.0896,,,,,,,,0.0888,,,,0.2306,,,,0.1725,,,0.0559,,,0.0078,0.1257,,,0.0563,,,,,,,,,,0.1129,,,,,,,,,,,,,,0.4181,,,,,
A,THR,190,,,,,,,,,,,0.4297,,,,,,,,,,,,,0.2639,,,,0.1115,,,,,0.5522,,,,,,,0.1211,,,,,,0.3191,,,0.0055,,0.0858,,,,0.0088,,0.2351,0.2476,,,,0.1200,,,,,,,,,,,,,0.0037,,,,,,,,0.2323,,0.2121,,,,,,0.1455,,,,,0.0064,,,,,,,,,,,,,,,,,,,,,,,,,,,,,,0.2292,,,,,,,,,,,,,,,0.3022,,,,,,,,,,,0.0853,,,,,,,,,,,,,,,0.0625,,,,,,,,0.0980,,,,,,,,,,,,,,,,,,,,0.0150,,,,,0.0023,,,,,,,,,,,,,,,,,,,,,,,,
A,ALA,191,,,,,,,,,,,,,,,,,,,,,,,,,,,,,,,,,,,,,,,,,,,,,,,,,,,,,,,,,,,,,,,,,,,,,,,,,,,,,,,,,,,,,,,,,,,,,,,,,,,,,,,,,,,,,,,,,,,,,,,,,,,,,,,,,,,,,,,,,,,,,,,,,,,,,,,,,,,,,,,,,,,,,,,,,,,,,,,0.0021,,,,,,,,,,,,,,,,,,,,,,,,,,,,,,,,,,,,,,,,,,,,,,,,,
A,GLN,192,,,,,,,,,,,0.3021,,,,,,,,,,,,,0.0940,,,,,,,,,0.2029,,,,,,,0.1416,,,,,,,,,,,0.0071,,,,,,,0.0005,,,,,,,,,,,,,,,,,,,,,,,,,,,,,,,,,,,,,,,,,,,,,,,,,,,,,,,,,,,,,,,,,,,,,,,,,,,,,,,,,,,,,,,,,,,,,,,,,,,,,,,,,,,,,,,,,,,,,,,,,,,,,,,,,,,,,,,,,,,,,,,,,,,,,,,,,,,,,,,,,,,,,,
A,ALA,193,,,,,,,,,,,,,,,,,,,,,,,,,,,,,,,,,,,,,,,,,,,,,,,,,,,,,,,,,,,,,,,,,,,,,,,,,,,,,,,,,,,,,,,,,,,,,,,,,,,,,,,,,,,,,,,,,,,,,,,,,,,,,,,,,,,,,,,,,,,,,,,,,,,,,,,,,,,,,,,,,,,,,,,,,,,,,,,,,,,,,,,,,,,,,,,,,,,,,,,,,,,,,,,,,,,,,,,,,,,,,,,,
A,ALA,194,,,,,,,,,,,,,,,,,,,,,,,,,,,,,,,,,,,,,,,,,,,,,,,,,,,,,,,,,,,,,,,,,,,,,,,,,,,,,,,,,,,,,,,,,,,,,,,,,,,,,,,,,,,,,,,,,,,,,,,,,,,,,,,,,,,,,,,,,,,,,,,,,,,,,,,,,,,,,,,,,,,,,,,,,,,,,,,,,,,,,,,,,,,,,,,,,,,,,,,,,,,,,,,,,,,,,,,,,,,,,,,,

Intra-Ligand Free,,,0.0000,0.0000,0.0000,0.0000,0.0000,0.0000,0.0000,0.0000,0.0000,0.0000,0.0000,0.0000,0.0000,0.0000,0.0000,0.0000,0.0000,0.0000,0.0000,0.0000,0.0000,0.0000,0.0000,0.0000,0.0000,0.0000,0.0000,0.0000,0.0000,0.0000,0.0000,0.0000,0.0000,0.0000,0.0000,0.0000,0.0000,0.0000,0.0000,0.0000,0.0000,0.0000,0.0000,0.0000,0.0000,0.0000,0.0000,0.0000,0.0000,0.0000,0.0000,0.0000,0.0000,0.0000,0.0000,0.0000,0.0000,0.0000,0.0000,0.0000,0.0000,0.0000,0.0000,0.0000,0.0000,0.0000,0.0000,0.0000,0.0000,0.0000,0.0000,0.0000,0.0000,0.0000,0.0000,0.0000,0.0000,0.0000,0.0000,0.0000,0.0000,0.0000,0.0000,0.0000,0.0000,0.0000,0.0000,0.0000,0.0000,0.0000,0.0000,0.0000,0.0000,0.0000,0.0000,0.0000,0.0000,0.0000,0.0000,0.0000,0.0000,0.0000,0.0000,0.0000,0.0000,0.0000,0.0000,0.0000,0.0000,0.0000,0.0000,0.0000,0.0000,0.0000,0.0000,0.0000,0.0000,0.0000,0.0000,0.0000,0.0000,0.0000,0.0000,0.0000,0.0000,0.0000,0.0000,0.0000,0.0000,0.0000,0.0000,0.0000,0.0000,0.0000,0.0000,0.0000,0.0000,0.0000,0.0000,0.0000,0.0000,0.0000,0.0000,0.0000,0.0000,0.0000,0.0000,0.0000,0.0000,0.0000,0.0000,0.0000,0.0000,0.0000,0.0000,0.0000,0.0000,0.0000,0.0000,0.0000,0.0000,0.0000,0.0000,0.0000,0.0000,0.0000,0.0000,0.0000,0.0000,0.0000,0.0000,0.0000,0.0000,0.0000,0.0000,0.0000,0.0000,0.0000,0.0000,0.0000,0.0000,0.0000,0.0000,0.0000,0.0000,0.0000,0.0000,0.0000,0.0000,0.0000,0.0000,0.0000,0.0000,0.0000,0.0000,0.0000,0.0000,0.0000,0.0000,0.0000,0.0000,0.0000,0.0000,0.0000,0.0000,0.0000,0.0000,0.0000,0.0000,0.0000,0.0000,0.0000,0.0000,0.0000,0.0000,0.0000,0.0000,0.0000,0.0000,0.0000,0.0000,0.0000,0.0000,0.0000
Inter-Ligand Free,,,-5.5758,-5.2094,-5.0531,-4.7820,-4.7595,-4.6512,-4.5617,-4.5499,-4.5367,-4.5298,-4.4686,-4.4502,-4.4385,-4.4178,-4.3841,-4.3545,-4.3453,-4.3390,-4.3317,-4.3070,-4.2952,-4.2517,-4.2097,-4.1665,-4.1613,-4.0587,-4.0552,-3.9938,-3.9399,-3.9284,-3.9230,-3.9217,-3.9006,-3.8827,-3.8626,-3.8310,-3.8191,-3.7959,-3.7930,-3.7579,-3.7458,-3.7345,-3.7088,-3.6802,-3.6439,-3.5959,-3.5952,-3.5815,-3.5540,-3.5507,-3.5506,-3.5426,-3.5411,-3.5388,-3.5234,-3.5135,-3.4952,-3.4949,-3.4768,-3.4683,-3.4582,-3.4552,-3.4386,-3.4212,-3.4056,-3.3920,-3.3823,-3.3720,-3.3527,-3.3338,-3.3286,-3.3171,-3.3148,-3.3047,-3.2840,-3.2541,-3.2454,-3.2329,-3.2226,-3.1570,-3.1424,-3.1204,-3.1038,-3.0914,-3.0768,-3.0459,-3.0456,-2.9906,-2.9902,-2.9876,-2.9602,-2.9420,-2.9326,-2.9288,-2.9158,-2.9158,-2.9064,-2.9061,-2.8967,-2.8699,-2.8485,-2.8323,-2.8178,-2.8122,-2.8032,-2.7924,-2.7886,-2.7808,-2.7754,-2.7729,-2.7584,-2.7565,-2.7556,-2.7536,-2.7471,-2.7434,-2.7122,-2.6920,-2.6843,-2.6794,-2.6746,-2.6533,-2.6408,-2.6401,-2.6380,-2.6270,-2.6150,-2.6109,-2.5936,-2.5901,-2.5679,-2.5640,-2.5604,-2.5498,-2.5454,-2.5453,-2.5325,-2.5255,-2.5220,-2.5125,-2.5044,-2.4933,-2.4893,-2.4563,-2.4534,-2.4343,-2.4019,-2.3706,-2.2989,-2.2907,-2.2900,-2.2799,-2.2649,-2.2474,-2.2474,-2.2388,-2.2152,-2.2065,-2.2007,-2.1941,-2.1821,-2.1815,-2.1681,-2.1369,-2.1289,-2.1126,-2.0888,-2.0564,-2.0505,-2.0491,-2.0357,-1.9957,-1.9816,-1.9766,-1.9537,-1.9511,-1.9314,-1.9052,-1.8888,-1.8879,-1.8847,-1.8560,-1.8422,-1.8386,-1.8128,-1.7804,-1.7801,-1.7598,-1.7455,-1.7353,-1.7254,-1.6988,-1.6937,-1.6917,-1.6878,-1.6594,-1.6247,-1.6152,-1.6000,-1.5794,-1.5698,-1.5682,-1.5392,-1.4482,-1.4248,-1.4202,-1.4085,-1.3948,-1.3859,-1.3813,-1.3481,-1.2951,-1.2867,-1.2675,-1.2611,-1.2574,-1.1579,-1.1408,-1.0943,-1.0411,-0.9353,-0.8721,3.0477,10.3233
Total Free Energy,,,-5.5758,-5.2094,-5.0531,-4.7820,-4.7595,-4.6512,-4.5617,-4.5499,-4.5367,-4.5298,-4.4686,-4.4502,-4.4385,-4.4178,-4.3841,-4.3545,-4.3453,-4.3390,-4.3317,-4.3070,-4.2952,-4.2517,-4.2097,-4.1665,-4.1613,-4.0587,-4.0552,-3.9938,-3.9399,-3.9284,-3.9230,-3.9217,-3.9006,-3.8827,-3.8626,-3.8310,-3.8191,-3.7959,-3.7930,-3.7579,-3.7458,-3.7345,-3.7088,-3.6802,-3.6439,-3.5959,-3.5952,-3.5815,-3.5540,-3.5507,-3.5506,-3.5426,-3.5411,-3.5388,-3.5234,-3.5135,-3.4952,-3.4949,-3.4768,-3.4683,-3.4582,-3.4552,-3.4386,-3.4212,-3.4056,-3.3920,-3.3823,-3.3720,-3.3527,-3.3338,-3.3286,-3.3171,-3.3148,-3.3047,-3.2840,-3.2541,-3.2454,-3.2329,-3.2226,-3.1570,-3.1424,-3.1204,-3.1038,-3.0914,-3.0768,-3.0459,-3.0456,-2.9906,-2.9902,-2.9876,-2.9602,-2.9420,-2.9326,-2.9288,-2.9158,-2.9158,-2.9064,-2.9061,-2.8967,-2.8699,-2.8485,-2.8323,-2.8178,-2.8122,-2.8032,-2.7924,-2.7886,-2.7808,-2.7754,-2.7729,-2.7584,-2.7565,-2.7556,-2.7536,-2.7471,-2.7434,-2.7122,-2.6920,-2.6843,-2.6794,-2.6746,-2.6533,-2.6408,-2.6401,-2.6380,-2.6270,-2.6150,-2.6109,-2.5936,-2.5901,-2.5679,-2.5640,-2.5604,-2.5498,-2.5454,-2.5453,-2.5325,-2.5255,-2.5220,-2.5125,-2.5044,-2.4933,-2.4893,-2.4563,-2.4534,-2.4343,-2.4019,-2.3706,-2.2989,-2.2907,-2.2900,-2.2799,-2.2649,-2.2474,-2.2474,-2.2388,-2.2152,-2.2065,-2.2007,-2.1941,-2.1821,-2.1815,-2.1681,-2.1369,-2.1289,-2.1126,-2.0888,-2.0564,-2.0505,-2.0491,-2.0357,-1.9957,-1.9816,-1.9766,-1.9537,-1.9511,-1.9314,-1.9052,-1.8888,-1.8879,-1.8847,-1.8560,-1.8422,-1.8386,-1.8128,-1.7804,-1.7801,-1.7598,-1.7455,-1.7353,-1.7254,-1.6988,-1.6937,-1.6917,-1.6878,-1.6594,-1.6247,-1.6152,-1.6000,-1.5794,-1.5698,-1.5682,-1.5392,-1.4482,-1.4248,-1.4202,-1.4085,-1.3948,-1.3859,-1.3813,-1.3481,-1.2951,-1.2867,-1.2675,-1.2611,-1.2574,-1.1579,-1.1408,-1.0943,-1.0411,-0.9353,-0.8721,3.0477,10.3233
Normalized Total Free Energy,,,-5.5758,-5.2094,-5.0531,-4.7820,-4.7595,-4.6512,-4.5617,-4.5499,-4.5367,-4.5298,-4.4686,-4.4502,-4.4385,-4.4178,-4.3841,-4.3545,-4.3453,-4.3390,-4.3317,-4.3070,-4.2952,-4.2517,-4.2097,-4.1665,-4.1613,-4.0587,-4.0552,-3.9938,-3.9399,-3.9284,-3.9230,-3.9217,-3.9006,-3.8827,-3.8626,-3.8310,-3.8191,-3.7959,-3.7930,-3.7579,-3.7458,-3.7345,-3.7088,-3.6802,-3.6439,-3.5959,-3.5952,-3.5815,-3.5540,-3.5507,-3.5506,-3.5426,-3.5411,-3.5388,-3.5234,-3.5135,-3.4952,-3.4949,-3.4768,-3.4683,-3.4582,-3.4552,-3.4386,-3.4212,-3.4056,-3.3920,-3.3823,-3.3720,-3.3527,-3.3338,-3.3286,-3.3171,-3.3148,-3.3047,-3.2840,-3.2541,-3.2454,-3.2329,-3.2226,-3.1570,-3.1424,-3.1204,-3.1038,-3.0914,-3.0768,-3.0459,-3.0456,-2.9906,-2.9902,-2.9876,-2.9602,-2.9420,-2.9326,-2.9288,-2.9158,-2.9158,-2.9064,-2.9061,-2.8967,-2.8699,-2.8485,-2.8323,-2.8178,-2.8122,-2.8032,-2.7924,-2.7886,-2.7808,-2.7754,-2.7729,-2.7584,-2.7565,-2.7556,-2.7536,-2.7471,-2.7434,-2.7122,-2.6920,-2.6843,-2.6794,-2.6746,-2.6533,-2.6408,-2.6401,-2.6380,-2.6270,-2.6150,-2.6109,-2.5936,-2.5901,-2.5679,-2.5640,-2.5604,-2.5498,-2.5454,-2.5453,-2.5325,-2.5255,-2.5220,-2.5125,-2.5044,-2.4933,-2.4893,-2.4563,-2.4534,-2.4343,-2.4019,-2.3706,-2.2989,-2.2907,-2.2900,-2.2799,-2.2649,-2.2474,-2.2474,-2.2388,-2.2152,-2.2065,-2.2007,-2.1941,-2.1821,-2.1815,-2.1681,-2.1369,-2.1289,-2.1126,-2.0888,-2.0564,-2.0505,-2.0491,-2.0357,-1.9957,-1.9816,-1.9766,-1.9537,-1.9511,-1.9314,-1.9052,-1.8888,-1.8879,-1.8847,-1.8560,-1.8422,-1.8386,-1.8128,-1.7804,-1.7801,-1.7598,-1.7455,-1.7353,-1.7254,-1.6988,-1.6937,-1.6917,-1.6878,-1.6594,-1.6247,-1.6152,-1.6000,-1.5794,-1.5698,-1.5682,-1.5392,-1.4482,-1.4248,-1.4202,-1.4085,-1.3948,-1.3859,-1.3813,-1.3481,-1.2951,-1.2867,-1.2675,-1.2611,-1.2574,-1.1579,-1.1408,-1.0943,-1.0411,-0.9353,-0.8721,3.0477,10.3233
