Chain ID,Residue name,Residue sequence,Conf 1,Conf 2,Conf 3,Conf 4,Conf 5,Conf 6,Conf 7,Conf 8,Conf 9,Conf 10,Conf 11,Conf 12,Conf 13,Conf 14,Conf 15,Conf 16,Conf 17,Conf 18,Conf 19,Conf 20,Conf 21,Conf 22,Conf 23,Conf 24,Conf 25,Conf 26,Conf 27,Conf 28,Conf 29,Conf 30,Conf 31,Conf 32,Conf 33,Conf 34,Conf 35,Conf 36,Conf 37,Conf 38,Conf 39,Conf 40,Conf 41,Conf 42,Conf 43,Conf 44,Conf 45,Conf 46,Conf 47,Conf 48,Conf 49,Conf 50,Conf 51,Conf 52,Conf 53,Conf 54,Conf 55,Conf 56,Conf 57,Conf 58,Conf 59,Conf 60,Conf 61,Conf 62,Conf 63,Conf 64,Conf 65,Conf 66,Conf 67,Conf 68,Conf 69,Conf 70,Conf 71,Conf 72,Conf 73,Conf 74,Conf 75,Conf 76,Conf 77,Conf 78,Conf 79,Conf 80,Conf 81,Conf 82,Conf 83,Conf 84,Conf 85,Conf 86,Conf 87,Conf 88,Conf 89,Conf 90,Conf 91,Conf 92,Conf 93,Conf 94,Conf 95,Conf 96,Conf 97,Conf 98,Conf 99,Conf 100,Conf 101,Conf 102,Conf 103,Conf 104,Conf 105,Conf 106,Conf 107,Conf 108,Conf 109,Conf 110,Conf 111,Conf 112,Conf 113,Conf 114,Conf 115,Conf 116,Conf 117,Conf 118,Conf 119,Conf 120,Conf 121,Conf 122,Conf 123,Conf 124,Conf 125,Conf 126,Conf 127,Conf 128,Conf 129,Conf 130,Conf 131,Conf 132,Conf 133,Conf 134,Conf 135,Conf 136,Conf 137,Conf 138,Conf 139,Conf 140,Conf 141,Conf 142,Conf 143,Conf 144,Conf 145,Conf 146,Conf 147,Conf 148,Conf 149,Conf 150,Conf 151,Conf 152,Conf 153,Conf 154,Conf 155,Conf 156,Conf 157,Conf 158,Conf 159,Conf 160,Conf 161,Conf 162,Conf 163,Conf 164,Conf 165,Conf 166,Conf 167,Conf 168,Conf 169,Conf 170,Conf 171,Conf 172,Conf 173,Conf 174,Conf 175,Conf 176,Conf 177,Conf 178,Conf 179,Conf 180,Conf 181,Conf 182,Conf 183,Conf 184,Conf 185,Conf 186,Conf 187,Conf 188,Conf 189,Conf 190,Conf 191,Conf 192,Conf 193,Conf 194,Conf 195,Conf 196,Conf 197,Conf 198,Conf 199,Conf 200,Conf 201,Conf 202,Conf 203,Conf 204,Conf 205,Conf 206,Conf 207,Conf 208,Conf 209,Conf 210,Conf 211,Conf 212,Conf 213,Conf 214,Conf 215,Conf 216,Conf 217,Conf 218,Conf 219,Conf 220,Conf 221,Conf 222,Conf 223,Conf 224,Conf 225,Conf 226,Conf 227,Conf 228,Conf 229,Conf 230,Conf 231,Conf 232,Conf 233,Conf 234,Conf 235,Conf 236,Conf 237,Conf 238,Conf 239,Conf 240,Conf 241,Conf 242,Conf 243,Conf 244,Conf 245,Conf 246,Conf 247,Conf 248,Conf 249,Conf 250,Conf 251,Conf 252,Conf 253,Conf 254,Conf 255,Conf 256,Conf 257,Conf 258,Conf 259,Conf 260,Conf 261,Conf 262,Conf 263,Conf 264,Conf 265,Conf 266,Conf 267,Conf 268,Conf 269,Conf 270,Conf 271,Conf 272,Conf 273,Conf 274,Conf 275,Conf 276,Conf 277,Conf 278,Conf 279,Conf 280,Conf 281,Conf 282,Conf 283,Conf 284,Conf 285,Conf 286,Conf 287,Conf 288,Conf 289,Conf 290,Conf 291,Conf 292,Conf 293,Conf 294,Conf 295,Conf 296,Conf 297,Conf 298,Conf 299,Conf 300,Conf 301,Conf 302,Conf 303,Conf 304,Conf 305,Conf 306,Conf 307,Conf 308,Conf 309,Conf 310,Conf 311,Conf 312,Conf 313,Conf 314,Conf 315,Conf 316,Conf 317,Conf 318,Conf 319,Conf 320,Conf 321,Conf 322,Conf 323,Conf 324,Conf 325,Conf 326,Conf 327,Conf 328,Conf 329,Conf 330,Conf 331,Conf 332,Conf 333,Conf 334,Conf 335,Conf 336,Conf 337,Conf 338,Conf 339,Conf 340,Conf 341,Conf 342,Conf 343,Conf 344,Conf 345,Conf 346,Conf 347,Conf 348,Conf 349,Conf 350,Conf 351,Conf 352,Conf 353,Conf 354,Conf 355,Conf 356,Conf 357,Conf 358,Conf 359,Conf 360,Conf 361,Conf 362,Conf 363,Conf 364,Conf 365,Conf 366,Conf 367,Conf 368,Conf 369,Conf 370,Conf 371
A,VAL,20,-0.0094,-0.0034,,-0.0075,,,-0.0035,-0.0079,,,,,-0.0118,,,,,,,,,,,-0.0092,-0.0037,,-0.0073,,-0.0094,,-0.0082,,-0.0049,-0.0084,,,,,,,,,,,,-0.0090,-0.0122,,,,,,,-0.0032,,,,,-0.0046,,,,,,,,,,,,,,,,,,,,,,-0.0047,-0.0085,,,,,,,-0.0071,,,,,,-0.0072,,,,,,,,,,,,-0.0132,,,,-0.0033,,,,,-0.0117,,,,,,,,,,,,-0.0085,,,-0.0165,,,,,,,-0.0037,,,,,-0.0044,,,,,,,,,,,,,,,,,,,-0.0124,,,,,,-0.0040,,,,,,,,,,,,-0.0144,,,,,,,,-0.0090,,,,,,,,,,,-0.0038,-0.0037,,,,,,,,,,,,,,,,-0.0075,,,,,,-0.0073,,,,,,,,,,,,,,,,,,,,,,-0.0035,,,,,,,,,,,,,-0.0042,,,,,,,-0.0035,,-0.0039,,,,,,,,,-0.0038,-0.0085,-0.0037,,,,,,,,,,,,,,,,,,,,,,,,,-0.0041,,,,,,-0.0072,,-0.0177,,,,,,,,,,,,,,,,,,,,,,-0.0159,,-0.0078,,,,,-0.0173,,,,,,,,-0.0119,,,,-0.0093,,,,,,,,,-0.0028,,,,,,-0.0081,,,,,-0.0188
A,THR,21,,,,,,,,,,,,,,,,,,,,,,,,,,,,,,,,,,,,,,,,,,,,,,,,,,,,,,,,,,,,,,,,,,,,,,,,,,,,,,,,,,,,,,,,,,,,,,,,,,,,,,,,,,,,,,,,,,,,,,,,,,,,,,,,,,,,,,,,,,,,,,,,,,,,,,,,,,,,,,,,,,,,,,,,,,,,,,,,,,,,,,,,,,,,,,,,,,,,,,,,,,,,,,,,,,,,,,,,,,,,,,,,,,,,,,,,,,,,,,,,,,,,,,,,,,,,,,,,,,,,,,,,,,-0.0036,,,,,,,,,,,,,,,,,,,,,,,,,,,,,,,,,,,,,,,,,,,,,,,,,,,,,,,,,,,,,,,,,,,,,,,,,,,,,,,,,,,,,,,,,,,,,,,,,,,,,,,,,
A,CYS,22,-0.0034,,,,,,,,,,,,,,,,,,,,,,,,,,,,,,,,,-0.0033,,,,,,,,,,,,-0.0076,,,,,,,,,,,,,,,,,,,,,,,,,,,,,,,,,,,,,,,,,,,-0.0079,,,,,,,,,,,,,,,,,,,,,,,,,,,,,,,,,,,,,,,,,,,,,,,,,,,,,,,,,,,,,,,,,,,,,,,,,-0.0032,,,,,,,,,,,,,,,,,,,,,,,,,,,,,,,,,,,,,,,,,,,,,,,,,,,,,,,,,,,,,,,,,,,,,,,,,,,,,,,,,,,,,,,,,,,,,,,,,,,,,,,,-0.0078,,,,,,,,,,,,,,,,,,,,,,,,,,,,,,,,,,,,,,,,,,,,,,,,,,,,,,,,,,-0.0091,,,,,,,,-0.0085,,,,,,,,,,,,,,,,,,,-0.0034,,,,,,,,,-0.0036,,,,,,,,,,,-0.0033
A,GLY,23,,,,,,,,,,,,,,,,,,,,,,,,,,,,,,,,,,,,,,,,,,,,,,,,,,,,,,,,,,,,,,,,,,,,,,,,,,,,,,,,,,,,,,,,,,,,,,,,,,,,,,,,,,,,,,,,,,,,,,,,,,,,,,,,,,,,,,,,,,,,,,,,,,,,,,,,,,,,,,,,,,,,,,,,,,,,,,,,,,,,,,,,,,,,,,,,,,,,,,,,,,,,,,,,,,,,,,,,,,,,,,,,,,,,,,,,,,,,,,,,,,,,,,,,,,,,,,,,,,,,,,,,,,-0.0078,,,,,,,,,,,,,,,,,,,,,,,,,,,,,,,,,,,,,,,,,,,,,,,,,,,,,,,,,,,,,,,,,,-0.0037,,,,,,,,,,,,,,,,,,,,,,,,,,,,,,,,,,,,,,,
A,THR,24,-0.0915,,-0.0039,-0.0200,-0.0118,,,-0.0274,,-0.0076,,,-0.0161,,-0.0119,-0.0074,-0.0235,,,,-0.0079,,,-0.0211,-0.0519,,-0.0531,-0.0072,-0.0326,,-0.0121,-0.0034,-0.0092,-0.0771,-0.0130,,,-0.0035,,-0.0121,,,,,-0.0131,-0.1151,-0.0180,-0.0123,,,-0.0121,,-0.0117,-0.0224,,,,-0.0124,-0.0077,-0.0183,-0.0127,,-0.0125,-0.0078,,,-0.0215,-0.0140,,,,,,,-0.0128,-0.0569,,,-0.0130,,-0.0387,-0.0068,,,-0.0584,,-0.0315,,-0.1090,-0.0136,,-0.0374,,,-0.0136,,,,-0.0135,,,,,,,-0.0035,-0.0324,,,-0.0436,-0.0078,,,-0.0037,,-0.0280,,,,-0.0211,,,,,,-0.0229,,-0.0305,,,-0.0332,,,,,-0.0183,,-0.0135,,-0.0269,-0.0116,,-0.0148,,-0.0127,,-0.0169,,,,,-0.0033,,,,,,,,-0.0261,,-0.0409,-0.0769,-0.0066,,,,-0.0173,,,-0.0134,-0.0577,-0.0038,,,,,,-0.0074,-0.0663,,,,,,,,-0.0276,,,,,,,,,,,-0.0130,-0.0160,,,,,-0.0179,,,,,,,,,,-0.0072,-0.0118,,-0.0095,,,,-0.0993,,,-0.0121,,,,,-0.0112,,,,-0.0128,,-0.0041,,,-0.0136,,-0.0171,,-0.0434,-0.0491,,,,,,,,,,,,-0.0545,-0.1052,,,,,,,-0.0419,,-0.1416,,,,,-0.0406,,,,-0.0249,-0.0179,-0.0744,,,,,-0.0177,-0.0174,,,,,,,-0.0033,,,,,-0.0088,-0.0107,,,,,,-0.0037,,,,-0.0135,,-0.0245,,-0.0536,,-0.0027,,,,-0.0032,,,,-0.0318,,,,-0.1916,,,-0.0029,,,,,-0.1721,-0.0090,-0.0772,,-0.0031,,,-0.0444,,,-0.0121,,-0.0281,,-0.0032,-0.0291,,,-0.0176,-0.0288,,,,-0.0470,-0.0032,,-0.0841,,-0.0272,-0.0041,,-0.0249,-0.0098,,-0.0419,,,,-0.0293,-0.0582
A,THR,25,-0.2897,-0.0954,-0.1167,-0.1867,-0.1211,-0.0036,-0.0637,-0.1706,-0.0080,-0.1117,-0.0629,,-0.1365,,-0.1058,-0.0727,-0.1616,-0.0086,,-0.0986,-0.1133,-0.0215,,-0.1410,-0.1638,,-0.2215,-0.0638,-0.1719,-0.0202,-0.1368,-0.0786,-0.0983,-0.1684,-0.1280,-0.0715,-0.0882,-0.0716,-0.0046,-0.1163,-0.0422,-0.0622,-0.0255,,-0.1133,-0.2207,-0.1385,-0.1017,-0.0160,,-0.1138,-0.0334,-0.0725,-0.1682,,,-0.0042,-0.1142,-0.1047,-0.1253,-0.1156,-0.0303,-0.1008,-0.1109,,-0.0489,-0.1302,-0.1385,-0.0049,,-0.0084,-0.0127,,,-0.1215,-0.1563,-0.0041,-0.0230,-0.1295,,-0.2517,-0.1488,-0.0522,,-0.1626,,-0.1800,,-0.1930,-0.1558,,-0.1458,-0.0398,-0.0572,-0.1524,-0.0040,,,-0.1157,,-0.0676,,-0.0216,,-0.0092,-0.0816,-0.1883,-0.0129,-0.0876,-0.1500,-0.0952,-0.0052,,-0.0747,,-0.1720,-0.0212,-0.0666,-0.0181,-0.1115,-0.0039,-0.0041,-0.0166,,-0.0166,-0.1234,,-0.1752,,-0.0043,-0.2197,-0.0891,-0.0050,,-0.0117,-0.1339,-0.0040,-0.1359,,-0.1427,-0.1034,-0.0846,-0.1415,,-0.1098,-0.0597,-0.1189,,-0.0081,-0.0223,-0.1111,-0.0933,,-0.0051,-0.0047,,-0.0047,,-0.0174,-0.1245,,-0.2244,-0.1759,-0.1040,,-0.0097,,-0.1156,,-0.0047,-0.0656,-0.1554,-0.0503,-0.0042,,,-0.0077,-0.0045,-0.0723,-0.2867,,-0.0042,-0.0446,,-0.0090,-0.0032,-0.0087,-0.1483,,,-0.0409,-0.0183,,,-0.0046,,,-0.0092,-0.1084,-0.1308,-0.0092,-0.0032,-0.0690,-0.0436,-0.1270,-0.0257,-0.0186,-0.0566,-0.0128,-0.0038,,-0.0335,,-0.0785,-0.0916,-0.1363,-0.0090,-0.1130,-0.0042,-0.0137,-0.0972,-0.2901,,-0.0216,-0.1147,,-0.0232,-0.0300,,-0.1042,-0.0044,-0.0038,-0.0178,-0.0738,-0.0081,-0.1027,,,-0.1083,,-0.1382,-0.0220,-0.1201,-0.1926,,-0.0216,,-0.0175,,-0.0655,-0.0051,-0.0298,-0.0098,,-0.0091,-0.1261,-0.2572,,-0.0473,,-0.0179,,-0.0046,-0.1900,,-0.2923,,-0.0037,-0.0139,-0.0080,-0.1474,,-0.0080,,-0.2248,-0.1644,-0.3122,-0.0392,-0.0126,-0.0037,-0.0096,-0.1130,-0.1277,-0.0178,,-0.0195,,-0.0044,-0.0036,-0.0887,,,-0.0146,,-0.0682,-0.1052,,,-0.0429,,-0.0101,-0.1190,-0.0300,,-0.0360,-0.1213,-0.0085,-0.1610,,-0.2231,-0.0447,-0.0438,,-0.0213,,-0.0438,-0.0049,-0.0444,-0.0210,-0.1657,-0.0175,,,-0.3770,-0.0295,-0.0087,-0.0786,-0.0135,,,-0.0271,-0.3658,-0.0845,-0.3399,-0.0151,-0.1184,-0.0082,,-0.1810,-0.0481,-0.0229,-0.0944,-0.0717,-0.1688,,-0.0844,-0.2660,,-0.0695,-0.1384,-0.1553,-0.0126,-0.0215,-0.0377,-0.2752,-0.1298,,-0.3106,,-0.1921,-0.1187,-0.1004,-0.2240,-0.0684,,-0.2431,,,,-0.3009,-0.3852
A,THR,26,-0.2455,-0.1072,-0.1100,-0.1523,-0.1103,-0.0043,-0.0812,-0.1413,,-0.1008,-0.0509,,-0.1339,,-0.0684,-0.0476,-0.1328,,-0.0034,-0.0839,-0.1158,,,-0.1417,-0.1719,,-0.1642,-0.0463,-0.1457,-0.0028,-0.1397,-0.0504,-0.0929,-0.1886,-0.0968,-0.0551,-0.0830,-0.0274,,-0.1037,-0.0279,-0.0539,-0.0234,,-0.0659,-0.2319,-0.1437,-0.0647,,-0.0032,-0.1158,-0.0285,-0.0941,-0.1633,,-0.0034,,-0.0768,-0.1096,-0.1143,-0.1155,-0.0091,-0.0696,-0.0958,,-0.0456,-0.1056,-0.1433,-0.0048,,,,,,-0.1178,-0.1438,-0.0034,-0.0190,-0.1309,,-0.1588,-0.1481,-0.0455,-0.0034,-0.1711,,-0.1829,,-0.1989,-0.1031,-0.0043,-0.0826,-0.0362,-0.0329,-0.1341,,,,-0.0851,,-0.0852,,-0.0314,,-0.0083,-0.0866,-0.1612,,-0.0721,-0.1623,-0.0818,-0.0128,,-0.0645,,-0.1378,-0.0330,-0.0589,-0.0106,-0.0606,-0.0042,,,-0.0035,-0.0092,-0.1256,,-0.1396,,,-0.1640,-0.0539,,,,-0.1055,-0.0042,-0.1061,,-0.1214,-0.0769,-0.0752,-0.1362,,-0.0793,-0.0293,-0.0874,,,-0.0042,-0.1012,-0.0419,,,-0.0047,,,-0.0032,-0.0215,-0.0815,,-0.1807,-0.1844,-0.1034,,-0.0274,,-0.1054,,-0.0040,-0.0590,-0.1630,-0.0292,,,,-0.0086,-0.0046,-0.0400,-0.2580,,,-0.0281,,-0.0170,-0.0036,,-0.1353,,,-0.0576,-0.0170,,,-0.0083,,,,-0.0975,-0.0892,-0.0032,,-0.0617,-0.0405,-0.0922,-0.0083,-0.0126,-0.0456,-0.0115,-0.0099,,-0.0441,,-0.0762,-0.0932,-0.1342,,-0.0785,,-0.0042,-0.0841,-0.2536,,-0.0037,-0.1049,,-0.0031,-0.0178,,-0.1094,,-0.0035,-0.0045,-0.0664,-0.0180,-0.1011,,,-0.0703,,-0.1152,-0.0037,-0.1107,-0.1588,,-0.0033,-0.0037,,,-0.0679,,-0.0037,,,-0.0168,-0.0600,-0.1970,,-0.0295,,-0.0045,,,-0.1944,,-0.2917,,-0.0041,-0.0038,,-0.1300,,,,-0.1899,-0.1431,-0.3343,-0.0205,,,-0.0033,-0.0980,-0.1197,-0.0129,,-0.0071,,-0.0125,,-0.0770,,,-0.0207,-0.0034,-0.0490,-0.0748,,,-0.0094,,-0.0266,-0.1198,-0.0356,,-0.0315,-0.1137,,-0.1467,,-0.2175,-0.0286,-0.0208,,-0.0324,,-0.0266,-0.0032,-0.0231,-0.0127,-0.1120,-0.0131,,,-0.3600,-0.0160,,-0.0490,-0.0070,,,-0.0207,-0.3398,-0.0592,-0.2933,-0.0046,-0.0796,-0.0036,,-0.1504,-0.0460,-0.0119,-0.0538,-0.0073,-0.1143,,-0.0499,-0.2173,,-0.0399,-0.1079,-0.1616,,-0.0243,-0.0085,-0.2372,-0.0722,,-0.2537,,-0.1186,-0.1244,-0.0465,-0.2141,-0.1126,,-0.1856,,,,-0.2497,-0.3993
A,LEU,27,-0.2767,-0.1735,-0.1830,-0.1766,-0.1775,-0.0251,-0.1292,-0.1651,-0.0172,-0.1441,-0.1259,-0.0162,-0.1655,-0.0046,-0.1025,-0.0991,-0.1606,-0.0219,-0.0088,-0.1596,-0.1190,-0.0351,,-0.1736,-0.2272,,-0.1692,-0.0771,-0.1557,-0.0086,-0.1688,-0.0846,-0.1284,-0.2528,-0.1458,-0.1189,-0.1458,-0.0443,-0.0128,-0.1485,-0.0770,-0.1107,-0.0710,,-0.0895,-0.2456,-0.1637,-0.0889,-0.0228,-0.0093,-0.1222,-0.0595,-0.0900,-0.1961,-0.0079,-0.0088,-0.0170,-0.1097,-0.1327,-0.1648,-0.1446,-0.0540,-0.1031,-0.1290,-0.0122,-0.1036,-0.1598,-0.1792,-0.0260,,-0.0184,-0.0272,-0.0041,-0.0121,-0.1885,-0.1590,-0.0271,-0.0607,-0.1713,-0.0297,-0.1765,-0.1640,-0.1036,-0.0121,-0.1872,,-0.1712,-0.0089,-0.2536,-0.1300,-0.0230,-0.0388,-0.0677,-0.0718,-0.2068,-0.0080,,-0.0038,-0.1164,,-0.1286,,-0.0873,,-0.0380,-0.1347,-0.1629,-0.0179,-0.1098,-0.1888,-0.1153,-0.0237,-0.0036,-0.1269,,-0.1738,-0.0860,-0.1199,-0.0409,-0.0576,-0.0428,-0.0164,-0.0229,-0.0173,-0.0539,-0.1358,-0.0088,-0.1658,,-0.0169,-0.1763,-0.0767,-0.0088,,,-0.1363,,-0.1367,,-0.1650,-0.1147,-0.1462,-0.1895,,-0.1188,-0.0883,-0.1180,,-0.0090,-0.0491,-0.1434,-0.0542,-0.0043,-0.0262,-0.0216,-0.0076,-0.0092,-0.0162,-0.0647,-0.0469,,-0.2301,-0.2225,-0.1418,,-0.0769,-0.0036,-0.1180,,-0.0130,-0.0539,-0.1783,-0.0127,,,,-0.0394,-0.0394,-0.0754,-0.2705,,,-0.0366,-0.0039,-0.0376,-0.0162,-0.0102,-0.1759,-0.0037,-0.0087,-0.1059,-0.0510,,,-0.0486,,,-0.0138,-0.1306,-0.1315,-0.0186,,-0.1131,-0.0931,-0.1185,-0.0574,-0.0377,-0.1031,-0.0463,-0.0417,-0.0095,-0.0930,,-0.1376,-0.1184,-0.1750,-0.0135,-0.1076,-0.0111,-0.0422,-0.1302,-0.2895,,-0.0358,-0.1392,,,-0.0511,,-0.1303,-0.0177,-0.0136,-0.0191,-0.0755,-0.0647,-0.0910,-0.0039,,-0.0870,,-0.1515,-0.0307,-0.0611,-0.2088,-0.0086,-0.0363,-0.0205,-0.0355,,-0.1248,-0.0191,-0.0405,-0.0125,,-0.0676,-0.0375,-0.1843,-0.0046,-0.0600,,-0.0190,,-0.0120,-0.2359,,-0.2664,,-0.0433,-0.0284,,-0.1195,,-0.0231,,-0.1659,-0.1532,-0.2889,-0.0324,-0.0137,,-0.0304,-0.1002,-0.1311,-0.0422,,-0.0285,,-0.0529,-0.0122,-0.1255,,,-0.0518,-0.0136,-0.0432,-0.0931,-0.0086,,-0.0426,-0.0081,-0.0460,-0.1630,-0.0596,,-0.0538,-0.1573,-0.0357,-0.2096,,-0.2945,-0.0322,-0.0565,,-0.0545,,-0.0428,-0.0039,-0.0392,-0.0222,-0.1082,-0.0349,,,-0.3071,-0.0225,-0.0087,-0.1282,-0.0428,,-0.0037,-0.0904,-0.2837,-0.1021,-0.2515,-0.0037,-0.1043,-0.0267,,-0.2024,-0.1034,-0.0682,-0.0457,-0.0505,-0.1273,,-0.0536,-0.1997,-0.0112,-0.0922,-0.1295,-0.1795,-0.0355,-0.0460,-0.0279,-0.2500,-0.1562,-0.0049,-0.2725,,-0.2103,-0.1604,-0.1196,-0.2554,-0.2672,,-0.2161,,,,-0.3527,-0.4426
A,ASN,28,-0.0340,-0.0486,-0.0268,-0.0492,-0.0224,,-0.0520,-0.0315,,-0.0084,-0.0109,,-0.0580,,,-0.0153,-0.0041,,,-0.0121,-0.0080,,,-0.0485,-0.0195,,-0.0353,-0.0050,-0.0311,,-0.0413,,-0.0230,-0.0269,-0.0038,-0.0069,-0.0174,,,-0.0118,,-0.0069,,,,-0.0392,-0.0532,,,,-0.0080,-0.0045,-0.0031,-0.0216,,-0.0039,,,-0.0353,-0.0080,-0.0122,,-0.0117,-0.0077,,-0.0069,-0.0049,-0.0290,,,,,,,-0.0183,-0.0167,,,-0.0221,,-0.0307,-0.0570,,,-0.0162,,-0.0217,,-0.0081,-0.0084,,,,,-0.0301,,,,,,-0.0223,,,,,,-0.0498,,,-0.0143,-0.0131,,,-0.0038,,-0.0522,-0.0084,-0.0080,,,,,,,,,,-0.0212,,,-0.0395,,,,,-0.0041,,-0.0130,,-0.0048,,-0.0133,-0.0454,,-0.0042,-0.0034,-0.0038,,,,-0.0229,-0.0037,,,,,,,-0.0036,,,-0.0502,-0.0162,-0.0220,,-0.0047,,-0.0126,,,,-0.0083,,,,,,,-0.0049,-0.0317,,,,,,,,-0.0351,,,-0.0036,,,,,,,,-0.0093,-0.0085,,,,-0.0042,,,,-0.0034,,-0.0082,,-0.0077,,-0.0174,-0.0128,-0.0356,,-0.0084,,,-0.0037,-0.0079,,,-0.0089,,,,,-0.0077,,,,,-0.0085,,,,,,-0.0081,,,-0.0042,,,,,,-0.0159,,,,,,,-0.0037,,,,,,,-0.0116,,-0.0042,,-0.0034,,,,,,,-0.0200,-0.0400,-0.0240,,,,,,,,,,,,,-0.0039,,,,,,,,,,,,-0.0406,,,,,,-0.0279,,-0.0435,,,,,,,,,,,,,,,,,,,,,,-0.0650,-0.0113,-0.0813,,-0.0100,,,-0.0301,-0.0034,,,,,,,-0.0738,,,-0.0073,-0.0295,,,,-0.0268,-0.0125,,-0.0292,,,-0.0117,,-0.0308,-0.0482,,-0.0458,-0.0040,,,-0.0218,-0.1031
A,PRO,39,-0.0212,-0.0597,-0.0660,-0.0506,-0.0529,-0.0075,-0.0493,-0.0507,-0.0037,-0.0226,-0.0382,-0.0096,-0.0878,-0.0096,-0.0180,-0.0085,-0.0442,-0.0342,,-0.0517,,-0.0253,,-0.0774,-0.0078,,-0.0646,-0.0033,-0.0541,-0.0094,-0.0774,-0.0323,-0.0507,-0.0115,-0.0261,-0.0420,-0.0619,-0.0123,-0.0081,-0.0237,-0.0119,-0.0306,-0.0180,,-0.0040,-0.0466,-0.0696,-0.0080,-0.0292,,-0.0036,-0.0175,,-0.0656,,,-0.0080,-0.0181,-0.0508,-0.0337,-0.0175,-0.0179,-0.0041,-0.0186,-0.0095,-0.0340,-0.0172,-0.0181,,,-0.0210,-0.0314,,-0.0173,-0.0503,-0.0034,-0.0167,-0.0128,-0.0183,-0.0134,-0.0503,-0.0819,-0.0371,-0.0202,-0.0034,,-0.0452,,-0.0305,-0.0185,,,-0.0094,-0.0230,-0.0676,-0.0039,,,-0.0205,,-0.0262,,-0.0125,,-0.0117,-0.0164,-0.0352,-0.0117,-0.0168,-0.0179,-0.0507,-0.0088,,-0.0381,,-0.0576,-0.0136,-0.0384,-0.0134,-0.0188,-0.0417,-0.0162,-0.0306,,-0.0125,-0.0211,-0.0092,-0.0308,,-0.0039,-0.0538,-0.0126,-0.0087,,,-0.0190,,-0.0344,,-0.0159,-0.0091,-0.0515,-0.0767,,-0.0160,-0.0144,-0.0122,,-0.0080,-0.0215,-0.0482,,,-0.0203,,,-0.0123,,-0.0115,-0.0222,,-0.0712,-0.0032,-0.0386,,-0.0042,-0.0136,-0.0160,,,,,,,,,-0.0082,-0.0264,-0.0036,-0.0876,,,,,,,-0.0129,-0.0333,,-0.0037,-0.0174,-0.0123,,,-0.0353,,,-0.0084,-0.0447,-0.0205,-0.0088,,-0.0156,-0.0128,-0.0163,-0.0164,-0.0038,-0.0347,-0.0071,,-0.0039,-0.0171,,-0.0401,-0.0090,-0.0736,-0.0130,-0.0148,,-0.0221,-0.0279,-0.0484,,,-0.0337,,,-0.0077,,-0.0148,-0.0096,,-0.0043,,-0.0284,,,,,,-0.0436,,,-0.0125,-0.0097,-0.0128,,-0.0122,,-0.0178,-0.0199,-0.0112,-0.0042,,-0.0427,-0.0225,-0.0040,-0.0037,-0.0073,,-0.0043,,-0.0452,-0.0233,,-0.0498,,-0.0166,-0.0127,,-0.0037,,-0.0168,,-0.0515,-0.0550,-0.0726,,-0.0044,,-0.0122,-0.0085,,-0.0152,,,,-0.0493,-0.0072,-0.0038,,,-0.0127,,-0.0079,-0.0390,,,-0.0078,-0.0173,,-0.0751,-0.0080,,,-0.0194,-0.0124,-0.0452,,-0.0973,,-0.0195,,-0.0141,,,,-0.0039,,-0.0086,,,,-0.0447,,,-0.0322,-0.0089,,,-0.0396,-0.0584,-0.0191,-0.0587,,-0.0204,-0.0037,,-0.1040,-0.0214,-0.0209,,-0.0195,-0.0161,,,-0.0905,,-0.0535,,-0.0798,-0.0216,,-0.0129,-0.0220,-0.0672,-0.0078,-0.0900,,-0.1383,-0.0762,-0.0932,-0.0262,-0.1454,,,,,,-0.1228,-0.2403
A,ARG,40,,,-0.0146,,-0.0140,,-0.0422,,-0.0039,,-0.0152,-0.0040,,-0.0040,,-0.0124,-0.0085,-0.0361,,-0.0190,,,,,,,-0.0482,,,-0.0042,,-0.0414,,,-0.0126,-0.0192,-0.0115,-0.0122,-0.0087,,-0.0187,-0.0181,-0.0073,,,,,,-0.0196,,,-0.0037,,,,,-0.0041,,,-0.0327,,,,,-0.0038,-0.0158,,,,,-0.0081,-0.0082,-0.0037,-0.0037,-0.0138,,-0.0117,,,-0.0032,,-0.0037,-0.0158,-0.0070,,,-0.0037,,-0.0222,,,,,-0.0156,-0.0073,-0.0042,,,,,,,,,,,,-0.0084,,,,,,,,,,-0.0149,,,-0.0410,-0.0044,-0.0248,,,,-0.0038,,,,,,,,,,,,,,,-0.0187,,,,,,,-0.0084,,,,,-0.0127,,,-0.0249,,,-0.0275,,,,,,,-0.0467,,,,,,,,,,,-0.0286,,-0.0127,,,,,,,,,,,,,,,-0.0290,,,,,,,,,-0.0041,,,,-0.0193,,,,,,,,-0.0206,-0.0290,,,,,,,,-0.0082,,,,,,,,,,-0.0114,,,,,,,,,-0.0039,-0.0118,,,,,,-0.0121,,-0.0041,,-0.0336,-0.0082,,,,,,,-0.0569,,,-0.0033,,-0.0038,,,,,,,-0.0114,,,,,,,,,,,,,-0.0278,,,,,,,,-0.0166,,,,-0.0037,,,,,,,,,,-0.0361,,,,-0.0080,,,,,,,,,,-0.0234,,,,,,,-0.0144,,,,,-0.0328,,,-0.0202,,,,,,,,-0.0041,,-0.0246,,,,,,,-0.0436,,,,-0.0749,,-0.0255,-0.0122,-0.0081,,,,,,-0.0593,-0.0368
A,HIS,41,-0.5682,-0.4574,-0.5206,-0.3874,-0.5039,-0.1667,-0.4600,-0.3824,-0.2869,-0.3327,-0.4600,-0.2650,-0.3273,-0.2526,-0.3577,-0.4895,-0.5309,-0.2770,-0.1901,-0.5152,-0.2802,-0.3471,-0.0777,-0.3981,-0.3940,-0.1226,-0.5057,-0.3063,-0.4017,-0.3347,-0.3086,-0.4902,-0.3520,-0.3710,-0.5699,-0.4830,-0.4460,-0.4712,-0.2974,-0.3429,-0.4447,-0.4750,-0.2779,-0.1242,-0.3610,-0.4941,-0.3074,-0.3513,-0.2879,-0.0813,-0.2516,-0.3969,-0.2278,-0.4368,-0.1531,-0.0870,-0.2878,-0.3643,-0.3452,-0.5343,-0.3100,-0.3431,-0.4928,-0.3145,-0.2615,-0.4569,-0.3441,-0.2872,-0.1557,-0.1424,-0.2656,-0.2694,-0.2325,-0.2781,-0.4874,-0.3278,-0.2867,-0.3021,-0.2907,-0.2955,-0.3800,-0.2990,-0.4529,-0.3421,-0.3426,-0.0502,-0.3548,-0.1015,-0.5617,-0.3553,-0.1177,-0.2702,-0.2289,-0.4277,-0.5982,-0.2453,-0.1543,-0.1223,-0.5091,-0.1873,-0.3153,-0.2175,-0.2112,-0.1746,-0.1901,-0.3148,-0.4492,-0.3172,-0.2599,-0.3367,-0.3354,-0.1864,-0.0890,-0.3316,-0.0654,-0.4148,-0.2617,-0.4507,-0.2798,-0.2803,-0.3851,-0.2591,-0.2813,-0.1525,-0.1982,-0.2720,-0.2009,-0.3025,-0.0356,-0.1195,-0.3522,-0.2685,-0.1775,-0.0404,-0.2677,-0.2890,-0.1654,-0.4021,-0.0386,-0.3519,-0.3439,-0.4540,-0.4692,-0.1595,-0.3216,-0.2919,-0.3404,-0.0344,-0.2411,-0.2568,-0.2550,-0.2588,-0.0833,-0.3034,-0.1579,-0.1066,-0.2277,-0.2735,-0.2432,-0.4727,-0.0293,-0.6280,-0.3520,-0.2430,-0.1007,-0.3500,-0.2412,-0.2839,-0.0884,-0.2070,-0.2464,-0.3368,-0.1992,-0.0813,-0.0345,-0.1064,-0.1584,-0.3862,-0.2525,-0.6023,-0.1351,-0.0975,-0.2300,-0.0792,-0.2877,-0.1418,-0.1968,-0.2743,-0.0660,-0.1602,-0.2044,-0.3035,-0.0428,-0.1180,-0.3854,-0.0662,-0.0911,-0.1841,-0.3315,-0.5254,-0.1616,-0.1424,-0.3183,-0.3939,-0.3464,-0.2943,-0.1502,-0.4502,-0.1706,-0.2611,-0.1357,-0.3444,-0.0810,-0.2650,-0.1810,-0.6319,-0.2357,-0.3128,-0.1630,-0.1917,-0.3234,-0.3877,-0.1698,-0.2586,-0.3776,-0.0250,-0.1275,-0.1804,-0.0575,-0.1951,-0.1425,-0.1384,-0.1920,-0.3006,-0.3655,-0.2260,-0.1260,-0.1079,-0.2756,-0.0317,-0.3077,-0.2729,-0.0512,-0.4481,-0.2034,-0.1803,-0.1812,-0.2158,-0.0361,-0.1897,-0.2991,-0.2970,-0.2658,-0.0598,-0.4078,-0.3654,-0.2332,-0.1309,-0.4044,-0.0450,-0.1887,,-0.2724,-0.4361,-0.1616,-0.4060,-0.1485,-0.3383,-0.2192,-0.1938,-0.3182,-0.0522,-0.1732,,-0.4406,-0.2804,-0.5166,-0.1777,-0.1794,-0.0618,-0.1648,-0.2705,-0.1898,-0.3040,-0.0940,-0.1686,-0.0647,-0.3824,-0.1856,-0.4051,-0.0512,-0.0685,-0.1737,-0.1513,-0.1636,-0.5423,-0.1301,-0.0697,-0.2643,-0.2133,-0.2959,-0.3055,-0.1598,-0.0511,-0.1774,-0.3084,-0.3608,-0.3714,-0.0604,-0.5823,-0.2329,-0.2690,-0.0648,-0.3694,-0.0924,-0.2292,-0.1070,-0.2426,-0.2189,-0.3454,-0.2826,-0.1049,-0.0464,-0.6339,-0.2247,-0.1834,-0.3277,-0.2493,-0.1205,-0.1027,-0.4024,-0.5743,-0.2892,-0.5390,-0.2078,-0.5615,-0.2414,-0.0899,-0.4525,-0.2412,-0.2643,-0.3428,-0.3406,-0.3069,,-0.2109,-0.4793,-0.1380,-0.4636,-0.3266,-0.4187,-0.1788,-0.3160,-0.3777,-0.7142,-0.4932,-0.1615,-0.5613,-0.0461,-0.4967,-0.3014,-0.2813,-0.5195,-0.4428,-0.0212,-0.5749,-0.0414,-0.0153,-0.0153,-0.7183,-0.5934
A,VAL,42,-0.1252,-0.0529,-0.1041,-0.0995,-0.0987,,-0.0456,-0.1299,-0.0092,-0.0458,-0.0401,-0.0084,-0.1261,-0.0082,-0.0636,-0.0206,-0.0988,-0.0297,,-0.0807,-0.0160,-0.0223,,-0.1379,-0.0920,,-0.1063,-0.0080,-0.1440,-0.0086,-0.1180,-0.0453,-0.0751,-0.0995,-0.0771,-0.0460,-0.0609,-0.0184,-0.0181,-0.0517,-0.0195,-0.0404,-0.0227,,-0.0307,-0.1835,-0.1229,-0.0349,-0.0265,,-0.0159,-0.0075,,-0.1098,,,-0.0094,-0.0637,-0.0659,-0.0726,-0.0583,-0.0074,-0.0184,-0.0456,-0.0076,-0.0347,-0.0705,-0.0404,,,-0.0213,-0.0267,-0.0120,-0.0043,-0.0903,-0.0335,-0.0162,-0.0158,-0.0382,-0.0155,-0.0913,-0.1089,-0.0306,-0.0041,-0.0637,,-0.1288,,-0.1098,-0.0743,,-0.0144,-0.0180,-0.0311,-0.1038,-0.0092,,,-0.0675,,-0.0263,,-0.0079,,,-0.0226,-0.0812,-0.0141,-0.0303,-0.0547,-0.0679,,,-0.0657,,-0.1468,-0.0096,-0.0366,-0.0037,-0.0172,-0.0165,-0.0170,-0.0271,,-0.0034,-0.0820,-0.0083,-0.1019,,,-0.1096,-0.0308,,,,-0.0732,,-0.0795,,-0.0781,-0.0339,-0.0503,-0.1280,,-0.0580,-0.0249,-0.0585,,-0.0176,-0.0073,-0.0666,-0.0036,,-0.0176,,,-0.0259,,,-0.0171,,-0.1349,-0.0725,-0.0737,,-0.0038,-0.0210,-0.0538,,,-0.0200,-0.0785,,,,,,-0.0167,-0.0157,-0.1565,,,-0.0126,,,,-0.0085,-0.0889,,,-0.0165,-0.0080,,,-0.0136,,,-0.0079,-0.0763,-0.0507,-0.0043,,-0.0037,-0.0167,-0.0784,,,-0.0315,-0.0080,,,-0.0092,,-0.0449,-0.0153,-0.1254,-0.0274,-0.0463,,-0.0167,-0.0633,-0.0755,,-0.0084,-0.0301,,,,,-0.0249,-0.0040,,-0.0094,-0.0120,-0.0048,-0.0161,,,-0.0520,,-0.0934,-0.0082,,-0.0944,-0.0091,-0.0084,,-0.0139,,-0.0263,-0.0174,-0.0096,-0.0094,,-0.0123,-0.0170,-0.0307,,-0.0105,,-0.0094,,-0.0137,-0.0881,,-0.1161,,-0.0045,-0.0157,,-0.0764,,,,-0.0900,-0.0938,-0.1150,-0.0074,-0.0077,,-0.0037,-0.0121,-0.0527,-0.0073,,,,-0.0085,-0.0038,-0.0221,,,-0.0035,,,-0.0142,,,-0.0033,-0.0041,,-0.0932,,,-0.0034,-0.0710,,-0.1463,,-0.1926,-0.0074,-0.0036,,-0.0089,,,,-0.0101,,-0.0353,,,,-0.1398,-0.0034,,-0.0292,-0.0072,,,-0.0206,-0.1939,-0.0036,-0.1062,,-0.0160,,,-0.1827,-0.0301,-0.0082,-0.0069,-0.0134,-0.0937,,-0.0308,-0.1487,,-0.0659,-0.0191,-0.1637,-0.0039,,-0.0164,-0.1115,-0.1376,,-0.0595,,-0.1846,-0.0914,-0.0813,-0.0519,-0.0315,,-0.0519,,,,-0.1717,-0.2863
A,ILE,43,,,,,,,,,,,,,-0.0043,,,,-0.0070,,,,,,,-0.0083,,,,,,,-0.0041,,,,,,,,,,,,,,,-0.0109,-0.0043,,,,,,,-0.0077,,,,,,,,,,,,,,,,,,,,,,,,,,,,-0.0081,,,,,-0.0088,,,,,,,,,,,,,,,,,,,,-0.0038,,,-0.0032,-0.0037,,,-0.0044,,,,,,,,,,,,-0.0037,,-0.0035,,,-0.0034,,,,,,,,,,,,-0.0043,,,,,,,,,,,,,,,,,,,-0.0083,,,,,,,,,,,,,,,,,,-0.0186,,,,,,,,,,,,,,,,,,,,,,,,,,,,,,,,,,,,-0.0043,,,,,,,,,,,,,,,,,,,,,,,,,,,,,,,,,,,,,,,,,,,,,,,,-0.0034,,-0.0031,,,,,,,,,-0.0050,,,,,,,,,,,,,,,,,,,,,,,,,,,-0.0035,,,,,,,,-0.0050,,,,,,,,,,,,,,-0.0169,,,,,,,,,,,,,,,-0.0216,,,,,-0.0086,,,-0.0042,,,,-0.0085,,,,,-0.0304,,,,-0.0383,-0.0040,-0.0080,-0.0036,,,,,,,-0.0417,-0.0246
A,CYS,44,-0.0850,-0.0068,-0.0705,-0.0111,-0.0723,,-0.0722,-0.0239,-0.0608,-0.0032,-0.0448,-0.0231,-0.0381,-0.0225,-0.0377,-0.0643,-0.1187,-0.0770,,-0.0674,,-0.0712,,-0.0403,-0.0426,,-0.1280,-0.0126,-0.0331,-0.0311,-0.0346,-0.0771,-0.0111,-0.0494,-0.0933,-0.0652,-0.0257,-0.0844,-0.0705,-0.0108,-0.0356,-0.0491,-0.0351,,-0.0253,-0.0937,-0.0393,-0.0361,-0.0747,,,-0.0158,,-0.0531,,,-0.0478,-0.0292,-0.0034,-0.0869,-0.0071,,-0.0430,-0.0035,-0.0139,-0.0425,-0.0429,,,,-0.0730,-0.0800,-0.0490,-0.0173,-0.0612,-0.0477,-0.0511,-0.0095,,-0.0408,-0.0422,-0.0393,-0.0377,-0.0079,-0.0537,,-0.0645,,-0.1077,-0.0350,,-0.0389,,-0.0747,-0.0598,-0.0449,,,-0.0716,-0.0136,-0.0032,,,,,-0.0161,-0.0306,-0.0729,-0.0108,-0.0494,-0.0196,,,-0.0484,,-0.0209,,-0.0351,,-0.0214,-0.0480,-0.0496,-0.0747,,,-0.0488,-0.0227,-0.0281,,,-0.0295,-0.0182,,,-0.0029,-0.0256,,-0.0120,,-0.0394,-0.0143,-0.0472,-0.0530,,-0.0381,-0.0196,-0.0416,,-0.0617,-0.0166,-0.0208,-0.0170,,-0.0436,,,-0.0754,,,-0.0612,,-0.0870,-0.0586,-0.0206,,-0.0095,-0.0620,-0.0135,,,-0.0094,-0.0638,-0.0037,,,,,-0.0481,-0.0161,-0.1023,,,-0.0163,,,,-0.0176,-0.0112,,,,,,,-0.0446,,,-0.0119,-0.0161,-0.0360,,,-0.0113,-0.0321,-0.0428,-0.0038,,-0.0408,-0.0041,,,,,-0.0036,-0.0068,-0.1167,-0.0842,-0.0118,,-0.0036,-0.0162,-0.0252,,-0.0077,-0.0426,,-0.0079,-0.0035,,,,,-0.0073,-0.0107,-0.0139,-0.0039,,,-0.0313,,-0.0252,-0.0109,-0.0115,-0.0765,-0.0293,-0.0069,,-0.0269,,-0.0037,-0.0475,-0.0195,-0.0369,,-0.0373,-0.0786,-0.0390,,-0.0168,,-0.0073,,-0.0456,-0.0451,,-0.0471,,-0.0095,-0.0209,,-0.0564,,-0.0038,,-0.0549,-0.0066,-0.0263,-0.0033,-0.0042,,,-0.0161,-0.0224,,,,,-0.0328,-0.0100,-0.0164,,,,,-0.0038,-0.0732,,,-0.0315,-0.0129,,-0.0274,,,,-0.0342,,-0.0316,,-0.1524,-0.0035,,,-0.0277,,-0.0032,,-0.0229,-0.0036,-0.0390,-0.0150,,,-0.2243,-0.0064,-0.0040,-0.0312,,,,-0.0188,-0.0876,-0.0036,-0.0507,-0.0197,-0.0621,-0.0042,,-0.1000,-0.0039,-0.0207,-0.0349,-0.0658,-0.1542,,-0.0434,-0.0477,,-0.0926,-0.0358,-0.0682,,,-0.0494,-0.1109,-0.2081,,-0.0989,,-0.2449,-0.0256,-0.0922,-0.1066,,,-0.0651,,,,-0.1497,-0.1059
A,THR,45,-0.0925,,-0.0111,-0.0077,-0.0138,,-0.0211,-0.0033,-0.0136,,-0.0037,,,,-0.0271,-0.0310,-0.0713,-0.0206,,-0.0159,-0.0032,-0.0267,,-0.0071,-0.0162,,-0.0933,-0.0209,-0.0078,-0.0279,,-0.0309,,-0.0249,-0.0219,-0.0112,,-0.0390,-0.0208,-0.0071,-0.0036,-0.0072,-0.0119,,-0.0280,-0.0887,,-0.0301,-0.0212,,,-0.0033,,-0.0236,,,-0.0083,-0.0159,,-0.0251,,-0.0068,-0.0487,,,,-0.0362,,,,-0.0205,-0.0259,-0.0157,-0.0095,-0.0151,-0.0881,-0.0134,-0.0036,,-0.0089,-0.1270,,,,-0.0756,,-0.0353,,-0.0983,-0.0620,,-0.1101,,-0.0118,-0.0206,-0.0089,,,-0.0315,,,,,,,,-0.0494,-0.0204,,-0.0504,-0.0076,,,-0.0180,,-0.0077,,-0.0032,,-0.0577,-0.0070,-0.0117,-0.0205,,-0.0032,-0.0328,,,,,-0.0713,-0.0284,-0.0032,,-0.0147,-0.0193,,-0.0123,,-0.0401,-0.0118,-0.0032,-0.0110,,-0.0319,-0.0198,-0.0326,,-0.0163,-0.0079,,-0.0485,,-0.0146,,,-0.0212,,-0.0120,-0.0757,,-0.0731,-0.0793,,,,-0.0204,-0.0142,,,-0.0264,-0.0984,-0.0187,-0.0159,,,,-0.0108,-0.0204,-0.0598,,-0.0083,-0.0111,,,,,,,,,,,,-0.0077,,,,-0.0072,-0.0420,,-0.0083,-0.0108,,-0.0207,-0.0075,,-0.0035,,,,,,,-0.0646,-0.0411,-0.0302,-0.0455,-0.0086,,,-0.0079,,-0.0100,-0.0692,,-0.0405,-0.0396,,,,,,-0.0149,,,,,-0.0403,,-0.0108,-0.0138,-0.0207,-0.0504,,-0.0073,,-0.0073,,,-0.0160,-0.0187,-0.0161,,-0.0079,-0.1279,-0.0403,,-0.0159,,,,-0.0162,-0.0399,,-0.0597,,,-0.0041,-0.0237,-0.0623,-0.0071,,,-0.0309,,-0.0079,-0.0071,-0.0034,-0.0177,,-0.0233,-0.0196,,,-0.0035,,,-0.0041,-0.0299,,,,,-0.0329,-0.0504,,,-0.0510,,,-0.0213,-0.0224,,-0.0034,-0.0254,,-0.0080,,-0.0565,-0.0070,-0.0201,,,,-0.0083,,-0.0124,-0.0080,-0.0523,-0.0414,,,-0.2072,-0.0175,-0.0115,-0.0573,,,,,-0.1329,-0.0261,-0.0825,-0.0505,-0.0580,-0.0040,,-0.0370,,-0.0080,-0.0857,-0.0825,-0.2151,,-0.0592,-0.0441,,-0.0300,-0.0860,-0.0251,,,-0.0439,-0.1093,-0.1474,,-0.1563,,-0.1541,,-0.0918,-0.0601,,,-0.1219,,,,-0.1149,-0.0525
A,SER,46,-0.0735,-0.0215,,-0.0126,-0.0035,,-0.0039,-0.0106,,-0.0038,,,,,-0.0339,-0.0531,-0.1452,-0.0174,,-0.0067,-0.0741,,,,-0.0302,,-0.1055,-0.0608,-0.0235,-0.0676,-0.0076,-0.0108,-0.0042,-0.0347,-0.0158,,,-0.0572,-0.0035,-0.0116,,,,,-0.0542,-0.0897,,-0.0552,,-0.0033,-0.0041,,-0.0133,-0.0108,,,,-0.1075,-0.0199,-0.0150,-0.0036,-0.0145,-0.0647,-0.0041,-0.0576,,-0.0469,-0.0067,,,,-0.0032,,-0.0770,-0.0112,-0.1114,,,-0.0035,,-0.1634,,,,-0.0855,,-0.0281,,-0.0738,-0.0955,-0.0185,-0.1837,,-0.0033,-0.0228,-0.0028,,,-0.0321,,,,,-0.0034,,-0.0200,-0.0658,,-0.0039,-0.0626,-0.0266,,,,,-0.0152,,,-0.0035,-0.1239,,,,,-0.0203,-0.0249,,,,,-0.1231,-0.0780,-0.0207,-0.0031,-0.0647,-0.0246,-0.0116,-0.0556,,-0.0753,-0.0334,,,-0.0045,-0.0465,-0.0307,-0.0487,,,,,-0.0859,-0.0037,,,,-0.0129,-0.0281,-0.0384,-0.1621,,-0.1398,-0.0845,-0.0032,,,,-0.0591,,,-0.0710,-0.0896,-0.0704,-0.1375,,-0.0029,,-0.0175,-0.0704,-0.0960,-0.0185,-0.0563,-0.0066,,,-0.0210,,,-0.0034,,-0.0120,,,,-0.0165,-0.0039,-0.0116,,-0.0247,-0.0844,,-0.0520,-0.0113,-0.0623,-0.0368,-0.0073,-0.0033,,,,,-0.0033,,,-0.1257,-0.0120,-0.0040,-0.0944,-0.0456,-0.0250,,-0.0202,-0.0625,-0.0107,-0.1343,,-0.1005,-0.0882,-0.0029,,,-0.0551,,-0.0840,,-0.0116,,-0.0085,-0.0921,,-0.0110,-0.0156,-0.0819,-0.0452,,-0.0069,-0.0066,,-0.0119,-0.0031,,-0.0199,-0.0076,,,-0.1516,-0.1105,,-0.0322,,-0.0303,,-0.0485,-0.0466,-0.0071,-0.0560,,,,-0.1068,-0.0743,-0.0637,,-0.0204,-0.0647,-0.0028,-0.0257,-0.0298,,-0.0907,,-0.0726,-0.0292,,,-0.0461,,-0.0162,,-0.0465,-0.0155,,,,-0.1942,-0.0691,-0.0088,,-0.0677,,,-0.0591,-0.1060,,-0.0081,-0.0771,,-0.0460,-0.0765,-0.0529,-0.0402,-0.0758,-0.0908,-0.0034,-0.0235,-0.0402,-0.0032,-0.0140,-0.0134,-0.0847,-0.0802,,-0.0036,-0.1783,-0.0500,-0.0120,-0.1028,,,,,-0.1256,-0.0871,-0.1062,-0.0943,-0.1180,,,-0.0159,-0.0203,-0.0028,-0.1756,-0.1494,-0.2617,-0.0234,-0.0794,-0.1147,,-0.0239,-0.1658,-0.0339,,-0.0074,-0.0678,-0.1124,-0.1420,,-0.1951,,-0.1774,-0.0188,-0.1465,-0.0864,,,-0.3098,-0.0110,-0.0422,-0.0826,-0.1491,-0.1003
A,GLU,47,,,,,,,,,,,,,,,,,-0.0030,,,,,,,,,,,,,,,,,,,,,,,,,,,,,,,,,,,,,,,,,,,,,,,,,,,,,,,,,,,,,,,,-0.0136,,,,,,,,,-0.0035,,-0.0047,,,,,,,,,,,,,,,,,,,,,,,,,,,,,,,,,,,,,,,-0.0047,,,,,,,,,,,,,,,,,,,,,,,,,,,,,-0.0038,,,,,,,,,,,,,,-0.0032,,,,,,,,,,,,,,,,,,,,,,,,,,,,,,,,,,,,,,,,,-0.0158,,,,,,,,,,-0.0163,,,,,,,,,,,,,,-0.0036,,,,,,,,,,,,,,,,,-0.0083,,,,,,,,,,,,,,,,,,,,,,,,,,,,,,,,,,,,,,,-0.0086,,,,,,,,-0.0043,,,,,,,,,,,,,,,,,,-0.0039,,,-0.0035,,,-0.0032,,,,,-0.0039,,,-0.0050,,,,,,,-0.0047,-0.0041,-0.0565,,,,,,,,,,-0.0030,,,,-0.0084,,,,-0.0216,,,,-0.0124,,,,,
A,ASP,48,,,-0.0062,,-0.0033,,-0.0353,,-0.0222,,-0.0063,,,,,-0.0159,-0.0319,-0.0259,,-0.0028,,-0.0190,,,,,-0.0360,,,,,-0.0228,,,-0.0234,-0.0068,,-0.0268,-0.0306,,-0.0028,-0.0068,-0.0090,,,,,,-0.0221,,,,,,,,-0.0161,,,-0.0322,,,,,,,,,,,-0.0227,-0.0319,-0.0185,,,,-0.0233,,,-0.0191,,,,,,,,,-0.0076,,,,,-0.0172,-0.0077,-0.0170,,,,,,,,,,,,-0.0227,,,,,,,,,,,,,-0.0271,-0.0185,-0.0210,,,,,,,,,,,,,,,,,,,,,,,,,,-0.0203,,,,,-0.0189,,,-0.0311,,,-0.0129,,-0.0092,,,,,-0.0227,,,,,,,,,,,-0.0277,,,,,,,,,,,,,,,,,-0.0264,,,,,,,,,-0.0032,,,,,,,,,,,-0.0029,-0.0400,-0.0404,,,,,,,,,,,,,,,,,,,,,,,,,,,,-0.0034,,,,,,-0.0226,,-0.0078,,-0.0201,-0.0040,,,,,,,-0.0182,,,,,,,,,,,,,,,,,,,,,,,,,-0.0174,,,,,,,-0.0030,-0.0177,,,,,,,,,,,,,,-0.0188,,,,,,,,,,,-0.0032,,,-0.0232,,,,,,,,,,,-0.0118,-0.0261,,,,,,,,-0.0453,,,,,-0.0161,,,,,-0.0040,-0.0226,-0.0332,,,,-0.0154,,-0.0125,-0.0165,,,-0.0491,,,,-0.0400,
A,MET,49,-0.3922,-0.3495,-0.4050,-0.1812,-0.3388,-0.1543,-0.3728,-0.2072,-0.2548,-0.2251,-0.3986,-0.2758,-0.1944,-0.2999,-0.2315,-0.3422,-0.4172,-0.3510,-0.2116,-0.3719,-0.2989,-0.3242,-0.1176,-0.3301,-0.2442,-0.1695,-0.4815,-0.2349,-0.2715,-0.4006,-0.2600,-0.3482,-0.2376,-0.1998,-0.3674,-0.3983,-0.4058,-0.3918,-0.3312,-0.2037,-0.3913,-0.3883,-0.2796,-0.1648,-0.2198,-0.2358,-0.1802,-0.2044,-0.2925,-0.1612,-0.1663,-0.3910,-0.2071,-0.2944,-0.2050,-0.1436,-0.3115,-0.2854,-0.2969,-0.3868,-0.1437,-0.3169,-0.3517,-0.2134,-0.3919,-0.3929,-0.1650,-0.2199,-0.1217,-0.1768,-0.2780,-0.3037,-0.3062,-0.4351,-0.3476,-0.2446,-0.2596,-0.2659,-0.1769,-0.2618,-0.2912,-0.1807,-0.4241,-0.4133,-0.1839,-0.1063,-0.2510,-0.0776,-0.4560,-0.2322,-0.1054,-0.3112,-0.1441,-0.3765,-0.4183,-0.2656,-0.2052,-0.1595,-0.3831,-0.2280,-0.3022,-0.2390,-0.1878,-0.2891,-0.1619,-0.3065,-0.3610,-0.2885,-0.1566,-0.2692,-0.2458,-0.2115,-0.1080,-0.2689,-0.1043,-0.2130,-0.2229,-0.4212,-0.2166,-0.2452,-0.3595,-0.3111,-0.2624,-0.0807,-0.2045,-0.2120,-0.3028,-0.2412,-0.0385,-0.0928,-0.2968,-0.2178,-0.2141,-0.0724,-0.3168,-0.1318,-0.1801,-0.3197,-0.0760,-0.2140,-0.1767,-0.4017,-0.3157,-0.2208,-0.1816,-0.2230,-0.1436,-0.0748,-0.2788,-0.1938,-0.1199,-0.1814,-0.1208,-0.2944,-0.1285,-0.1506,-0.2829,-0.3121,-0.1937,-0.4491,-0.0635,-0.4058,-0.2222,-0.1693,-0.2128,-0.2861,-0.2777,-0.2722,-0.0904,-0.1724,-0.2540,-0.1548,-0.1716,-0.2566,-0.0488,-0.1345,-0.0729,-0.3673,-0.1911,-0.5176,-0.2275,-0.1453,-0.1744,-0.0950,-0.2732,-0.1683,-0.1965,-0.1652,-0.0782,-0.1883,-0.1402,-0.2509,-0.0201,-0.1061,-0.3631,-0.1302,-0.1504,-0.2010,-0.2735,-0.3874,-0.1342,-0.2180,-0.2176,-0.4104,-0.2886,-0.1954,-0.1799,-0.4170,-0.1737,-0.1877,-0.1582,-0.3012,-0.1308,-0.1713,-0.3168,-0.4833,-0.2628,-0.2789,-0.1286,-0.2471,-0.2325,-0.3419,-0.2416,-0.1531,-0.4806,-0.0487,-0.2228,-0.2283,-0.0676,-0.1647,-0.1331,-0.1762,-0.1314,-0.4043,-0.3121,-0.2188,-0.0790,-0.1469,-0.3166,-0.1023,-0.2398,-0.1886,-0.1447,-0.2847,-0.2812,-0.1300,-0.1251,-0.2276,-0.1191,-0.1417,-0.3097,-0.1918,-0.2568,-0.0370,-0.3443,-0.3599,-0.2997,-0.1944,-0.3531,-0.1162,-0.2387,-0.0248,-0.3379,-0.3015,-0.1290,-0.3200,-0.1769,-0.3037,-0.1547,-0.2564,-0.3071,-0.2120,-0.1995,-0.0891,-0.3587,-0.1842,-0.3363,-0.1680,-0.2227,-0.2415,-0.1471,-0.2031,-0.1811,-0.2548,-0.1303,-0.1792,-0.0923,-0.3898,-0.1546,-0.2798,-0.1893,-0.1428,-0.1775,-0.0864,-0.2891,-0.5538,-0.1264,-0.0528,-0.1815,-0.2508,-0.2660,-0.2406,-0.2442,-0.1187,-0.1503,-0.2560,-0.3527,-0.2834,-0.2180,-0.4801,-0.1687,-0.2792,-0.2383,-0.3881,-0.1945,-0.1697,-0.1439,-0.2677,-0.1926,-0.3042,-0.2111,-0.0901,-0.0822,-0.4770,-0.1956,-0.1908,-0.2405,-0.1528,-0.1671,-0.1221,-0.3442,-0.3053,-0.2945,-0.3630,-0.2528,-0.4824,-0.2063,-0.2152,-0.3499,-0.2775,-0.2545,-0.3556,-0.3610,-0.3931,-0.0652,-0.2269,-0.3996,-0.1168,-0.4362,-0.3247,-0.2952,-0.1675,-0.3253,-0.4206,-0.4193,-0.5316,-0.1184,-0.3359,-0.0319,-0.5784,-0.2997,-0.3772,-0.4100,-0.1655,,-0.4326,-0.0868,-0.4239,-0.4751,-0.5983,-0.3531
A,LEU,50,-0.0110,-0.0033,-0.0628,-0.0033,-0.0036,-0.0035,-0.0468,-0.0033,-0.0488,-0.0354,-0.0306,-0.0144,-0.0111,-0.0919,-0.0285,-0.0243,-0.0577,-0.0355,-0.0226,-0.0108,-0.0135,-0.0550,-0.0250,-0.0103,,-0.0142,-0.0432,-0.0199,-0.0033,-0.0263,-0.0032,-0.0303,,-0.0084,-0.0523,-0.0125,-0.0038,-0.0509,-0.0756,,-0.0200,-0.0187,-0.0121,-0.0156,-0.0164,,-0.0065,-0.0191,-0.0328,-0.0030,-0.0696,-0.0449,-0.0074,-0.0040,-0.0585,-0.0063,-0.0569,-0.0201,-0.0040,-0.0422,-0.0084,-0.0186,-0.0223,-0.0279,-0.0077,-0.0136,,-0.0444,-0.0207,,-0.0433,-0.0484,-0.0426,-0.0145,-0.0070,,-0.0320,-0.0184,-0.0436,-0.0458,-0.0087,-0.0032,-0.0135,-0.0235,,-0.0102,,-0.0032,-0.0113,,-0.0037,,-0.0267,-0.0456,-0.0116,-0.0647,-0.0587,-0.0355,-0.0073,-0.0387,-0.0155,-0.0028,,-0.0340,,-0.0098,,-0.0592,-0.0260,-0.0038,,-0.0040,,-0.0117,,-0.0088,-0.0199,-0.0288,-0.0184,,-0.0601,-0.0439,-0.0207,-0.0298,-0.0037,-0.0030,-0.0506,-0.0097,-0.0074,-0.0303,,-0.0028,-0.0198,-0.0600,-0.0074,-0.0183,,,-0.0050,,-0.0079,-0.0115,-0.0045,-0.0389,-0.0089,,,-0.0476,-0.0442,-0.0032,,,,-0.0400,-0.0170,-0.0605,-0.0515,,,-0.0463,-0.0396,-0.0167,-0.0567,-0.0242,-0.0840,,-0.0224,,-0.0309,,-0.0161,,-0.0242,-0.0033,-0.0045,-0.0759,,-0.0776,-0.0262,-0.0068,-0.0027,-0.0165,-0.0192,,,-0.0141,-0.0126,-0.0332,-0.0139,-0.0127,-0.0043,-0.0356,-0.0124,-0.0216,-0.0479,-0.0624,-0.0860,-0.0298,-0.0037,-0.0040,-0.0161,,-0.0129,-0.0322,-0.0034,-0.0037,-0.0192,-0.0111,-0.0034,,-0.0110,-0.0084,-0.0066,-0.0034,-0.0069,-0.0583,-0.0552,-0.0119,,,-0.0161,-0.0223,-0.0285,,-0.0104,-0.0079,-0.0170,-0.0343,-0.0502,-0.0465,-0.0381,-0.0556,,-0.0309,-0.0178,-0.0042,-0.0077,-0.0125,,-0.0215,,-0.0699,-0.0040,,-0.0366,,-0.0033,-0.0129,-0.0110,-0.0282,-0.0428,,-0.0304,-0.0120,-0.0556,-0.0125,-0.0074,-0.0852,-0.0294,-0.0105,-0.0966,-0.0048,-0.0392,,-0.0362,,-0.0171,,,-0.0163,-0.0154,-0.0105,-0.0213,-0.0200,,,,-0.0613,-0.0173,-0.0073,-0.1300,,-0.0419,-0.0096,-0.0084,,-0.0319,-0.0459,-0.0123,-0.0037,-0.0034,-0.0337,-0.0154,,-0.0149,-0.0575,-0.0711,-0.0388,,-0.0189,-0.0032,-0.0244,-0.0034,-0.0032,-0.0137,,-0.0031,,,-0.0257,,-0.0575,,-0.0286,-0.0761,,-0.0746,,-0.0301,-0.0390,-0.0208,-0.0936,-0.0078,-0.0439,-0.0181,,,-0.0220,,,-0.0032,,-0.0129,,-0.0090,-0.0551,-0.0035,-0.0829,-0.0286,-0.0171,-0.0037,-0.0075,,-0.0466,-0.0042,-0.0167,,,-0.0266,,,-0.0036,-0.0509,-0.0078,-0.0791,-0.0340,,,,-0.0160,,-0.0225,-0.0126,,,-0.0867,,-0.2174,-0.2174,-0.0074,
A,ASN,51,,,,,,,-0.0034,,,,,,,,,,-0.0040,,,,,-0.0037,,,,,-0.0037,,,,,,,,-0.0036,,,-0.0041,-0.0036,,,,,,,,,,,,,,,,,,,,,-0.0072,,,,,,,,,,,,-0.0037,,,,,-0.0035,,,-0.0038,,,,,,,,,,,,,,-0.0035,,,,,,,,,,,,,,,,,,,,,,,,,,,-0.0121,-0.0034,,,,,,,,,,,,,,,,,,,,,,,,,,,,,,,,,,,,,,-0.0039,,,,,,,,,,,,,,,,,,-0.0122,,,,,,,,,,,,,,,,,-0.0043,,,,,,,,,,,,,,,,,,,,,-0.0080,-0.0041,,,,,,,,,,,,,,,,,,,,,,,,,,,,,,,,,,,,,,-0.0081,,,,,,,,,,,,,,,,,,,,,,,,,,,,,,,,,-0.0037,,,,,,,,-0.0036,,,,,,,,,,,,,,,,,,,,,,,,,,,,-0.0038,,,,,,,,,,,,,,,,,,,,,,,,,,,,,,,-0.0120,,,,,,,,,,,-0.0034,,-0.0035,-0.0035,,
A,PRO,52,-0.0036,,-0.0211,,-0.0136,,-0.0547,,-0.0403,,-0.0302,-0.0221,,-0.0183,,-0.0339,-0.0548,-0.0459,-0.0069,-0.0294,,-0.0382,,,,,-0.0550,,,-0.0271,,-0.0507,,,-0.0469,-0.0358,-0.0078,-0.0472,-0.0532,,-0.0310,-0.0357,-0.0137,,,,,,-0.0420,,,-0.0129,,,-0.0033,,-0.0288,,,-0.0578,,,-0.0131,,-0.0175,-0.0293,,,,,-0.0488,-0.0503,-0.0412,-0.0176,-0.0093,,-0.0281,,,-0.0280,,,-0.0248,,,,,,-0.0269,,,,,-0.0378,-0.0180,-0.0404,,,-0.0115,-0.0179,-0.0081,,,,,,,-0.0493,,,,,,,,,,-0.0179,,,-0.0616,-0.0460,-0.0411,,,,-0.0175,,,,,,,,,,,,,,,-0.0215,-0.0035,,,,,,-0.0338,,,,,-0.0403,,,-0.0543,,,-0.0454,,-0.0165,,,,-0.0073,-0.0507,,,,,,,,,,,-0.0574,,,,,,,,,,,,,,,,,-0.0466,,,,,,,,,-0.0279,,,,-0.0301,,,,,,,,-0.0583,-0.0584,,,,,,,,-0.0136,,,,,,,,,-0.0126,-0.0072,,,,,,,,,,-0.0332,,,,,,-0.0360,,-0.0175,,-0.0571,-0.0174,,,-0.0075,,,,-0.0383,,,,,-0.0037,,,,,,,,,,,,,,,,,,,,-0.0381,,,,,,,,-0.0445,,,,-0.0205,,,,,,,-0.0079,,,-0.0422,,,,-0.0279,,,,,,,,,,-0.0539,,,,,,,-0.0041,,,,,-0.0592,,,,,,,,,,,,,-0.0240,,,,,-0.0037,-0.0460,-0.0384,,,,-0.0188,,,-0.0185,,,-0.0078,,,,-0.0084,
A,TYR,54,-0.0335,-0.0190,-0.0709,,-0.0571,-0.0028,-0.1151,,-0.0706,,-0.0843,-0.0632,,-0.0664,-0.0034,-0.0817,-0.1046,-0.1053,-0.0177,-0.0875,,-0.0994,,-0.0133,-0.0033,-0.0129,-0.1189,,-0.0027,-0.0629,,-0.1119,,,-0.1003,-0.0992,-0.0499,-0.1003,-0.0863,,-0.0866,-0.0948,-0.0401,-0.0036,,,,,-0.0964,,,-0.0627,,-0.0075,-0.0169,,-0.0754,,-0.0067,-0.1103,,-0.0152,-0.0515,,-0.0623,-0.0836,,,,-0.0034,-0.1005,-0.1091,-0.0820,-0.0632,-0.0531,,-0.0660,-0.0163,,-0.0667,,,-0.0831,-0.0563,,-0.0033,,,-0.0861,,,,,-0.0870,-0.0613,-0.0736,-0.0045,-0.0043,-0.0428,-0.0559,-0.0173,-0.0130,,-0.0167,,-0.0048,-0.0078,-0.0880,,,,,,-0.0042,,,-0.0127,-0.0786,-0.0122,,-0.1070,-0.0896,-0.0995,,,,-0.0616,-0.0028,,,,,-0.0043,,-0.0267,,,-0.0038,,,,-0.0787,-0.0388,-0.0048,,,,,-0.0814,-0.0137,,,,-0.0733,,,-0.1095,-0.0181,,-0.0879,,-0.0435,,,-0.0086,-0.0387,-0.1117,,,,,,,,,,,-0.1068,,-0.0450,-0.0046,,,,-0.0168,,-0.0275,,,,,-0.0044,,,-0.1036,,,-0.0130,,-0.0318,,,-0.0102,-0.0669,,-0.0039,,-0.0911,-0.0036,-0.0085,,-0.0155,-0.0041,,,-0.1293,-0.1066,,,-0.0091,-0.0044,,-0.0047,,-0.0581,,,,,,-0.0035,,,-0.0364,-0.0521,,,,,,,,,-0.0234,-0.0847,,,-0.0192,,,-0.0708,-0.0030,-0.0427,,-0.1100,-0.0623,,-0.0034,-0.0382,,,,-0.1101,-0.0044,,,,-0.0435,-0.0178,-0.0044,,,-0.0081,,,,-0.0039,,-0.0125,-0.0033,-0.0033,,,-0.0084,,,,-0.0958,-0.0137,-0.0038,-0.0032,,,,,-0.1111,,,-0.0040,-0.0667,-0.0164,,,,,,-0.0397,,,-0.1082,,,-0.0033,-0.0704,,,,-0.0075,,-0.0075,-0.0041,,,-0.1162,-0.0033,-0.0032,,-0.0035,,,-0.0490,,,-0.0027,-0.0037,-0.1056,-0.0135,-0.0126,-0.0074,,-0.0128,-0.0029,-0.0036,,,,-0.0034,,-0.1016,,,,-0.0083,-0.0238,-0.0669,-0.1024,,-0.0034,,-0.1156,,-0.0134,-0.0618,-0.0076,,-0.0172,,,,-0.1004,-0.0040
A,CYS,85,,,,,,,,,,,,,,,,,,,,,,,,,,,,,,,,,,,,,,,,,,,,,,,,,,,,,,,,,,,,,,,,,,,,,,,,,,,,,,,,,,,,,,,,,,,,,,,,,,,,,,,,,,,,,,,,,,,,,,,,,,,,,,,,,,,,,,,,,,,,,,,,,,,,,,,,,,,,,,,,,,,,,,,,,,,,,,,,,,,,,,,,,,,,,,,,,,,,,,,,,,,,,,,,,,,,,,,,,,,,,,,,,,,,,,,,,,,,,,,,,,,,,,,,,,,,,,,,,,,,,,,-0.0035,,,,,,,,,,,,,,,,,,,,,,,,,,,,,,,,,,,,,,,,,,,,,,,,,,,,,,,,,,,,,,,,,,,,,,,,,,,,,,,,,,,,,,,,,,,,,,,,,-0.0033,,,,,,,,,,,
A,CYS,117,-0.0029,-0.0042,-0.0033,,-0.0032,,-0.0045,-0.0035,,,,,-0.0032,,,-0.0147,,,,,,,,,-0.0049,,,-0.0047,,,,,,-0.0049,,,,,,,,,,,,,,,,,,-0.0041,-0.0033,,,-0.0035,,,,-0.0040,-0.0039,,-0.0082,,,,-0.0047,-0.0037,,,,,,,,-0.0048,,,-0.0028,,,,,,-0.0048,,,,,,,,,,-0.0035,,,,,,,,,,,,,,,-0.0034,,,,,,,-0.0034,,,,,,,,,,,,,,,,,,,,,,,-0.0046,,,,,-0.0040,,-0.0034,,,,,-0.0035,,,,,,,,,,-0.0034,-0.0048,,,-0.0036,,,,,,-0.0047,,,,,,,-0.0046,,,,,,,,,,,,,,,,,,,,,,,,,-0.0040,,,,,,-0.0071,,,,,,,,,,,,,,,,,,,,,,,,,-0.0039,,,,,,,,,,,,,,,,,,,,,,,,,,,,,,,,,-0.0032,,,,,,,,,,,,,,,,,,,,,,,,,,,,,,,,,,,,,,,,,,-0.0078,,,,,,,,,,,,,,,,,,,,,,,,-0.0037,,,,,,,,,,,,,-0.0040,,,-0.0032,,,,,-0.0042,-0.0035,,-0.0085,,,,,-0.0047,-0.0140,-0.0038,-0.0039,-0.0080,,,-0.0046,-0.0046
A,TYR,118,-0.0850,-0.0530,-0.0623,-0.0648,-0.0589,-0.0209,-0.0582,-0.0701,-0.0339,-0.0110,-0.0113,-0.0360,-0.0378,-0.0390,,-0.0799,,,-0.0346,-0.0235,-0.0168,-0.0334,-0.0265,-0.0114,-0.0662,-0.0323,-0.0038,-0.0654,-0.0344,-0.0222,-0.0198,-0.0341,-0.0197,-0.0617,-0.0067,-0.0082,-0.0224,,-0.0038,-0.0199,,-0.0077,,-0.0239,-0.0147,-0.0081,-0.0225,-0.0032,-0.0128,,-0.0306,-0.0277,-0.0321,-0.0166,-0.0208,-0.0507,-0.0123,-0.0064,-0.0036,-0.0582,-0.0443,-0.0302,-0.0702,-0.0115,,-0.0140,-0.0764,-0.0525,-0.0399,-0.0267,,-0.0072,,-0.0123,-0.0234,-0.0964,,-0.0182,-0.0362,,-0.0421,-0.0161,,-0.0044,-0.0964,-0.0349,-0.0075,-0.0215,-0.0322,-0.0537,-0.0489,-0.0512,-0.0185,,-0.0493,,-0.0406,-0.0164,,,-0.0174,-0.0124,-0.0125,-0.0217,-0.0074,-0.0043,,-0.0158,-0.0336,-0.0404,,-0.0033,-0.0378,-0.0301,-0.0307,-0.0294,-0.0598,-0.0077,-0.0033,-0.0450,,,-0.0233,-0.0355,-0.0117,-0.0037,,,-0.0566,-0.0165,-0.0260,-0.0422,,-0.0171,-0.0325,,-0.0391,-0.0413,-0.0032,-0.0628,-0.0072,-0.0250,-0.0036,-0.0303,-0.0512,-0.0288,-0.0349,-0.0033,,-0.0196,-0.0415,-0.0600,,-0.0028,-0.0344,-0.0259,,-0.0289,-0.0265,-0.0580,-0.0209,-0.0449,-0.0955,-0.0073,,-0.0399,,,-0.0377,-0.0163,,-0.0668,,-0.0209,-0.0360,,-0.0161,,-0.0583,-0.0394,-0.0041,-0.0248,,,-0.0247,-0.0259,,-0.0468,-0.0491,,-0.0272,,-0.0216,-0.0169,,-0.0040,,,,-0.0395,,-0.0130,-0.0079,-0.0278,,-0.0283,,-0.0040,-0.0173,-0.0603,,-0.0122,-0.0202,-0.0159,-0.0037,-0.0325,,-0.0301,-0.0340,,-0.0075,-0.0117,-0.0086,-0.0451,-0.0038,,-0.0199,,-0.0313,,,-0.0215,-0.0038,,-0.0442,,-0.0081,-0.0566,,,,-0.0396,-0.0166,-0.0071,,,-0.0303,,-0.0549,-0.0123,-0.0192,-0.0440,,,,-0.0302,-0.0117,,,,,,,,-0.0275,-0.0081,,-0.0502,-0.0038,-0.0130,,,,-0.0222,-0.0550,,-0.0433,-0.0167,,,,-0.0378,,,,-0.0086,-0.0163,,-0.0037,-0.0258,,,-0.0155,-0.0208,-0.0343,,,,-0.0546,,-0.0172,-0.0123,-0.0086,,,,,-0.0039,,-0.0810,-0.0306,,,-0.0628,,-0.0432,,-0.0077,,,-0.0375,,-0.0845,-0.0460,,,-0.0085,-0.0442,,-0.0177,-0.0072,-0.0080,-0.0206,-0.0109,-0.0079,-0.0514,-0.0219,,-0.0077,-0.0037,-0.0187,-0.0034,,,,,-0.0179,-0.0155,,-0.0352,-0.0163,-0.0318,-0.0073,,-0.0563,-0.0412,-0.0244,-0.0871,-0.0043,,-0.0042,,-0.0472,-0.1243,-0.1329,-0.0636,-0.1606,,,-0.0524,-0.0671
A,ASN,119,-0.0392,,,,,,,,,,,,,,,,,,,,,,,,,,,,,,,,,,,,,,,,,,,,,-0.0039,,,,,,,,,,,,,,,,,,,,,,,,,,,,,,,,,,,,,,,,,,,,,,,,,,,,,,,,,,,,,,,,,,,,,,,,,,,,,,,,,,,,,,,,,,,,,,,,,,,,,,,,,,,,,,,,,,,,,,,,,,,,,,,,,,,,,,-0.0148,,,,,,,,,,,,,,,,,,,,,,,,,,,,,,,,,,,,,,,,,,-0.0505,,,,,,,,,,,,,,,,,,,,,,,,,,,,,,,,,,,-0.0452,,,,,,,,,-0.0237,,,,,,,,,,,-0.0831,,,,,,,,,,,,,,,,,,,,,,,,,,,,,,,,,,,,,,,,,,,,,,,-0.0635,,,,,,,,-0.0030,,-0.0107,,,,,,,,,,,,,-0.0038,,,,,,,,-0.0035,,,-0.0303,,,,,-0.0143,,,-0.0383,,,,-0.0113,-0.0111
A,TYR,126,,,,,,,,,,,,,,,,,,,,,,,,,,,,,,,,,,,,,,,,,,,,,,,,,,,,,,,,,,,,,,,,,,,,,,,,,,,,,,,,,,,,,,,,,,,,,,,,,,,,,,,,,,,,,,,,,,,,,,,,,,,,,,,,,,,,,,,,,,,,,,,,,,,,,,,,,,,,,,,,,,,,,,,,,,,,,,,,,,,,,,,,,,,,,,,,,,,,,,,,,,,,,,,,,,,,,,,,,,,,,,,,,,,,,,,,,,,,,,,,,,,,,,,,,,,,,,,,,,,,,,,,,,,,,,,,,,,,,,,,,,,,,,,,,,,,,,,,,,,-0.0031,,,,,,,,,,,,,,,,,,,,,,,,,,,,,,,,,,,,,,,,,,,,,,,,,,,,,,,,,,,,,,,,,,-0.0045,,-0.0035,,,,
A,GLY,138,-0.0075,,-0.0073,,-0.0067,,,-0.0032,,,,,,,,,,,,,,-0.0070,,,,-0.0036,,,-0.0037,,,,,,,,,,,,,,,,,,,,,,,,,,,,,,,,,,,,,,,,,,,,,,,-0.0077,,,,,,,,,,,,,,,,-0.0063,,,,,,,,,,,,,,,,,,-0.0122,,,,,,,,,,,,,,,,,,,,,,,,,,,,,,,,,,,,,,,,,,,,,,,,,,-0.0069,,,,,,,,,,,,,,,,,,,,,,,,,,,,,,,,,,,,,,,,,,,,,,,,,,,,,,,,,,,,,,,,,,,,,,,,,,,,,,,,,,,,,,,,,,,,,,,,,,,,,,,,,,,,,,,,,,,,,,,,,,,,,,,,,,,,,,,,,,,-0.0163,,,,,,,,,,,,,,,,,,,,,,-0.0170,,,,,,,,,,,,,,-0.0073,-0.0243,-0.0063,,,,-0.0027,,,,,,,,,,,,,,-0.0037,,,,,,,,,,-0.0318,,-0.0121,,,,
A,SER,139,-0.0397,-0.0338,-0.0401,-0.0209,-0.0360,-0.0163,-0.0035,-0.0304,-0.0267,-0.0073,-0.0044,-0.0128,-0.0258,-0.0135,,-0.0139,,,-0.0270,-0.0168,-0.0104,-0.0399,-0.0123,-0.0037,-0.0033,-0.0267,,-0.0094,-0.0270,,,-0.0291,-0.0043,-0.0035,,,-0.0179,,,-0.0122,,,,-0.0174,-0.0043,-0.0077,-0.0186,,-0.0043,,-0.0160,,-0.0116,,-0.0088,-0.0201,,,,-0.0200,-0.0195,,-0.0131,-0.0066,,-0.0129,-0.0249,-0.0202,-0.0218,-0.0219,,,,,-0.0125,-0.0421,,,-0.0172,,-0.0225,-0.0044,,,-0.0435,-0.0309,,-0.0230,-0.0046,-0.0301,-0.0140,-0.0422,,,-0.0305,,-0.0305,-0.0046,-0.0035,,,-0.0041,,-0.0084,-0.0037,,,-0.0261,-0.0343,-0.0447,,,-0.0131,,-0.0263,-0.0255,-0.0098,-0.0044,-0.0040,-0.0440,,,-0.0231,-0.0075,-0.0039,-0.0032,,,-0.0301,-0.0048,-0.0079,-0.0330,,-0.0085,-0.0043,,-0.0168,-0.0255,-0.0042,-0.0073,-0.0038,-0.0088,,-0.0138,-0.0191,,-0.0104,-0.0044,,-0.0080,-0.0301,-0.0118,,-0.0078,-0.0213,-0.0043,,,,-0.0468,-0.0230,,-0.0436,,,,,,-0.0044,-0.0136,,-0.0038,,-0.0350,-0.0305,,-0.0116,,-0.0165,-0.0121,,-0.0046,,,,,,-0.0281,,,-0.0255,,-0.0047,,,,,,,-0.0323,,,,-0.0076,,-0.0076,,-0.0038,,,,,-0.0086,,,,,-0.0211,-0.0039,,,,,,,,,,-0.0304,,,-0.0256,,,,,,-0.0312,,,,,-0.0090,-0.0130,,,,,-0.0313,,-0.0211,,,,,,-0.0043,,,,,,,-0.0041,,,,-0.0044,,-0.0037,,,,-0.0126,-0.0230,,,-0.0040,,,,-0.0305,,,,,-0.0214,,,,,,,,,,,,-0.0644,,,,-0.0046,,,,,-0.0042,,,-0.0419,,,-0.0206,,,,,,,-0.0612,,-0.0366,,,,,-0.0240,-0.0044,-0.0221,-0.0041,,,,-0.0237,-0.0525,-0.0444,,-0.0048,,-0.0383,-0.0144,,,,,,,,,,-0.0263,-0.0089,,-0.0321,,-0.0173,-0.0043,-0.0032,,,,,-0.0039,-0.0937,-0.0128,-0.0681,,,,
A,PHE,140,-0.2966,-0.3070,-0.3064,-0.2874,-0.3081,-0.2322,-0.2266,-0.3069,-0.2227,-0.3094,-0.1662,-0.2870,-0.1704,-0.3025,-0.1745,-0.4236,-0.1419,-0.1011,-0.3180,-0.2724,-0.2236,-0.2478,-0.2533,-0.1609,-0.2188,-0.2667,-0.0527,-0.3157,-0.2480,-0.2244,-0.1231,-0.2617,-0.2767,-0.2740,-0.2070,-0.1896,-0.1485,-0.1861,-0.1437,-0.2854,-0.0455,-0.1764,-0.0440,-0.2089,-0.2934,-0.2422,-0.2679,-0.1724,-0.1884,-0.1081,-0.2378,-0.2169,-0.2446,-0.1698,-0.2865,-0.3058,-0.1722,-0.1641,-0.1236,-0.3025,-0.3135,-0.2206,-0.3939,-0.2014,-0.1426,-0.1614,-0.3945,-0.2694,-0.2629,-0.2746,-0.1226,-0.1114,-0.0043,-0.1841,-0.1695,-0.3655,-0.0944,-0.1903,-0.3227,-0.1542,-0.1913,-0.2046,-0.0724,-0.0845,-0.3745,-0.2794,-0.1424,-0.2185,-0.2324,-0.3163,-0.2822,-0.4112,-0.2333,-0.0653,-0.3451,-0.0856,-0.2382,-0.2578,-0.2500,-0.0224,-0.0750,-0.2055,-0.0892,-0.1781,-0.1946,-0.1333,-0.0332,-0.2650,-0.2813,-0.3802,-0.0872,-0.2078,-0.3057,-0.1525,-0.2219,-0.2947,-0.2901,-0.0897,-0.1756,-0.2801,-0.0766,-0.0959,-0.2550,-0.3029,-0.2018,-0.1961,-0.0033,-0.0991,-0.2976,-0.1609,-0.2333,-0.2911,-0.0838,-0.1952,-0.2662,-0.0385,-0.2811,-0.2976,-0.1825,-0.2938,-0.1934,-0.1869,-0.0754,-0.1963,-0.2789,-0.1514,-0.2700,-0.1590,-0.0739,-0.2355,-0.2232,-0.2527,-0.0678,-0.1597,-0.2316,-0.1946,-0.0406,-0.1476,-0.1600,-0.4261,-0.2945,-0.2127,-0.3671,-0.1178,-0.0138,-0.1851,-0.0872,-0.0600,-0.2084,-0.2347,-0.1039,-0.2717,-0.1690,-0.2436,-0.2493,-0.0697,-0.2624,-0.0860,-0.3236,-0.1936,-0.1299,-0.2632,-0.0470,-0.0838,-0.1636,-0.2357,-0.0537,-0.2561,-0.2983,-0.0329,-0.2760,-0.0645,-0.2469,-0.1828,-0.0891,-0.1251,-0.0911,-0.0596,-0.1269,-0.2690,-0.1378,-0.2035,-0.1396,-0.2518,-0.1413,-0.2360,-0.0769,-0.0951,-0.1654,-0.2329,-0.1209,-0.0702,-0.1607,-0.1115,-0.0882,-0.1888,-0.0362,-0.2542,-0.2793,-0.0578,-0.2064,-0.1004,-0.1252,-0.2715,-0.0380,-0.2184,-0.1913,-0.0911,-0.2407,-0.0629,-0.0882,-0.2502,-0.1753,-0.0350,-0.2131,-0.0667,-0.1804,-0.2760,-0.0286,-0.1040,-0.0826,-0.3032,-0.1564,-0.1513,-0.0442,-0.0582,-0.1984,-0.1142,-0.2681,-0.1068,-0.1867,-0.2836,-0.0497,-0.1393,-0.0427,-0.2103,-0.0945,-0.0984,-0.0649,-0.0433,-0.1746,-0.0479,-0.0354,-0.1669,-0.1870,-0.1447,-0.1050,-0.2614,-0.1899,-0.1500,-0.0556,-0.0360,-0.0687,-0.1971,-0.2462,-0.1330,-0.1095,-0.1583,-0.0117,-0.0379,-0.0263,-0.2807,-0.0705,-0.0248,-0.1072,-0.2117,-0.1469,-0.1001,-0.1024,-0.2013,-0.0355,-0.0295,-0.2276,-0.2300,-0.2399,-0.1496,-0.1965,-0.1460,-0.3960,-0.0687,-0.0861,-0.0402,-0.1913,-0.0330,-0.0370,-0.0427,-0.1048,-0.2235,-0.0844,-0.1434,-0.2731,-0.1385,-0.0324,-0.3700,-0.0110,-0.3144,-0.0868,-0.1691,-0.0391,-0.1010,-0.3859,-0.1326,-0.3032,-0.1042,-0.0461,-0.1270,-0.1498,-0.2688,-0.2091,-0.2087,-0.1357,-0.1805,-0.1687,-0.1044,-0.3232,-0.2988,-0.2697,-0.0923,-0.1481,-0.1150,-0.2632,-0.2897,-0.1192,-0.1417,-0.0140,-0.0445,-0.1109,-0.2526,-0.1241,-0.1232,-0.1929,-0.2372,-0.2083,-0.0856,-0.3194,-0.2363,-0.2263,-0.3482,-0.3109,-0.0075,-0.1178,-0.1050,-0.1055,-0.4699,-0.4769,-0.2196,-0.5061,-0.0027,-0.0027,-0.0243,-0.1517
A,LEU,141,-0.3358,-0.3852,-0.3433,-0.3108,-0.3433,-0.2074,-0.2789,-0.3352,-0.2720,-0.3792,-0.2793,-0.2692,-0.2586,-0.2897,-0.1844,-0.4381,-0.2805,-0.1602,-0.2473,-0.3123,-0.2591,-0.2561,-0.2322,-0.2691,-0.2315,-0.3113,-0.2291,-0.2480,-0.3106,-0.1945,-0.2270,-0.2629,-0.4067,-0.3962,-0.2294,-0.2597,-0.2581,-0.1981,-0.1319,-0.3454,-0.1489,-0.2349,-0.1503,-0.1704,-0.3528,-0.2855,-0.3264,-0.1769,-0.2520,-0.1451,-0.2676,-0.2233,-0.2529,-0.2458,-0.2608,-0.2884,-0.1620,-0.1971,-0.3417,-0.2849,-0.3084,-0.1963,-0.3852,-0.2215,-0.1484,-0.2157,-0.4151,-0.2677,-0.2269,-0.3044,-0.2807,-0.1689,-0.0201,-0.1690,-0.2776,-0.4222,-0.1874,-0.2433,-0.4018,-0.2167,-0.2667,-0.3129,-0.1702,-0.1173,-0.4413,-0.3174,-0.2021,-0.2347,-0.3009,-0.3836,-0.2569,-0.4589,-0.3173,-0.1811,-0.4076,-0.1485,-0.2016,-0.2457,-0.2750,-0.0423,-0.1517,-0.2006,-0.1417,-0.1455,-0.2750,-0.2150,-0.1937,-0.2785,-0.3267,-0.4874,-0.2355,-0.2277,-0.3354,-0.2046,-0.1519,-0.3313,-0.2942,-0.2640,-0.2433,-0.2988,-0.1135,-0.2005,-0.2753,-0.2817,-0.2677,-0.3449,-0.0032,-0.2912,-0.3173,-0.1889,-0.3624,-0.3318,-0.1401,-0.1477,-0.2586,-0.1339,-0.3145,-0.3951,-0.1585,-0.3245,-0.2501,-0.2965,-0.2104,-0.1537,-0.2458,-0.2096,-0.2490,-0.1396,-0.1475,-0.2984,-0.3561,-0.3067,-0.1477,-0.2287,-0.2140,-0.1250,-0.0936,-0.1797,-0.2406,-0.4565,-0.3502,-0.2802,-0.4252,-0.2596,-0.0271,-0.2096,-0.1973,-0.1859,-0.1714,-0.1995,-0.2492,-0.3552,-0.2208,-0.2911,-0.2111,-0.0675,-0.3025,-0.1818,-0.2665,-0.2544,-0.1446,-0.2391,-0.1749,-0.1369,-0.2332,-0.2735,-0.1171,-0.3649,-0.2440,-0.1011,-0.3697,-0.1513,-0.2200,-0.1134,-0.2150,-0.1554,-0.0951,-0.1408,-0.2891,-0.3242,-0.2315,-0.2775,-0.2146,-0.2278,-0.3183,-0.3346,-0.2106,-0.2255,-0.2291,-0.2226,-0.2331,-0.1528,-0.1891,-0.2895,-0.2102,-0.2755,-0.1322,-0.3936,-0.3261,-0.2145,-0.2295,-0.2570,-0.1048,-0.2535,-0.1523,-0.2779,-0.1740,-0.1706,-0.2203,-0.1966,-0.0999,-0.2362,-0.2836,-0.1591,-0.2808,-0.2155,-0.1965,-0.3112,-0.1389,-0.1288,-0.2295,-0.3505,-0.3042,-0.3184,-0.1625,-0.1844,-0.2472,-0.1761,-0.2478,-0.2526,-0.2559,-0.2977,-0.1657,-0.1612,-0.1230,-0.2182,-0.2588,-0.1312,-0.1894,-0.0408,-0.2701,-0.1041,-0.0961,-0.3842,-0.2373,-0.2486,-0.2249,-0.3019,-0.2636,-0.1453,-0.1799,-0.0486,-0.1763,-0.2313,-0.3011,-0.2912,-0.2803,-0.2266,-0.0510,-0.0796,-0.0993,-0.2820,-0.2625,-0.0900,-0.1235,-0.3295,-0.1252,-0.2150,-0.1621,-0.2951,-0.0600,-0.0800,-0.3366,-0.2285,-0.2415,-0.3008,-0.2590,-0.2066,-0.4951,-0.1085,-0.1511,-0.2138,-0.3791,-0.0464,-0.1508,-0.1911,-0.2428,-0.4035,-0.2446,-0.2672,-0.2817,-0.3120,-0.0542,-0.4121,-0.0260,-0.4045,-0.1307,-0.3466,-0.1207,-0.2466,-0.5043,-0.1847,-0.3328,-0.2513,-0.1096,-0.2192,-0.3406,-0.2764,-0.2481,-0.2557,-0.2860,-0.2689,-0.3623,-0.2767,-0.4431,-0.3586,-0.3199,-0.1674,-0.3121,-0.2419,-0.3220,-0.3296,-0.2082,-0.2293,-0.0033,-0.1126,-0.2988,-0.3122,-0.2484,-0.2059,-0.4214,-0.2877,-0.3865,-0.1911,-0.4234,-0.2493,-0.2843,-0.3875,-0.3801,-0.1585,-0.2865,-0.0946,-0.3516,-0.3517,-0.5433,-0.3261,-0.5875,-0.0038,,-0.2564,-0.4586
A,ASN,142,-0.7810,-0.7610,-0.6607,-0.6717,-0.6845,-0.3969,-0.5089,-0.6898,-0.4514,-0.6945,-0.5328,-0.4062,-0.5950,-0.4071,-0.5443,-0.7611,-0.7375,-0.4152,-0.4561,-0.6063,-0.6575,-0.4439,-0.4625,-0.6024,-0.6041,-0.4380,-0.6484,-0.6316,-0.7063,-0.4730,-0.5842,-0.5961,-0.6741,-0.7632,-0.6602,-0.5239,-0.5469,-0.5036,-0.3223,-0.7586,-0.3497,-0.5155,-0.3906,-0.3259,-0.7310,-0.8962,-0.5945,-0.6103,-0.4427,-0.3292,-0.5114,-0.4545,-0.4754,-0.6312,-0.3969,-0.5604,-0.3419,-0.7124,-0.6058,-0.5917,-0.6026,-0.5340,-0.7613,-0.5456,-0.3782,-0.4760,-0.8123,-0.5817,-0.5285,-0.5392,-0.4188,-0.3401,-0.1457,-0.3928,-0.6411,-0.8120,-0.4226,-0.4701,-0.6912,-0.4109,-0.8057,-0.5665,-0.4278,-0.3078,-0.8333,-0.4467,-0.5539,-0.4359,-0.6702,-0.8583,-0.4991,-0.8288,-0.5579,-0.4887,-0.7239,-0.3164,-0.3876,-0.3753,-0.6752,-0.1259,-0.3213,-0.3896,-0.3524,-0.2949,-0.5373,-0.5300,-0.6396,-0.5210,-0.6600,-0.8898,-0.5833,-0.4665,-0.5389,-0.5865,-0.3563,-0.8026,-0.5109,-0.5150,-0.4620,-0.8395,-0.3539,-0.4124,-0.5318,-0.5030,-0.6142,-0.6388,-0.0868,-0.6222,-0.4845,-0.3720,-0.8497,-0.6607,-0.4021,-0.2670,-0.5244,-0.5152,-0.5758,-0.7610,-0.3251,-0.7725,-0.6543,-0.5691,-0.6000,-0.2626,-0.6354,-0.5889,-0.6524,-0.2416,-0.3767,-0.5634,-0.6313,-0.6037,-0.3576,-0.4353,-0.4984,-0.3040,-0.3319,-0.3937,-0.5577,-0.7864,-0.4689,-0.7899,-0.8298,-0.5309,-0.1196,-0.3877,-0.3966,-0.5173,-0.3360,-0.4828,-0.5838,-0.7226,-0.5385,-0.6440,-0.4121,-0.2270,-0.5033,-0.5074,-0.6607,-0.7774,-0.3256,-0.5114,-0.4776,-0.3638,-0.4369,-0.5419,-0.3213,-0.6428,-0.4691,-0.3033,-0.6556,-0.4223,-0.3749,-0.3065,-0.5386,-0.3161,-0.3702,-0.3547,-0.6693,-0.7598,-0.4555,-0.5582,-0.4811,-0.5636,-0.6809,-0.5466,-0.4377,-0.5066,-0.4822,-0.3724,-0.5025,-0.4034,-0.2979,-0.6035,-0.6135,-0.5784,-0.3276,-0.7562,-0.6100,-0.5100,-0.5222,-0.7259,-0.4227,-0.6373,-0.5465,-0.3868,-0.4622,-0.4769,-0.4353,-0.4002,-0.2950,-0.5705,-0.5108,-0.4408,-0.4872,-0.5713,-0.3819,-0.5353,-0.5486,-0.2644,-0.6746,-0.7456,-0.5678,-0.7505,-0.2880,-0.4346,-0.4962,-0.4585,-0.4455,-0.4794,-0.5026,-0.7296,-0.4563,-0.3893,-0.3753,-0.6501,-0.7938,-0.3430,-0.5816,-0.2358,-0.5014,-0.1935,-0.3446,-0.7989,-0.4701,-0.7581,-0.4044,-0.5227,-0.5116,-0.4900,-0.6309,-0.2583,-0.4171,-0.4570,-0.8145,-0.6001,-0.8552,-0.4713,-0.2740,-0.3596,-0.2821,-0.7628,-0.5132,-0.3450,-0.3374,-0.6725,-0.3111,-0.5204,-0.3841,-0.6470,-0.3152,-0.2383,-0.5695,-0.4143,-0.6310,-0.6139,-0.4357,-0.4135,-0.8251,-0.2270,-0.3603,-0.6224,-0.6692,-0.1881,-0.4962,-0.6187,-0.4519,-0.8460,-0.4991,-0.5994,-0.6707,-0.7346,-0.2995,-0.6594,-0.2331,-0.6891,-0.3149,-0.5334,-0.4422,-0.7320,-0.8018,-0.4123,-0.5637,-0.6609,-0.4895,-0.5075,-0.7660,-0.5631,-0.3913,-0.5218,-0.5924,-0.8323,-0.7747,-0.9439,-0.6985,-0.7907,-0.5811,-0.2461,-0.7347,-0.5832,-0.5933,-0.8011,-0.7027,-0.6484,-0.1072,-0.4957,-0.7957,-0.4841,-0.5447,-0.5729,-0.8005,-0.5921,-0.6767,-0.5453,-0.8135,-0.5251,-0.5659,-0.8465,-0.5365,-0.5364,-0.6122,-0.5071,-0.7807,-0.6209,-0.6065,-0.7365,-0.7680,-0.1891,-0.2234,-0.6761,-0.8244
A,GLY,143,-0.2755,-0.2331,-0.2063,-0.1963,-0.2035,-0.1234,-0.1634,-0.2404,-0.0833,-0.1975,-0.1344,-0.0889,-0.1772,-0.0860,-0.1788,-0.1946,-0.1919,-0.0718,-0.1073,-0.1655,-0.1925,-0.1089,-0.0766,-0.1614,-0.2131,-0.0764,-0.1830,-0.1920,-0.2170,-0.1505,-0.1726,-0.2091,-0.2126,-0.2364,-0.1957,-0.1262,-0.1674,-0.1551,-0.0756,-0.2023,-0.0820,-0.1056,-0.0919,-0.1056,-0.1991,-0.2821,-0.1578,-0.1741,-0.0773,-0.0711,-0.1946,-0.1500,-0.1958,-0.2316,-0.1005,-0.1019,-0.0800,-0.1930,-0.1612,-0.2292,-0.2041,-0.1566,-0.2002,-0.1865,-0.0794,-0.1268,-0.2236,-0.1860,-0.1282,-0.1066,-0.0470,-0.0581,-0.0073,-0.1093,-0.1393,-0.2424,-0.0577,-0.1360,-0.1900,-0.0644,-0.2234,-0.1626,-0.0916,-0.0773,-0.2604,-0.0727,-0.1927,-0.0752,-0.2369,-0.2337,-0.1218,-0.2263,-0.1314,-0.1294,-0.2414,-0.0178,-0.0867,-0.0876,-0.2255,-0.0033,-0.0951,-0.0823,-0.0881,-0.0684,-0.1291,-0.1414,-0.1789,-0.1052,-0.1968,-0.2388,-0.1703,-0.1533,-0.1076,-0.1598,-0.0951,-0.2236,-0.1454,-0.1189,-0.1363,-0.2500,-0.0737,-0.0410,-0.1045,-0.0939,-0.1494,-0.1797,,-0.1442,-0.0994,-0.0834,-0.2257,-0.2024,-0.0894,-0.0614,-0.1562,-0.1248,-0.1582,-0.2382,-0.0478,-0.2147,-0.1815,-0.1443,-0.1293,-0.0860,-0.2194,-0.1411,-0.2141,-0.0523,-0.0225,-0.1571,-0.1598,-0.1954,-0.0666,-0.0642,-0.1196,-0.0795,-0.0076,-0.0845,-0.1254,-0.2425,-0.0741,-0.2329,-0.2541,-0.1211,,-0.0975,-0.0214,-0.1492,-0.0820,-0.1269,-0.1265,-0.2175,-0.1496,-0.1158,-0.0689,-0.0233,-0.1354,-0.0919,-0.2005,-0.2812,-0.0621,-0.1399,-0.0821,-0.0565,-0.0899,-0.1619,-0.0377,-0.1824,-0.1219,-0.0460,-0.1842,-0.0838,-0.0682,-0.0568,-0.1108,-0.0486,-0.0274,-0.0267,-0.1948,-0.2181,-0.0629,-0.1174,-0.1336,-0.1568,-0.1916,-0.1344,-0.1017,-0.1009,-0.1274,-0.0908,-0.0685,-0.0915,-0.0389,-0.1054,-0.1122,-0.1491,-0.0035,-0.1984,-0.1531,-0.1080,-0.1536,-0.2822,-0.0700,-0.1771,-0.1274,-0.0217,-0.1344,-0.1106,-0.1028,-0.0956,-0.0607,-0.1197,-0.0852,-0.1169,-0.1076,-0.1239,-0.0720,-0.1357,-0.1345,-0.0303,-0.1591,-0.1701,-0.1340,-0.1762,-0.0083,-0.0901,-0.0976,-0.0757,-0.1221,-0.1083,-0.0730,-0.1741,-0.0563,-0.0239,-0.0853,-0.1563,-0.2117,-0.0420,-0.1131,-0.0047,-0.0853,-0.0031,-0.0270,-0.2287,-0.0966,-0.2984,-0.0767,-0.1307,-0.0985,-0.1067,-0.1523,-0.0238,-0.0818,-0.0616,-0.2751,-0.1239,-0.2809,-0.1335,-0.0358,-0.0241,-0.0647,-0.2270,-0.1142,-0.0812,-0.0595,-0.1703,-0.0539,-0.0994,-0.0645,-0.1692,-0.0165,-0.0279,-0.1447,-0.1025,-0.1867,-0.1717,-0.0709,-0.0382,-0.1586,-0.0176,-0.0908,-0.1553,-0.1305,-0.0172,-0.0932,-0.1573,-0.0915,-0.2076,-0.0302,-0.2229,-0.1663,-0.1602,-0.0206,-0.1898,-0.0081,-0.1919,-0.0600,-0.1235,-0.0655,-0.1646,-0.1379,-0.0581,-0.1290,-0.2831,-0.0568,-0.0547,-0.1559,-0.1842,-0.0594,-0.0672,-0.1413,-0.3020,-0.1787,-0.2475,-0.1012,-0.2051,-0.1248,-0.0081,-0.2378,-0.1412,-0.1530,-0.1921,-0.1570,-0.1406,,-0.1122,-0.2296,-0.1318,-0.1132,-0.1734,-0.2859,-0.1588,-0.1515,-0.0913,-0.3414,-0.1736,-0.0994,-0.3552,-0.0746,-0.1901,-0.2166,-0.1035,-0.2514,-0.2592,-0.1886,-0.2358,-0.2283,,,-0.2666,-0.4236
A,SER,144,-0.3581,-0.3623,-0.2868,-0.2849,-0.2824,-0.2101,-0.2666,-0.2839,-0.1276,-0.3069,-0.1859,-0.1489,-0.2743,-0.1353,-0.1854,-0.2339,-0.1616,-0.0496,-0.2037,-0.2353,-0.2940,-0.1586,-0.1245,-0.2618,-0.2395,-0.1239,-0.1888,-0.2165,-0.2626,-0.1789,-0.2400,-0.2472,-0.3198,-0.2482,-0.2336,-0.1787,-0.2167,-0.1536,-0.1200,-0.2913,-0.0916,-0.1668,-0.1148,-0.1751,-0.2261,-0.3039,-0.2856,-0.1881,-0.0914,-0.0977,-0.2911,-0.1805,-0.2473,-0.2602,-0.1740,-0.1469,-0.1348,-0.2016,-0.2215,-0.2637,-0.2948,-0.1952,-0.2330,-0.2635,-0.1234,-0.1814,-0.2516,-0.3085,-0.1881,-0.1393,-0.0291,-0.0662,,-0.1429,-0.2070,-0.2910,-0.0862,-0.1682,-0.3294,-0.0993,-0.2885,-0.2730,-0.1124,-0.0992,-0.2958,-0.1207,-0.2074,-0.1579,-0.2590,-0.2932,-0.2160,-0.2662,-0.1881,-0.0933,-0.3662,-0.0169,-0.1381,-0.1649,-0.2269,,-0.1817,-0.1225,-0.1648,-0.1152,-0.2038,-0.1932,-0.2081,-0.1352,-0.2790,-0.3161,-0.1937,-0.2191,-0.1524,-0.1818,-0.1336,-0.2934,-0.2230,-0.1401,-0.1790,-0.2548,-0.1297,-0.0248,-0.1438,-0.1516,-0.2141,-0.1903,,-0.1297,-0.1373,-0.1205,-0.2670,-0.1954,-0.0902,-0.1124,-0.1962,-0.1003,-0.1860,-0.3059,-0.0892,-0.2315,-0.2138,-0.2179,-0.1663,-0.1304,-0.2267,-0.1435,-0.2139,-0.0872,-0.0242,-0.1831,-0.2197,-0.1999,-0.0497,-0.0852,-0.1820,-0.1355,,-0.1276,-0.1591,-0.2867,-0.1392,-0.2881,-0.2945,-0.1833,,-0.1572,-0.0151,-0.1705,-0.1100,-0.2025,-0.0794,-0.2092,-0.1341,-0.1532,-0.1304,-0.0460,-0.2145,-0.1296,-0.2152,-0.2597,-0.0942,-0.1839,-0.0280,-0.0460,-0.1398,-0.2113,-0.0243,-0.3097,-0.1510,-0.0632,-0.2753,-0.1024,-0.1213,-0.0902,-0.1464,-0.0758,-0.0618,-0.0034,-0.2372,-0.2822,-0.0862,-0.1403,-0.1768,-0.2170,-0.1540,-0.1888,-0.0876,-0.1226,-0.1754,-0.1511,-0.0837,-0.1313,-0.0593,-0.1577,-0.1585,-0.2207,,-0.2714,-0.1863,-0.0627,-0.2208,-0.2760,-0.0872,-0.2325,-0.1660,-0.0478,-0.1456,-0.1155,-0.1609,-0.1767,-0.0725,-0.2046,-0.0947,-0.0933,-0.1628,-0.1252,-0.1284,-0.1762,-0.0647,-0.0459,-0.1449,-0.2132,-0.1002,-0.1793,,-0.0638,-0.1430,-0.0929,-0.1736,-0.1376,-0.1155,-0.2133,-0.0392,-0.0624,-0.1246,-0.1308,-0.0742,-0.0607,-0.1047,-0.0128,-0.0914,,-0.0065,-0.2347,-0.1459,-0.2623,-0.0646,-0.1761,-0.1147,-0.1164,-0.1158,-0.0128,-0.0674,-0.0816,-0.2774,-0.2113,-0.2869,-0.1262,-0.0032,-0.0086,-0.0526,-0.2507,-0.0859,-0.0914,-0.0898,-0.1854,-0.1041,-0.1358,-0.0719,-0.2036,-0.0166,-0.0256,-0.2270,-0.1469,-0.1796,-0.1642,-0.1067,-0.0696,-0.2671,-0.0041,-0.1164,-0.1872,-0.1806,-0.0096,-0.0697,-0.1784,-0.1029,-0.2924,-0.0166,-0.2588,-0.1853,-0.1449,-0.0124,-0.2872,-0.0038,-0.2370,-0.0608,-0.1024,-0.0259,-0.0560,-0.2585,-0.0827,-0.1433,-0.2616,-0.0175,-0.0424,-0.1646,-0.2242,-0.1097,-0.1250,-0.1754,-0.3449,-0.1554,-0.2876,-0.1729,-0.2857,-0.1916,-0.0038,-0.1877,-0.1772,-0.2138,-0.2279,-0.1384,-0.0868,,-0.0726,-0.1991,-0.1615,-0.0684,-0.1992,-0.2673,-0.2189,-0.1773,-0.0702,-0.3858,-0.1877,-0.1685,-0.3609,-0.1299,-0.0552,-0.2362,-0.0798,-0.2746,-0.4611,-0.2902,-0.3220,-0.2927,,,-0.3109,-0.4629
A,CYS,145,-0.4318,-0.3397,-0.3387,-0.3210,-0.3425,-0.1845,-0.2905,-0.3214,-0.1651,-0.2812,-0.2464,-0.1704,-0.2555,-0.1658,-0.2400,-0.3030,-0.2795,-0.1554,-0.1645,-0.3022,-0.2823,-0.2242,-0.1151,-0.2528,-0.2857,-0.1170,-0.2753,-0.2572,-0.3152,-0.2218,-0.2206,-0.3228,-0.2709,-0.2865,-0.3209,-0.2558,-0.2784,-0.2450,-0.1432,-0.2810,-0.1934,-0.2484,-0.1708,-0.1549,-0.2524,-0.3031,-0.2471,-0.2417,-0.1617,-0.1037,-0.2834,-0.2362,-0.2451,-0.3350,-0.1276,-0.1392,-0.1634,-0.2502,-0.2214,-0.3669,-0.3027,-0.2348,-0.2897,-0.2669,-0.1576,-0.2537,-0.2781,-0.3047,-0.1686,-0.1515,-0.1252,-0.1451,-0.0784,-0.1738,-0.2745,-0.2593,-0.1404,-0.1936,-0.2961,-0.1460,-0.3114,-0.2326,-0.1985,-0.1746,-0.2815,-0.1012,-0.2740,-0.1205,-0.3048,-0.2734,-0.1481,-0.2439,-0.1871,-0.2235,-0.3832,-0.1019,-0.1593,-0.1060,-0.2850,-0.0440,-0.1689,-0.1464,-0.1417,-0.1350,-0.1730,-0.2056,-0.2598,-0.1860,-0.2548,-0.2940,-0.2093,-0.1982,-0.1365,-0.2414,-0.1149,-0.2945,-0.2160,-0.2084,-0.2094,-0.2608,-0.1776,-0.1166,-0.2015,-0.1239,-0.1717,-0.2228,-0.0583,-0.2296,-0.1183,-0.1249,-0.2829,-0.2293,-0.1286,-0.0944,-0.1979,-0.1674,-0.1902,-0.3102,-0.0774,-0.2769,-0.2475,-0.2582,-0.2404,-0.1502,-0.2677,-0.2003,-0.2630,-0.0771,-0.0921,-0.2174,-0.2039,-0.2318,-0.1013,-0.1335,-0.1701,-0.1187,-0.0652,-0.1701,-0.1734,-0.3091,-0.1087,-0.3900,-0.2780,-0.1722,-0.0246,-0.2033,-0.0973,-0.2034,-0.1180,-0.1862,-0.1646,-0.2441,-0.1574,-0.1325,-0.0996,-0.0652,-0.1719,-0.1814,-0.2487,-0.4258,-0.0979,-0.1656,-0.1279,-0.0923,-0.1766,-0.1958,-0.1035,-0.2772,-0.1442,-0.0865,-0.2211,-0.1539,-0.0863,-0.1139,-0.1962,-0.0807,-0.0709,-0.0887,-0.2540,-0.3583,-0.1250,-0.1408,-0.2202,-0.2584,-0.2442,-0.2033,-0.1145,-0.2049,-0.1769,-0.1788,-0.1003,-0.1696,-0.0524,-0.1620,-0.1484,-0.3032,-0.0643,-0.2462,-0.1692,-0.1324,-0.2595,-0.3163,-0.1146,-0.2406,-0.2506,-0.0447,-0.1567,-0.1259,-0.1341,-0.1761,-0.1164,-0.1742,-0.1406,-0.1608,-0.2024,-0.1925,-0.1198,-0.1685,-0.1596,-0.0530,-0.2090,-0.2304,-0.0895,-0.2870,-0.0590,-0.1059,-0.1412,-0.1459,-0.1349,-0.1378,-0.1566,-0.2362,-0.1281,-0.0650,-0.1872,-0.2013,-0.1588,-0.0846,-0.1985,-0.0305,-0.1411,,-0.0917,-0.3142,-0.1398,-0.3119,-0.1121,-0.2105,-0.1534,-0.1428,-0.2030,-0.0353,-0.1154,-0.0555,-0.3520,-0.2080,-0.3242,-0.1548,-0.1032,-0.0384,-0.1082,-0.2595,-0.1540,-0.1419,-0.0926,-0.1674,-0.1094,-0.1921,-0.1335,-0.2294,-0.0350,-0.0647,-0.1698,-0.1304,-0.1669,-0.2517,-0.0933,-0.0714,-0.2443,-0.0610,-0.1745,-0.1853,-0.1377,-0.0364,-0.1323,-0.2117,-0.1710,-0.2727,-0.0422,-0.4164,-0.2041,-0.1650,-0.0422,-0.3041,-0.0469,-0.2423,-0.1004,-0.1605,-0.1084,-0.1898,-0.2395,-0.0914,-0.1428,-0.3735,-0.0910,-0.1024,-0.1805,-0.2326,-0.1103,-0.1256,-0.2270,-0.3753,-0.1683,-0.3216,-0.1758,-0.3455,-0.1945,-0.0223,-0.3359,-0.1543,-0.2406,-0.2473,-0.1852,-0.1513,,-0.1293,-0.2405,-0.1342,-0.2148,-0.2447,-0.2993,-0.1677,-0.1946,-0.1650,-0.4606,-0.2977,-0.1385,-0.3833,-0.0900,-0.2967,-0.2358,-0.1638,-0.3776,-0.4055,-0.2190,-0.4287,-0.2246,-0.0089,-0.0089,-0.4655,-0.4477
A,GLY,146,-0.0122,-0.0322,-0.0226,-0.0350,-0.0217,-0.0045,-0.0285,-0.0284,,-0.0128,-0.0130,-0.0081,-0.0355,-0.0045,-0.0078,-0.0260,-0.0086,,-0.0082,-0.0183,-0.0123,,-0.0082,-0.0309,-0.0223,,-0.0164,-0.0247,-0.0214,-0.0082,-0.0343,-0.0139,-0.0214,-0.0223,-0.0128,-0.0126,-0.0099,-0.0040,-0.0035,-0.0167,,-0.0128,-0.0042,,-0.0081,-0.0263,-0.0230,-0.0045,,-0.0035,-0.0119,-0.0126,-0.0163,-0.0227,,-0.0093,-0.0039,-0.0115,-0.0267,-0.0181,-0.0255,-0.0083,-0.0250,-0.0121,,-0.0126,-0.0222,-0.0266,-0.0049,-0.0042,,,,-0.0078,-0.0091,-0.0247,,-0.0080,-0.0182,,-0.0148,-0.0276,-0.0122,,-0.0249,,-0.0167,,-0.0117,-0.0121,-0.0036,-0.0062,-0.0085,,-0.0334,,-0.0039,,-0.0048,,-0.0188,-0.0041,-0.0153,,-0.0035,-0.0074,-0.0184,-0.0038,-0.0039,-0.0187,-0.0166,-0.0076,-0.0046,-0.0122,,-0.0319,-0.0172,-0.0134,,-0.0040,-0.0038,,-0.0034,-0.0088,-0.0075,-0.0037,,-0.0082,-0.0074,,-0.0186,-0.0080,-0.0030,,-0.0080,-0.0083,-0.0041,-0.0126,,-0.0212,-0.0103,-0.0144,-0.0295,-0.0037,-0.0173,-0.0084,-0.0132,,,-0.0041,-0.0221,-0.0051,,,-0.0048,-0.0042,,-0.0039,-0.0127,-0.0073,,-0.0343,-0.0217,-0.0182,,-0.0141,,-0.0070,-0.0045,-0.0036,,-0.0203,-0.0041,,,,-0.0044,,-0.0251,-0.0135,,-0.0080,,,-0.0076,-0.0072,,-0.0294,-0.0087,,-0.0128,-0.0080,-0.0040,-0.0047,,,,,-0.0120,-0.0106,,,-0.0075,-0.0093,,-0.0036,,-0.0090,-0.0041,-0.0133,,-0.0128,,-0.0216,-0.0093,-0.0307,,-0.0087,-0.0038,,-0.0109,-0.0160,-0.0045,-0.0121,-0.0089,,-0.0039,-0.0045,,-0.0077,,,,,-0.0139,,,-0.0035,,,-0.0094,-0.0089,,,,,-0.0083,,,-0.0100,-0.0034,-0.0124,,,-0.0044,-0.0048,,,,,,,,-0.0082,,-0.0127,,-0.0096,-0.0030,-0.0046,,,-0.0034,,-0.0166,-0.0258,-0.0256,,,,,-0.0084,,-0.0042,,,,-0.0044,,-0.0132,,,-0.0084,-0.0077,-0.0097,-0.0039,,,-0.0047,,,-0.0309,-0.0041,,,-0.0042,-0.0037,-0.0226,,-0.0267,,-0.0042,,-0.0078,,-0.0125,,,,,-0.0036,,-0.0084,-0.0039,,,-0.0205,-0.0042,,,-0.0082,-0.0279,-0.0145,-0.0286,,-0.0085,,,-0.0093,-0.0088,-0.0034,-0.0034,-0.0132,,,,-0.0419,-0.0114,-0.0030,-0.0034,-0.0233,-0.0043,,,-0.0214,-0.0182,,-0.0603,,-0.0036,-0.0226,-0.0121,-0.0177,-0.0924,-0.0041,-0.0085,-0.0125,,,-0.0228,-0.0721
A,SER,147,,-0.0064,-0.0109,-0.0068,-0.0036,,-0.0067,,,,,,,,,-0.0237,,,,,-0.0062,,,,-0.0122,,,-0.0161,,,,,,-0.0122,,,,,,,,,,,,,,,,,-0.0031,-0.0035,-0.0107,,,,,,,-0.0175,-0.0130,,-0.0159,,,,-0.0131,-0.0118,-0.0032,,,,,,,-0.0109,,,-0.0069,,,,,,-0.0112,,,,,,,,,,,,,,,,,,,,,,,,,,,,,,,,,,,,,,,,,,,,,,,,,,,,,,,-0.0122,,,,,-0.0130,,-0.0114,,,,,-0.0075,,,,,,,,,,,-0.0106,,,,,,,,,-0.0104,,,,,,,-0.0206,,,,,,,,,,,,,,,,,,,,,,,,,-0.0116,,,,,,-0.0032,,,,,,,,,,,,,,,,,,,,,,,,,,,,,,,,,,,,,,,,,,,,,,,,,,,,,,,,,,-0.0032,,,,,,,,,,,,,,,,,,,,,,,,,,,,,,,,,,,,,,,,,,-0.0111,,,,,,,,,,,,,-0.0033,,,,,-0.0029,,,,,,-0.0031,,,,,,,,,,,,,,,,,,,,,,,,-0.0305,,,,,,-0.0533,-0.0167,,-0.0225,,,,-0.0034
A,TYR,161,-0.0029,-0.0028,-0.0028,,-0.0031,,,-0.0028,,-0.0033,,,,,-0.0031,-0.0030,,,-0.0042,,,,,,,,,,,,,,,,-0.0034,,,-0.0031,,-0.0033,,,,,-0.0030,-0.0070,,-0.0030,,,,,,,,-0.0030,,-0.0028,,-0.0028,,,,-0.0027,,,,,,,,,,,,-0.0032,,,,,,,,,-0.0036,,,,,,,-0.0108,,,-0.0034,,,,-0.0037,,,,,,,,,,,-0.0075,,-0.0034,,,,-0.0062,,,,,,,,,,,,,,,,-0.0034,,,-0.0033,,-0.0037,,,,-0.0028,,,,,,,,,-0.0034,,,,,,,,,,-0.0117,-0.0033,,-0.0036,,,,,,,-0.0040,,,,-0.0038,,,,,,,,-0.0033,,,,,,,,,,,,,,,,,,-0.0028,,,,-0.0039,,,,,,,,,,,,,,,,,,,,,,,,,-0.0034,,,-0.0041,,,,,,-0.0038,,,,,,,,,,,-0.0032,,,,,,,,,,,,,,,,,,,,,,,,,,,,,,,,,-0.0037,,,,,,,,,,,,,,,,,-0.0076,,,,,,,,,,,,-0.0030,,,-0.0036,,,,,,,-0.0045,,,,,,,,,,,,,,-0.0038,-0.0082,,,,,,-0.0032,,,,,,,,,,,,,-0.0104,,,-0.0067,,,,,,-0.0217,-0.0125,-0.0046,-0.0073,,,,
A,MET,162,,,,,,,,,,,,,,,,,,,,,,,,,,,,,,,,,,,,,,,,,,,,,,,,,,,,,,,,,,,,,,,,,,,,,,,,,,,,,,,,,,,,,,,,,,,,,,,,,,,,,,,,,,,,,,,,,,,,,,,,,,,,,,,,,,,,,,,,,,,,,,,,,,,,,,,,,,,,,,,,,,,,,,,,,,,,,,,,,,,,,,,,,,,,,,,,,,,,,,,,,,,,,,,,,,,,,,,,,,,,,,,,,,,,,,,,,,,,,,,,,,,,,,,,,,,,,,,,,,,,,,,,,,,,,,,,,,,,,,,,,,,,,,,,,,,,,,,,,,,,,,,,,,,,,,,,,,,,,,,,,,,,,,,,,,,,,,,,,,,,,,,,,,,,,,,,,,,,,,,,,,,,-0.0288,,,,,,,
A,HIS,163,-0.2655,-0.3953,-0.3480,-0.3168,-0.3445,-0.2872,-0.3352,-0.3146,-0.2218,-0.3061,-0.2487,-0.2476,-0.2933,-0.2349,-0.2356,-0.3421,-0.2100,-0.1528,-0.2707,-0.3036,-0.2599,-0.2692,-0.2118,-0.2197,-0.2801,-0.2078,-0.1414,-0.3083,-0.2247,-0.2094,-0.2121,-0.2849,-0.3050,-0.2645,-0.2548,-0.2357,-0.2776,-0.2225,-0.1640,-0.3043,-0.1340,-0.2387,-0.1690,-0.2081,-0.2776,-0.2823,-0.2626,-0.2437,-0.2015,-0.1372,-0.2546,-0.2538,-0.2657,-0.2718,-0.2202,-0.2520,-0.1868,-0.2331,-0.1720,-0.3393,-0.2853,-0.2469,-0.3354,-0.2572,-0.1774,-0.2576,-0.3133,-0.2881,-0.2957,-0.2255,-0.1327,-0.1996,-0.0702,-0.1814,-0.2382,-0.3291,-0.1890,-0.2191,-0.3141,-0.2171,-0.2337,-0.2163,-0.1500,-0.1701,-0.3303,-0.1779,-0.1694,-0.2465,-0.3058,-0.2392,-0.2896,-0.2970,-0.2074,-0.1261,-0.3908,-0.1019,-0.2449,-0.1965,-0.2354,-0.0110,-0.1474,-0.2151,-0.2429,-0.1903,-0.2796,-0.2121,-0.1427,-0.2180,-0.2611,-0.3345,-0.1517,-0.2517,-0.2206,-0.2728,-0.2065,-0.2770,-0.3273,-0.1875,-0.2590,-0.3224,-0.2538,-0.0985,-0.2536,-0.2631,-0.2921,-0.1733,-0.0417,-0.0643,-0.1924,-0.2147,-0.1859,-0.2058,-0.1794,-0.1636,-0.2044,-0.0807,-0.2318,-0.2916,-0.1486,-0.2875,-0.2506,-0.2862,-0.2143,-0.2170,-0.2708,-0.2556,-0.2731,-0.1486,-0.1115,-0.2360,-0.2130,-0.2754,-0.1229,-0.1988,-0.2817,-0.2152,-0.0615,-0.2150,-0.2895,-0.3216,-0.1950,-0.3414,-0.3262,-0.1434,-0.0388,-0.2821,-0.1099,-0.0972,-0.2158,-0.2449,-0.0833,-0.2282,-0.1899,-0.1978,-0.1739,-0.1362,-0.2711,-0.2284,-0.2815,-0.2164,-0.1414,-0.1864,-0.0657,-0.1225,-0.2011,-0.2199,-0.1111,-0.2598,-0.2027,-0.1273,-0.2252,-0.1545,-0.1911,-0.1889,-0.2399,-0.1631,-0.1541,-0.0958,-0.2110,-0.3029,-0.1632,-0.1777,-0.2166,-0.2832,-0.1277,-0.2538,-0.0852,-0.1843,-0.2028,-0.2704,-0.2070,-0.1488,-0.1234,-0.2190,-0.0966,-0.2930,-0.0329,-0.2183,-0.2211,-0.1297,-0.2597,-0.1952,-0.1607,-0.2892,-0.2029,-0.1211,-0.1626,-0.1237,-0.1783,-0.0770,-0.1561,-0.2474,-0.1570,-0.0458,-0.3221,-0.0960,-0.1983,-0.2363,-0.0584,-0.0823,-0.1124,-0.2838,-0.0786,-0.1584,-0.0333,-0.0881,-0.2600,-0.1785,-0.1806,-0.0979,-0.2341,-0.2850,-0.0812,-0.1390,-0.1838,-0.2945,-0.0605,-0.1826,-0.1701,-0.0521,-0.1523,,-0.0838,-0.1903,-0.2214,-0.1978,-0.1355,-0.3242,-0.1807,-0.1979,-0.1568,-0.0521,-0.1163,-0.1281,-0.2391,-0.1116,-0.2137,-0.1420,-0.0826,-0.0443,-0.1296,-0.3028,-0.0070,-0.1276,-0.1419,-0.2027,-0.1696,-0.2453,-0.1660,-0.2789,-0.0435,-0.0794,-0.2217,-0.2531,-0.2138,-0.2104,-0.1964,-0.1517,-0.3291,-0.0780,-0.1244,-0.1641,-0.1256,-0.0507,-0.0696,-0.1324,-0.2025,-0.2477,-0.0478,-0.1867,-0.2618,-0.1792,-0.0481,-0.3177,-0.0647,-0.2510,-0.1075,-0.1014,-0.0790,-0.1428,-0.2883,-0.1542,-0.2307,-0.2407,-0.0566,-0.1050,-0.1789,-0.2689,-0.2145,-0.2179,-0.2201,-0.2727,-0.2019,-0.2421,-0.2168,-0.2856,-0.2921,-0.0465,-0.1916,-0.1785,-0.3060,-0.2487,-0.2402,-0.0790,,-0.0580,-0.1708,-0.2108,-0.1516,-0.0975,-0.1985,-0.2830,-0.1970,-0.1540,-0.3503,-0.2800,-0.2535,-0.5076,-0.1792,-0.0815,-0.2302,-0.1651,-0.2576,-0.6020,-0.3321,-0.3043,-0.3493,-0.0150,-0.0150,-0.3223,-0.2392
A,HIS,164,-0.3744,-0.4150,-0.4709,-0.3115,-0.4474,-0.2840,-0.4469,-0.3317,-0.3216,-0.2779,-0.4374,-0.3405,-0.2822,-0.3351,-0.2592,-0.4384,-0.3497,-0.3607,-0.2861,-0.4725,-0.2465,-0.4267,-0.2012,-0.2896,-0.2750,-0.2375,-0.3664,-0.3066,-0.2925,-0.3607,-0.2531,-0.4493,-0.2994,-0.2068,-0.4508,-0.4371,-0.4191,-0.3987,-0.3282,-0.2622,-0.3570,-0.4281,-0.2986,-0.2087,-0.2593,-0.2759,-0.2712,-0.2651,-0.3627,-0.1799,-0.2256,-0.3637,-0.2244,-0.3231,-0.2501,-0.2239,-0.3109,-0.2731,-0.2399,-0.4661,-0.2527,-0.3052,-0.4050,-0.2789,-0.3093,-0.4500,-0.2410,-0.2397,-0.2139,-0.2144,-0.3199,-0.3400,-0.2346,-0.3269,-0.3560,-0.2628,-0.2928,-0.3083,-0.2379,-0.2989,-0.2324,-0.2671,-0.3702,-0.3172,-0.2246,-0.1613,-0.2309,-0.1745,-0.4322,-0.2114,-0.1872,-0.2668,-0.2022,-0.3426,-0.4874,-0.2507,-0.2466,-0.2024,-0.3613,-0.1751,-0.2370,-0.2578,-0.2046,-0.2602,-0.2317,-0.2739,-0.2263,-0.3480,-0.2403,-0.2687,-0.2333,-0.2361,-0.1925,-0.3069,-0.1816,-0.2563,-0.3277,-0.3752,-0.2642,-0.2579,-0.3689,-0.2903,-0.3477,-0.1635,-0.2648,-0.2242,-0.2164,-0.1870,-0.1565,-0.1570,-0.1936,-0.2724,-0.1975,-0.1308,-0.2972,-0.1428,-0.2057,-0.3016,-0.1583,-0.2369,-0.2283,-0.4309,-0.3189,-0.2411,-0.2459,-0.2480,-0.2440,-0.1669,-0.2484,-0.2420,-0.1868,-0.2251,-0.1197,-0.3197,-0.2107,-0.1871,-0.2475,-0.2748,-0.2281,-0.4141,-0.1434,-0.3780,-0.2182,-0.1588,-0.1231,-0.3244,-0.2711,-0.1907,-0.1553,-0.2540,-0.1552,-0.1750,-0.1691,-0.1998,-0.1497,-0.1310,-0.2202,-0.3573,-0.2480,-0.3928,-0.1958,-0.1541,-0.1252,-0.1241,-0.2537,-0.1761,-0.2036,-0.2121,-0.1453,-0.1484,-0.2022,-0.2528,-0.1061,-0.1792,-0.3619,-0.1110,-0.1133,-0.1820,-0.2438,-0.4073,-0.1832,-0.1873,-0.2460,-0.3953,-0.2216,-0.2852,-0.1720,-0.3935,-0.2491,-0.2727,-0.1715,-0.2641,-0.1401,-0.2081,-0.1096,-0.4856,-0.2323,-0.2422,-0.1750,-0.1964,-0.3103,-0.2810,-0.1927,-0.2433,-0.3081,-0.0977,-0.1319,-0.1309,-0.1304,-0.1159,-0.1709,-0.2106,-0.1951,-0.2167,-0.3761,-0.1288,-0.1463,-0.1793,-0.1719,-0.0850,-0.1887,-0.2451,-0.0607,-0.2287,-0.2221,-0.1091,-0.1652,-0.2349,-0.1271,-0.1071,-0.3301,-0.2404,-0.2144,-0.1066,-0.3508,-0.3019,-0.0971,-0.1546,-0.2972,-0.1128,-0.1860,,-0.2744,-0.2308,-0.1577,-0.2842,-0.1342,-0.3553,-0.2175,-0.1990,-0.2036,-0.1163,-0.1744,-0.0710,-0.3242,-0.1415,-0.2855,-0.1544,-0.1606,-0.1128,-0.1289,-0.2263,-0.0521,-0.2462,-0.1416,-0.1626,-0.1706,-0.3621,-0.1880,-0.2851,-0.1109,-0.1087,-0.1929,-0.1826,-0.1400,-0.4619,-0.1242,-0.0985,-0.2504,-0.2183,-0.2383,-0.1934,-0.1176,-0.1053,-0.1354,-0.1665,-0.3018,-0.2302,-0.1116,-0.3954,-0.2230,-0.1878,-0.1154,-0.4387,-0.1124,-0.2201,-0.1378,-0.2100,-0.1275,-0.1817,-0.2615,-0.1055,-0.1558,-0.4313,-0.1132,-0.1633,-0.1968,-0.2548,-0.1764,-0.1903,-0.3184,-0.2885,-0.2081,-0.2959,-0.2081,-0.4785,-0.2595,-0.1384,-0.2553,-0.1855,-0.2889,-0.2580,-0.2540,-0.1049,,-0.1277,-0.2594,-0.1685,-0.3858,-0.1534,-0.2219,-0.2186,-0.2423,-0.2822,-0.4259,-0.4437,-0.1736,-0.4307,-0.0995,-0.3190,-0.3077,-0.2413,-0.3639,-0.5070,-0.2188,-0.3209,-0.2190,-0.1153,-0.1153,-0.4636,-0.2919
A,MET,165,-0.5869,-0.6726,-0.7121,-0.6113,-0.6652,-0.6248,-0.7680,-0.6215,-0.7178,-0.6103,-0.8010,-0.5984,-0.6582,-0.5767,-0.5495,-0.6225,-0.4845,-0.6671,-0.6374,-0.6957,-0.5277,-0.7611,-0.5692,-0.5923,-0.5559,-0.5493,-0.6632,-0.6265,-0.5869,-0.5828,-0.5266,-0.6930,-0.6313,-0.4529,-0.6481,-0.7127,-0.8144,-0.6363,-0.5869,-0.5947,-0.6244,-0.6899,-0.6251,-0.4683,-0.5748,-0.4548,-0.5873,-0.5593,-0.6617,-0.5376,-0.4939,-0.5423,-0.5450,-0.5935,-0.5905,-0.5837,-0.6025,-0.5282,-0.5734,-0.8153,-0.5351,-0.6453,-0.6237,-0.5362,-0.4868,-0.7209,-0.4466,-0.4670,-0.4812,-0.4589,-0.6240,-0.6316,-0.4947,-0.4718,-0.6830,-0.5889,-0.5751,-0.6736,-0.5270,-0.6114,-0.4100,-0.4898,-0.6773,-0.6115,-0.4325,-0.4894,-0.3190,-0.4902,-0.7126,-0.4568,-0.4420,-0.5111,-0.4680,-0.6547,-0.7007,-0.4883,-0.4650,-0.5191,-0.5911,-0.4541,-0.4970,-0.4742,-0.4648,-0.5111,-0.4694,-0.5758,-0.3215,-0.6850,-0.4900,-0.5156,-0.4987,-0.5801,-0.4813,-0.5955,-0.4790,-0.4953,-0.6258,-0.6343,-0.6152,-0.4392,-0.6508,-0.4710,-0.5275,-0.4123,-0.5833,-0.4663,-0.4324,-0.4795,-0.4373,-0.4097,-0.4558,-0.6300,-0.4650,-0.3990,-0.4387,-0.3914,-0.5661,-0.5846,-0.3853,-0.4973,-0.4226,-0.6512,-0.5379,-0.4760,-0.4525,-0.5129,-0.4969,-0.3876,-0.4237,-0.4964,-0.4095,-0.5571,-0.3698,-0.6386,-0.4899,-0.3737,-0.4320,-0.4947,-0.5701,-0.5327,-0.4697,-0.6302,-0.3676,-0.3430,-0.2660,-0.6115,-0.4330,-0.4957,-0.4054,-0.6261,-0.4983,-0.3988,-0.3750,-0.3932,-0.4170,-0.3929,-0.5670,-0.5453,-0.4817,-0.4587,-0.4364,-0.3419,-0.3867,-0.4350,-0.4844,-0.5024,-0.4786,-0.4347,-0.3312,-0.3578,-0.4683,-0.4847,-0.2403,-0.3963,-0.5268,-0.3012,-0.2672,-0.4687,-0.5967,-0.7120,-0.4281,-0.5141,-0.5329,-0.5199,-0.5601,-0.5955,-0.5676,-0.6285,-0.5839,-0.4713,-0.4621,-0.4884,-0.4709,-0.4043,-0.3643,-0.6591,-0.4134,-0.5778,-0.3818,-0.4921,-0.5045,-0.3911,-0.3874,-0.4693,-0.4815,-0.3268,-0.3188,-0.3779,-0.2767,-0.3726,-0.4146,-0.4602,-0.4198,-0.3691,-0.6356,-0.3669,-0.2557,-0.3699,-0.3442,-0.3712,-0.3608,-0.4999,-0.3519,-0.4143,-0.4093,-0.3669,-0.3940,-0.4550,-0.4103,-0.2009,-0.5886,-0.4744,-0.4619,-0.3517,-0.6848,-0.4112,-0.3132,-0.4990,-0.5318,-0.3414,-0.4180,-0.0737,-0.5792,-0.4430,-0.3623,-0.4057,-0.4543,-0.6105,-0.4859,-0.4109,-0.4241,-0.3535,-0.5351,-0.2681,-0.5450,-0.3647,-0.3423,-0.4242,-0.3874,-0.3263,-0.3053,-0.4469,-0.2024,-0.4598,-0.3862,-0.3927,-0.4242,-0.6369,-0.5067,-0.5701,-0.3259,-0.3467,-0.6060,-0.3865,-0.3634,-0.6649,-0.3092,-0.2732,-0.4652,-0.3870,-0.4666,-0.4151,-0.3445,-0.3933,-0.2567,-0.2606,-0.5516,-0.4263,-0.3171,-0.5037,-0.3860,-0.4238,-0.3437,-0.6414,-0.2104,-0.4780,-0.4222,-0.5841,-0.2735,-0.3259,-0.5317,-0.2352,-0.4550,-0.5167,-0.3398,-0.4595,-0.3923,-0.5854,-0.4439,-0.4108,-0.6556,-0.3561,-0.4508,-0.3605,-0.4111,-0.6048,-0.5642,-0.3804,-0.3370,-0.5176,-0.7042,-0.4760,-0.4019,-0.2945,-0.0921,-0.3582,-0.4825,-0.5376,-0.7101,-0.3004,-0.4222,-0.5807,-0.4500,-0.5976,-0.5109,-0.7153,-0.3245,-0.4680,-0.2411,-0.3648,-0.5439,-0.5035,-0.5071,-0.6432,-0.3465,-0.3899,-0.3697,-0.5295,-0.5295,-0.4517,-0.2335
A,GLU,166,-0.6689,-0.8051,-0.7123,-0.8650,-0.7847,-0.8507,-0.7760,-0.7622,-0.9947,-0.8688,-0.8141,-0.8828,-0.8772,-0.8437,-0.8223,-0.8325,-0.5806,-0.8342,-1.0829,-0.7367,-0.7118,-0.7988,-0.9516,-0.7903,-0.8233,-1.0721,-0.5726,-0.8218,-0.7972,-0.8569,-0.7789,-0.8763,-0.8473,-0.7895,-0.7833,-0.8536,-0.8050,-0.7313,-0.9486,-0.9296,-0.6907,-0.7569,-0.8758,-1.0081,-0.8699,-0.5931,-0.7354,-0.9113,-0.9414,-0.8808,-0.7419,-0.7600,-0.8645,-0.9341,-0.8787,-0.9525,-0.8123,-0.6974,-0.8790,-0.8210,-0.9077,-0.9414,-0.8802,-0.8532,-0.9692,-0.9060,-0.9695,-0.7313,-0.8922,-1.0714,-0.8081,-0.9039,-0.8286,-0.8726,-0.8158,-0.8327,-0.8866,-0.8980,-0.8584,-0.8694,-0.7385,-0.8867,-0.8055,-0.8715,-0.8434,-0.9861,-0.7383,-0.9793,-0.6943,-0.7914,-0.9594,-0.7516,-0.9893,-0.8458,-0.6245,-0.6367,-0.9359,-0.9485,-0.9327,-0.8222,-0.8567,-1.0761,-0.8369,-0.8374,-1.0063,-0.7404,-0.6124,-0.8358,-0.8392,-0.7628,-0.8279,-0.9404,-1.0491,-0.8846,-1.0346,-0.7285,-0.9262,-0.7879,-0.8133,-0.7683,-0.7897,-0.9895,-0.8597,-0.9013,-0.8572,-0.7724,-0.8624,-0.8122,-0.9621,-0.9337,-0.7174,-0.8718,-0.9773,-0.8377,-0.9512,-0.7134,-1.0204,-0.8614,-0.8054,-0.7613,-0.8814,-0.7063,-0.8314,-0.7700,-0.7351,-0.7776,-0.9070,-0.7780,-0.7835,-1.0123,-0.9185,-0.8757,-0.8931,-0.9489,-0.8468,-0.9227,-0.8553,-1.0183,-0.9747,-0.6650,-0.8468,-0.5933,-0.5860,-0.6621,-0.7300,-0.8622,-0.9117,-0.6872,-0.7034,-0.9101,-0.8398,-0.8478,-0.8105,-0.8282,-1.0539,-0.8382,-1.0417,-0.7438,-0.7281,-0.5556,-0.8655,-0.9744,-0.8459,-0.9552,-1.0931,-0.8870,-0.7906,-0.9111,-0.9972,-0.9491,-0.7750,-0.8653,-0.8270,-0.8999,-0.8503,-0.7246,-0.7702,-0.9553,-0.7642,-0.7783,-0.8971,-1.0143,-0.7135,-0.7825,-0.7237,-0.9475,-0.6970,-0.7569,-1.0302,-0.9114,-0.9686,-0.8369,-0.9323,-0.8629,-0.6306,-0.7321,-0.8767,-0.8364,-0.9970,-0.8917,-0.7382,-0.6027,-0.7751,-0.9445,-0.5827,-0.8114,-0.7793,-0.6991,-0.8262,-0.5394,-0.8544,-0.7581,-0.8602,-0.6998,-0.8700,-0.8404,-0.8843,-0.9507,-0.7767,-0.8450,-0.8757,-0.9065,-0.9218,-0.7309,-0.7250,-0.7455,-0.9149,-0.8183,-0.9534,-0.7077,-0.9236,-1.0495,-0.7378,-0.8721,-0.9317,-0.7716,-0.5142,-0.9167,-0.7565,-0.9461,-0.8577,-0.7839,-0.8814,-0.6337,-0.7510,-0.7296,-1.0156,-1.0656,-0.9190,-0.9299,-0.7083,-0.8269,-0.7391,-0.6847,-0.7321,-0.5896,-0.6762,-0.7127,-0.7934,-0.7470,-0.6959,-0.8337,-0.7104,-0.8078,-0.9119,-0.9604,-0.6833,-0.8745,-0.9795,-0.8111,-0.8616,-0.8042,-0.9935,-0.8432,-0.6850,-0.7029,-0.8713,-0.7289,-0.8935,-0.7639,-0.9136,-0.7957,-0.7305,-0.7038,-0.7131,-0.7466,-0.8982,-0.8213,-0.8897,-0.5363,-0.8201,-0.7113,-0.7466,-0.9177,-0.7253,-0.8688,-0.8052,-0.8810,-0.7889,-0.5729,-0.8219,-0.7236,-1.0831,-0.3798,-0.6704,-0.9370,-0.7579,-0.9598,-0.7742,-0.9061,-0.8834,-0.6666,-0.7268,-0.5630,-0.6575,-0.6722,-0.9056,-0.8715,-0.5786,-0.8860,-0.8523,-0.7178,-0.6969,-0.5996,-0.5955,-0.6495,-0.6991,-1.0338,-0.7453,-0.6437,-0.7613,-0.9384,-0.8287,-0.8348,-0.5478,-0.5255,-0.9232,-0.4360,-0.8006,-0.3373,-0.6878,-0.4806,-0.4293,-0.7966,-1.0398,-0.3855,-0.9399,-0.8279,-0.7322,-0.3964,-0.2898
A,LEU,167,-0.2828,-0.3105,-0.2707,-0.5142,-0.3097,-0.6807,-0.4052,-0.5054,-0.5428,-0.4865,-0.4344,-0.5675,-0.5182,-0.4623,-0.5591,-0.2521,-0.2355,-0.4912,-0.6202,-0.3911,-0.3634,-0.5581,-0.5867,-0.4569,-0.4802,-0.6061,-0.3229,-0.4915,-0.5246,-0.3856,-0.4656,-0.3948,-0.4858,-0.3118,-0.3757,-0.4048,-0.4298,-0.3934,-0.5074,-0.4499,-0.4918,-0.4618,-0.4977,-0.5544,-0.5275,-0.2361,-0.5522,-0.5630,-0.4757,-0.6603,-0.3760,-0.2711,-0.4737,-0.4296,-0.5048,-0.5207,-0.3865,-0.4581,-0.4478,-0.3217,-0.4885,-0.4657,-0.3043,-0.5733,-0.4454,-0.4498,-0.3205,-0.3243,-0.4671,-0.5010,-0.4689,-0.5425,-0.5644,-0.3410,-0.3869,-0.3382,-0.4516,-0.6077,-0.4288,-0.5373,-0.2666,-0.4411,-0.4806,-0.5100,-0.2493,-0.6659,-0.3099,-0.5854,-0.2575,-0.2364,-0.5299,-0.2390,-0.5231,-0.4245,-0.3034,-0.3668,-0.4556,-0.5682,-0.3805,-0.5587,-0.5904,-0.5333,-0.5532,-0.4670,-0.5597,-0.4911,-0.2492,-0.4186,-0.4273,-0.2727,-0.3669,-0.4628,-0.4554,-0.4759,-0.5559,-0.3016,-0.4844,-0.3689,-0.5041,-0.2338,-0.3821,-0.3564,-0.3368,-0.4979,-0.4905,-0.3880,-0.5437,-0.4707,-0.5620,-0.5180,-0.2600,-0.5340,-0.4896,-0.5677,-0.2755,-0.5300,-0.4544,-0.3317,-0.5500,-0.3032,-0.3982,-0.2843,-0.3778,-0.4769,-0.3079,-0.3492,-0.4486,-0.5480,-0.3475,-0.4264,-0.4185,-0.4474,-0.4564,-0.4304,-0.4438,-0.5068,-0.4665,-0.4024,-0.5085,-0.1025,-0.4496,-0.2474,-0.1060,-0.3767,-0.5610,-0.4342,-0.3570,-0.4180,-0.4716,-0.5026,-0.4951,-0.2760,-0.4040,-0.3685,-0.6161,-0.5780,-0.5183,-0.2949,-0.3072,-0.1307,-0.5331,-0.3757,-0.4911,-0.5384,-0.4798,-0.4343,-0.5289,-0.3688,-0.3955,-0.4775,-0.3400,-0.5066,-0.4160,-0.5839,-0.2845,-0.3925,-0.3870,-0.4885,-0.3953,-0.3532,-0.5071,-0.4514,-0.3918,-0.2439,-0.4209,-0.5162,-0.5873,-0.3285,-0.5243,-0.4727,-0.5767,-0.4205,-0.6449,-0.3654,-0.3253,-0.2982,-0.3890,-0.3657,-0.3722,-0.4235,-0.3772,-0.2976,-0.4547,-0.3083,-0.2466,-0.4486,-0.3315,-0.3728,-0.3452,-0.3179,-0.4112,-0.3290,-0.3543,-0.3060,-0.3345,-0.3523,-0.3078,-0.4046,-0.3883,-0.5231,-0.2938,-0.2869,-0.4743,-0.1529,-0.4759,-0.2890,-0.4727,-0.3493,-0.3738,-0.2368,-0.3625,-0.3296,-0.2920,-0.5899,-0.4099,-0.1342,-0.1860,-0.4990,-0.2767,-0.6189,-0.3436,-0.4025,-0.5011,-0.1928,-0.3418,-0.2662,-0.4875,-0.3225,-0.4681,-0.4426,-0.3131,-0.6129,-0.4595,-0.3047,-0.2777,-0.1979,-0.1836,-0.3895,-0.3823,-0.4355,-0.3752,-0.3232,-0.2993,-0.4249,-0.4138,-0.3340,-0.5159,-0.3193,-0.5400,-0.4400,-0.5194,-0.4952,-0.4959,-0.4597,-0.2589,-0.2788,-0.4684,-0.3576,-0.2553,-0.4417,-0.4322,-0.3974,-0.2638,-0.5516,-0.2833,-0.2461,-0.3595,-0.2615,-0.3882,-0.1315,-0.3781,-0.2355,-0.4543,-0.2648,-0.3500,-0.3288,-0.4439,-0.4422,-0.3317,-0.1248,-0.3202,-0.3002,-0.4787,-0.1203,-0.2537,-0.4052,-0.2426,-0.3528,-0.4046,-0.3651,-0.3573,-0.1555,-0.3042,-0.1224,-0.2403,-0.1852,-0.3373,-0.5277,-0.0376,-0.4085,-0.3860,-0.1519,-0.2174,-0.2001,-0.4318,-0.2820,-0.2800,-0.3304,-0.2760,-0.1677,-0.1819,-0.3248,-0.1660,-0.3367,-0.0980,-0.2827,-0.2240,-0.1584,-0.3009,-0.0036,-0.3767,-0.3640,-0.1505,-0.3075,-0.3150,-0.1689,-0.1778,-0.5488,-0.5472,-0.0579,-0.0358
A,PRO,168,-0.1419,-0.1326,-0.2029,-0.3695,-0.2383,-0.5950,-0.3528,-0.3699,-0.3903,-0.4022,-0.2458,-0.4922,-0.3899,-0.4217,-0.4864,-0.1560,-0.1575,-0.4004,-0.3888,-0.2086,-0.2817,-0.3957,-0.5070,-0.2734,-0.3927,-0.3949,-0.2223,-0.3301,-0.3524,-0.3076,-0.3393,-0.3093,-0.3383,-0.2728,-0.2499,-0.1995,-0.2418,-0.3465,-0.3765,-0.3509,-0.4214,-0.2526,-0.4942,-0.5428,-0.3766,-0.1527,-0.4478,-0.4858,-0.3957,-0.6200,-0.3517,-0.2284,-0.4940,-0.3936,-0.2775,-0.3797,-0.3830,-0.3153,-0.3682,-0.2691,-0.5071,-0.3162,-0.1502,-0.5062,-0.3772,-0.3321,-0.2502,-0.2810,-0.4627,-0.2974,-0.3780,-0.4017,-0.5048,-0.3546,-0.2506,-0.1743,-0.2521,-0.4412,-0.3613,-0.4967,-0.1758,-0.4160,-0.3858,-0.4203,-0.1856,-0.5191,-0.2368,-0.5909,-0.1303,-0.1661,-0.4023,-0.1226,-0.4667,-0.3320,-0.1408,-0.4135,-0.4137,-0.5603,-0.2815,-0.6803,-0.4866,-0.4557,-0.5237,-0.4379,-0.4150,-0.3101,-0.1849,-0.2716,-0.4799,-0.1451,-0.3800,-0.3449,-0.3882,-0.3506,-0.5476,-0.2095,-0.2862,-0.2635,-0.4851,-0.2473,-0.3312,-0.3497,-0.2021,-0.5214,-0.3998,-0.3062,-0.6878,-0.3464,-0.5063,-0.6283,-0.1316,-0.3837,-0.5043,-0.6494,-0.3129,-0.5710,-0.3602,-0.2428,-0.5716,-0.3047,-0.3743,-0.1642,-0.3975,-0.4970,-0.3163,-0.2265,-0.5036,-0.6807,-0.3609,-0.3980,-0.3955,-0.3962,-0.5019,-0.2351,-0.4743,-0.6299,-0.4205,-0.3516,-0.3775,,-0.3779,-0.1139,-0.0626,-0.4211,-0.6748,-0.4578,-0.4093,-0.3107,-0.5162,-0.4381,-0.3823,-0.2469,-0.4477,-0.2252,-0.6042,-0.6391,-0.4958,-0.2799,-0.3426,-0.0252,-0.5319,-0.3928,-0.4826,-0.6141,-0.3901,-0.4163,-0.6028,-0.3708,-0.4327,-0.6664,-0.2620,-0.4496,-0.5364,-0.6415,-0.3232,-0.5250,-0.5131,-0.5654,-0.2876,-0.1696,-0.5305,-0.4168,-0.3520,-0.2283,-0.2805,-0.3517,-0.5297,-0.2562,-0.4558,-0.4716,-0.4973,-0.4497,-0.6504,-0.3853,-0.2712,-0.1195,-0.3707,-0.2082,-0.3532,-0.4459,-0.4140,-0.2195,-0.4524,-0.3436,-0.1866,-0.3586,-0.3777,-0.3762,-0.4567,-0.5285,-0.5417,-0.3834,-0.4099,-0.2981,-0.2650,-0.3155,-0.4721,-0.4102,-0.3646,-0.6555,-0.3321,-0.2626,-0.3664,-0.2001,-0.5144,-0.5305,-0.4206,-0.4846,-0.5164,-0.3396,-0.2986,-0.2469,-0.2395,-0.5921,-0.5163,-0.0941,-0.1700,-0.5054,-0.2597,-0.5757,-0.3361,-0.4859,-0.3743,-0.1702,-0.3305,-0.2623,-0.4355,-0.2696,-0.5111,-0.4608,-0.1917,-0.5757,-0.5423,-0.4015,-0.1437,-0.2374,-0.1231,-0.5241,-0.5883,-0.5350,-0.5713,-0.2546,-0.3168,-0.4932,-0.5607,-0.2631,-0.4728,-0.3266,-0.5686,-0.2682,-0.4212,-0.5067,-0.3638,-0.5840,-0.2620,-0.0881,-0.5367,-0.6077,-0.1636,-0.6322,-0.4515,-0.3668,-0.2483,-0.7576,-0.3966,-0.2783,-0.3304,-0.2412,-0.4246,-0.0913,-0.3836,-0.2225,-0.6135,-0.1025,-0.5682,-0.2809,-0.4938,-0.2827,-0.4482,-0.1298,-0.1976,-0.4775,-0.3892,-0.0461,-0.2012,-0.3955,-0.2885,-0.3359,-0.3494,-0.3625,-0.1936,-0.1156,-0.2131,-0.0250,-0.1236,-0.0111,-0.2732,-0.5779,,-0.3630,-0.2511,-0.0825,-0.1048,-0.1883,-0.7837,-0.3369,-0.1822,-0.3001,-0.2439,-0.1869,-0.1971,-0.2423,-0.2260,-0.3142,,-0.1686,-0.2188,-0.0330,-0.2003,,-0.3105,-0.3515,-0.0758,-0.2027,-0.2557,-0.0326,-0.1057,-0.4562,-0.4046,,
A,THR,169,-0.0041,,,-0.1399,-0.1296,-0.1331,-0.0039,-0.0176,-0.1075,-0.0122,-0.0454,-0.0587,-0.1118,-0.0362,-0.1040,,-0.0426,-0.0221,-0.1024,-0.0513,-0.0074,-0.0210,-0.0546,-0.0252,-0.1009,-0.1130,-0.0030,-0.0439,-0.0304,-0.0691,-0.0344,-0.0489,-0.0230,-0.0227,-0.0556,-0.1339,-0.0422,-0.0604,-0.0938,-0.0315,-0.0840,-0.0405,-0.0866,-0.1564,-0.0119,-0.0089,-0.0163,-0.1165,-0.0123,-0.1345,-0.0850,-0.0037,-0.0571,-0.0354,-0.0272,-0.0212,-0.0116,-0.0085,-0.0749,-0.0131,-0.0928,-0.0910,-0.0221,-0.0712,-0.1399,-0.0959,-0.0316,-0.0819,-0.0469,-0.0944,-0.0050,-0.1444,-0.1794,-0.0193,-0.0322,,-0.0558,-0.1055,-0.0582,-0.0636,-0.0143,-0.0164,-0.0526,-0.0684,-0.0726,-0.1245,-0.1042,-0.1278,,-0.0089,-0.1795,,-0.0662,-0.0463,,-0.0611,-0.1060,-0.0420,-0.0880,-0.1220,-0.1677,-0.1384,-0.1695,-0.1292,-0.1927,-0.0227,,-0.0139,-0.0581,,-0.0096,-0.1052,-0.0510,-0.0795,-0.1517,-0.0180,-0.0145,-0.0274,-0.0313,-0.0433,-0.0458,-0.0663,-0.0895,-0.0852,-0.0133,-0.0040,-0.1474,-0.0227,-0.0657,-0.2096,-0.0086,-0.0216,-0.1120,-0.2381,-0.0170,-0.1059,-0.0622,-0.0323,-0.0482,-0.0278,-0.0533,,-0.0441,-0.1717,-0.1512,-0.0235,-0.1027,-0.1808,-0.0535,-0.1344,-0.1661,-0.0209,-0.1519,-0.1258,-0.1156,-0.1501,-0.1250,-0.0707,-0.0916,,-0.0862,,,-0.0787,-0.2125,-0.0760,-0.1307,-0.0269,-0.1207,-0.0216,-0.0595,-0.0403,-0.0945,-0.1124,-0.1536,-0.2238,-0.0698,-0.0293,-0.0041,,-0.1239,-0.0807,-0.0957,-0.2269,-0.2224,-0.0682,-0.1227,-0.0849,-0.1688,-0.1431,-0.0211,-0.0822,-0.1857,-0.1790,-0.1063,-0.1353,-0.1072,-0.1175,-0.0222,-0.0090,-0.1413,-0.0820,-0.0209,,-0.0309,-0.0354,-0.0640,-0.0213,-0.0481,-0.1077,-0.0618,-0.1440,-0.1346,-0.1207,-0.0252,-0.0035,-0.1035,-0.0073,-0.1155,-0.0559,-0.0129,-0.0087,-0.1011,-0.0385,-0.0275,-0.1504,-0.1584,-0.0876,-0.1076,-0.0653,-0.1715,-0.0945,-0.1053,-0.0540,-0.0139,-0.0624,-0.0840,-0.0382,-0.1041,-0.1752,-0.0278,,-0.1253,-0.0034,-0.0678,-0.1005,-0.0870,-0.0128,-0.1143,-0.0700,-0.0139,-0.0654,-0.0132,-0.1332,-0.1262,-0.0038,,-0.0999,-0.0040,-0.2327,-0.0928,-0.2040,-0.0881,-0.0074,-0.0171,-0.0271,-0.0441,-0.0866,-0.0726,-0.0904,,-0.2144,-0.0591,-0.0552,,-0.0260,,-0.0943,-0.1219,-0.0195,-0.1237,-0.1310,-0.0217,-0.0812,-0.0627,-0.1359,-0.0679,-0.0420,-0.1455,-0.0035,-0.1610,-0.1554,-0.1086,-0.0463,-0.0356,,-0.2178,-0.0417,-0.0595,-0.0470,-0.1769,-0.0408,-0.0365,-0.1215,-0.0558,-0.1379,-0.0407,-0.0047,-0.0792,,-0.1048,-0.0040,-0.1248,,-0.1628,-0.0184,-0.1196,-0.0385,-0.0653,,,-0.1183,-0.1145,,-0.1069,-0.1588,-0.0828,-0.0468,-0.0340,-0.1313,-0.0699,,-0.0130,,,,-0.1405,-0.0290,,-0.0761,-0.0479,,,,-0.2008,-0.1145,,-0.1108,,-0.0630,-0.0783,,,-0.0324,,-0.0047,-0.1262,,-0.0717,,-0.0533,-0.0752,,-0.0125,-0.1421,,,-0.0874,-0.0874,,
A,GLY,170,-0.0304,-0.0191,-0.0356,-0.1208,-0.1363,-0.1169,-0.0254,-0.0303,-0.1204,-0.0545,-0.0543,-0.0584,-0.1239,-0.0572,-0.0570,-0.0332,-0.0545,-0.0257,-0.0971,-0.0640,-0.0077,-0.0370,-0.0870,-0.0317,-0.1054,-0.1018,-0.0219,-0.0424,-0.0353,-0.0682,-0.0158,-0.0826,-0.0386,-0.0537,-0.0697,-0.1056,-0.0349,-0.0510,-0.0499,-0.0829,-0.0672,-0.0229,-0.0991,-0.1031,-0.0235,-0.0283,-0.0657,-0.1066,-0.0162,-0.1028,-0.0747,,-0.0564,-0.0353,-0.0189,-0.0450,-0.0035,-0.0035,-0.1085,-0.0286,-0.1252,-0.0601,-0.0478,-0.0354,-0.1014,-0.0944,-0.0541,-0.0679,-0.0737,-0.0818,-0.0072,-0.1148,-0.1142,-0.0083,-0.0628,-0.0578,-0.0415,-0.1190,-0.0874,-0.0982,-0.0157,-0.0214,-0.0538,-0.0483,-0.1257,-0.1387,-0.0853,-0.1061,-0.0077,-0.0316,-0.1746,-0.0409,-0.0806,-0.0590,-0.0232,-0.0996,-0.1063,-0.0423,-0.1074,-0.1248,-0.1140,-0.1435,-0.1118,-0.0992,-0.1516,-0.0163,,-0.0347,-0.1167,-0.0445,-0.0354,-0.0891,-0.0434,-0.0657,-0.1229,-0.0299,-0.0080,-0.0446,-0.0445,-0.0719,-0.0391,-0.0958,-0.1005,-0.0705,-0.0185,-0.0113,-0.1046,-0.0046,-0.0758,-0.1704,-0.0361,-0.0454,-0.0862,-0.1789,-0.0462,-0.0874,-0.0676,-0.0577,-0.0919,-0.0442,-0.0798,-0.0073,-0.0816,-0.1129,-0.1128,-0.0165,-0.1119,-0.1332,-0.0301,-0.1140,-0.1420,-0.0246,-0.1139,-0.1122,-0.1247,-0.0976,-0.1020,-0.0644,-0.0631,-0.0454,-0.0663,-0.0028,-0.0524,-0.1120,-0.1701,-0.0899,-0.1132,-0.0503,-0.1000,-0.0450,-0.0846,-0.0618,-0.1097,-0.1278,-0.1392,-0.1405,-0.0818,-0.0242,-0.0128,-0.0032,-0.0663,-0.0880,-0.0680,-0.1516,-0.1535,-0.0702,-0.1115,-0.0840,-0.1510,-0.1122,-0.0349,-0.1034,-0.1492,-0.1087,-0.0703,-0.1008,-0.1202,-0.1234,-0.0676,-0.0036,-0.1626,-0.1134,-0.0304,-0.0098,-0.1013,-0.0612,-0.0997,-0.0477,-0.0595,-0.1202,-0.0640,-0.1674,-0.1395,-0.0952,-0.0572,-0.0258,-0.0898,-0.0354,-0.1398,-0.1123,-0.0577,,-0.0399,-0.0137,-0.0137,-0.1577,-0.1163,-0.1090,-0.1298,-0.1122,-0.1834,-0.1065,-0.1586,-0.0589,-0.0117,-0.0538,-0.1065,-0.0235,-0.1015,-0.1194,-0.0310,-0.0494,-0.1138,-0.0517,-0.0481,-0.1335,-0.0397,-0.0165,-0.1341,-0.1192,-0.0209,-0.0895,,-0.1422,-0.1232,-0.0038,-0.0070,-0.1251,-0.0325,-0.1685,-0.1521,-0.1552,-0.0551,-0.0349,-0.0069,-0.0418,-0.0834,-0.0717,-0.1235,-0.0707,,-0.1702,-0.1032,-0.0853,-0.0035,-0.0646,-0.0317,-0.1095,-0.0762,-0.0217,-0.1293,-0.1438,-0.0737,-0.0795,-0.0612,-0.1751,-0.0360,-0.0491,-0.1508,-0.0241,-0.1118,-0.1241,-0.1393,-0.0524,-0.0383,-0.0161,-0.1829,-0.0848,-0.1064,-0.0678,-0.1285,-0.0237,-0.0447,-0.1099,-0.0612,-0.0885,-0.0375,-0.0897,-0.0899,,-0.1669,-0.0226,-0.1003,-0.0159,-0.1011,-0.0226,-0.1127,-0.0781,-0.0594,-0.0278,-0.0662,-0.1230,-0.1330,,-0.0963,-0.1908,-0.1259,-0.0408,-0.0344,-0.1912,-0.0646,-0.0032,-0.0188,,-0.0890,-0.0360,-0.1453,-0.0567,-0.0037,-0.0590,-0.0787,-0.0181,-0.0131,-0.0450,-0.1501,-0.1494,-0.0038,-0.0787,-0.0216,-0.0679,-0.1157,-0.0033,-0.0488,-0.0514,-0.0260,-0.0367,-0.0990,-0.0073,-0.1127,,-0.0867,-0.1383,-0.0283,-0.0154,-0.1557,-0.0148,-0.0411,-0.0635,-0.0635,,-0.0079
A,VAL,171,-0.0267,-0.0289,-0.0431,-0.0792,-0.0946,-0.0791,-0.0082,-0.0364,-0.0620,-0.0409,-0.0478,-0.0386,-0.0864,-0.0370,-0.0280,-0.0255,-0.0513,-0.0155,-0.0571,-0.0436,-0.0218,-0.0375,-0.0585,-0.0244,-0.0394,-0.0774,-0.0220,-0.0529,-0.0404,-0.0527,-0.0138,-0.0347,-0.0447,-0.0334,-0.0548,-0.0574,-0.0348,-0.0510,-0.0260,-0.0479,-0.0512,-0.0277,-0.0603,-0.0521,-0.0246,-0.0396,-0.0567,-0.0618,-0.0222,-0.0583,-0.0596,-0.0130,-0.0324,-0.0115,-0.0242,-0.0357,-0.0073,-0.0208,-0.0390,-0.0224,-0.0478,-0.0490,-0.0246,-0.0214,-0.0404,-0.0399,-0.0262,-0.0485,-0.0352,-0.0341,-0.0125,-0.0589,-0.0337,-0.0109,-0.0320,-0.0339,-0.0234,-0.0734,-0.0463,-0.0274,-0.0238,-0.0216,-0.0156,-0.0177,-0.0722,-0.0676,-0.0607,-0.0609,-0.0149,-0.0255,-0.0541,-0.0422,-0.0162,-0.0250,-0.0418,-0.0644,-0.0625,-0.0233,-0.0650,-0.0347,-0.0455,-0.0690,-0.0411,-0.0695,-0.0478,-0.0298,-0.0070,-0.0486,-0.0527,-0.0558,-0.0244,-0.0842,-0.0320,-0.0635,-0.0459,-0.0327,-0.0306,-0.0197,-0.0348,-0.0452,-0.0321,-0.0115,-0.0525,-0.0337,-0.0306,-0.0202,-0.0172,-0.0098,-0.0370,-0.0386,-0.0165,-0.0359,-0.0229,-0.0708,-0.0211,-0.0453,-0.0579,-0.0475,-0.0327,-0.0206,-0.0289,-0.0251,-0.0215,-0.0618,-0.0509,-0.0219,-0.0448,-0.0752,-0.0137,-0.0450,-0.0283,-0.0181,-0.0336,-0.0724,-0.0387,-0.0265,-0.0205,-0.0197,-0.0278,-0.0432,-0.0652,-0.0165,-0.0277,-0.0524,-0.0671,-0.0347,-0.0257,-0.0294,-0.0642,-0.0539,-0.0420,-0.0176,-0.0488,-0.0834,-0.0887,-0.0921,-0.0374,-0.0190,-0.0242,-0.0136,-0.0160,-0.0285,-0.0212,-0.1046,-0.1073,-0.0442,-0.0682,-0.0576,-0.0424,-0.0510,-0.0336,-0.0421,-0.0383,-0.0798,-0.0153,-0.0451,-0.0650,-0.0289,-0.0452,-0.0377,-0.0660,-0.0298,-0.0212,-0.0217,-0.0391,-0.0304,-0.0584,-0.0198,-0.0286,-0.0304,-0.0293,-0.0350,-0.0384,-0.0280,-0.0124,-0.0228,-0.0033,-0.0329,-0.0387,-0.0159,-0.0475,-0.0122,-0.0117,-0.0176,-0.0148,-0.0681,-0.0512,-0.0411,-0.0349,-0.0602,-0.0554,-0.0895,-0.0603,-0.0384,-0.0187,-0.0388,-0.0245,-0.0264,-0.0506,-0.0509,-0.0073,-0.0204,-0.0399,-0.0116,-0.0198,-0.0622,-0.0063,-0.0151,-0.0584,-0.0042,-0.0234,-0.0122,-0.0153,-0.0500,-0.0237,-0.0035,-0.0048,-0.0485,-0.0183,-0.0412,-0.0506,-0.0361,-0.0324,-0.0083,-0.0127,-0.0240,-0.0228,-0.0173,-0.0240,-0.0374,-0.0121,-0.0441,-0.0667,-0.0591,-0.0215,-0.0391,,-0.0418,,-0.0143,-0.0388,-0.0884,-0.0069,-0.0205,-0.0171,-0.0637,-0.0476,-0.0331,-0.0580,-0.0114,-0.0139,-0.0532,-0.0513,-0.0262,-0.0217,-0.0116,-0.0758,-0.0322,-0.0786,-0.0150,-0.0423,-0.0089,-0.0214,-0.0788,-0.0277,-0.0306,-0.0114,-0.0108,-0.0188,-0.0068,-0.0807,-0.0104,-0.0429,-0.0271,-0.0422,-0.0170,-0.0433,-0.0329,-0.0078,-0.0125,-0.0669,-0.0572,-0.0647,-0.0136,-0.0532,-0.0514,-0.0164,-0.0196,-0.0256,-0.0929,-0.0317,-0.0131,-0.0132,-0.0125,-0.0608,-0.0571,-0.1530,-0.0348,-0.0040,-0.0130,-0.0821,-0.0391,-0.0139,-0.0132,-0.0248,-0.0765,-0.0039,-0.0482,-0.0119,-0.0105,-0.0541,-0.0140,-0.0262,-0.0398,-0.0448,-0.0475,-0.0235,-0.0323,-0.0441,,-0.0927,-0.1267,-0.0317,-0.0665,-0.0887,-0.0523,-0.0561,-0.0387,-0.0387,-0.0033,-0.0036
A,HIS,172,-0.2029,-0.1850,-0.2362,-0.2231,-0.2500,-0.1953,-0.0749,-0.2097,-0.1759,-0.2321,-0.1179,-0.2065,-0.1621,-0.2150,-0.1392,-0.2394,-0.1174,-0.0542,-0.2253,-0.2024,-0.1433,-0.1988,-0.2071,-0.0891,-0.0859,-0.2071,-0.0280,-0.1844,-0.1872,-0.1581,-0.0498,-0.1761,-0.1721,-0.1367,-0.1583,-0.1243,-0.0970,-0.1537,-0.0649,-0.2252,-0.0317,-0.1260,-0.0424,-0.1595,-0.2145,-0.1741,-0.2031,-0.1390,-0.1337,-0.0814,-0.1551,-0.0962,-0.1425,-0.0795,-0.1898,-0.1952,-0.0756,-0.1377,-0.0671,-0.1489,-0.1885,-0.1123,-0.2075,-0.1403,-0.0720,-0.1314,-0.2005,-0.1459,-0.2019,-0.1873,-0.0571,-0.1024,-0.0125,-0.0905,-0.1314,-0.1842,-0.0677,-0.1207,-0.2123,-0.1438,-0.1228,-0.1123,-0.0428,-0.0425,-0.2092,-0.2075,-0.1068,-0.1755,-0.1157,-0.2041,-0.1858,-0.2631,-0.1249,-0.0365,-0.2072,-0.0852,-0.1948,-0.1563,-0.1608,-0.0082,-0.0113,-0.1543,-0.0397,-0.1449,-0.1446,-0.0917,-0.0047,-0.2220,-0.2339,-0.2482,-0.0333,-0.1274,-0.1876,-0.0906,-0.1547,-0.2195,-0.1648,-0.0561,-0.1345,-0.2120,-0.0579,-0.0343,-0.2226,-0.1778,-0.1340,-0.1187,-0.0090,-0.0277,-0.1882,-0.1121,-0.1709,-0.2125,-0.0390,-0.1658,-0.1483,-0.0706,-0.2053,-0.1830,-0.1432,-0.1381,-0.1632,-0.1413,-0.0682,-0.1573,-0.1695,-0.0752,-0.1623,-0.1403,-0.0506,-0.1885,-0.1660,-0.1575,-0.0540,-0.1363,-0.1926,-0.1213,-0.0446,-0.0612,-0.0697,-0.2566,-0.2188,-0.1205,-0.1845,-0.0987,-0.0469,-0.0819,-0.0455,-0.0299,-0.1880,-0.1884,-0.0636,-0.1021,-0.1372,-0.2155,-0.2102,-0.0682,-0.1733,-0.0487,-0.1672,-0.1185,-0.0835,-0.1506,-0.0353,-0.0872,-0.1016,-0.1179,-0.0656,-0.1930,-0.1599,-0.0110,-0.1977,-0.0296,-0.1901,-0.1448,-0.0458,-0.0860,-0.1036,-0.0259,-0.0855,-0.2026,-0.1171,-0.1128,-0.0984,-0.1381,-0.0844,-0.1447,-0.0839,-0.0616,-0.0788,-0.1099,-0.0802,-0.0476,-0.1458,-0.0604,-0.0583,-0.0951,-0.0142,-0.1661,-0.1497,-0.0248,-0.1911,-0.0674,-0.0770,-0.1527,-0.0458,-0.1772,-0.1197,-0.0485,-0.1752,-0.0606,-0.0818,-0.2107,-0.1222,-0.0222,-0.0882,-0.0479,-0.0879,-0.2060,-0.0175,-0.0870,-0.0117,-0.2029,-0.1238,-0.1041,-0.0262,-0.0558,-0.0718,-0.0862,-0.1798,-0.0131,-0.1546,-0.1563,-0.0337,-0.1318,-0.0253,-0.0982,-0.0804,-0.0690,-0.0585,-0.0486,-0.1123,-0.0193,-0.0364,-0.1113,-0.0765,-0.1007,-0.0578,-0.1119,-0.1536,-0.0829,-0.0298,-0.0490,-0.0854,-0.1873,-0.1555,-0.1005,-0.0447,-0.1266,-0.0040,-0.0209,-0.0340,-0.2076,-0.0164,-0.0130,-0.0542,-0.1191,-0.1520,-0.0384,-0.0724,-0.1181,-0.0271,-0.0352,-0.1341,-0.1110,-0.1265,-0.0791,-0.1504,-0.1062,-0.2778,-0.0461,-0.0249,-0.0113,-0.1179,-0.0690,-0.0395,-0.0046,-0.0355,-0.1213,-0.0352,-0.0086,-0.2580,-0.0683,-0.0334,-0.2089,-0.0290,-0.1519,-0.0846,-0.0972,-0.0223,-0.0804,-0.2893,-0.1093,-0.2123,-0.0670,-0.0427,-0.1034,-0.0688,-0.1570,-0.1609,-0.2122,-0.0767,-0.0923,-0.0456,-0.0630,-0.2499,-0.2357,-0.2469,-0.0688,-0.0766,-0.0320,-0.2028,-0.1775,-0.0403,-0.0825,-0.0160,-0.0808,-0.0473,-0.0740,-0.0919,-0.0184,-0.0720,-0.1393,-0.1107,-0.0788,-0.1949,-0.1220,-0.1547,-0.1755,-0.2124,,-0.1493,-0.2192,-0.1022,-0.2583,-0.3258,-0.1649,-0.3238,-0.0202,-0.0202,-0.0116,-0.0758
A,ALA,173,-0.0232,-0.0220,-0.0387,-0.0256,-0.0398,-0.0417,-0.0168,-0.0266,-0.0112,-0.0546,-0.0160,-0.0212,-0.0167,-0.0341,-0.0457,-0.0351,-0.0229,-0.0151,-0.0421,-0.0339,-0.0335,-0.0402,-0.0313,-0.0036,-0.0079,-0.0273,-0.0159,-0.0388,-0.0127,-0.0225,-0.0068,-0.0252,-0.0316,,-0.0464,-0.0162,-0.0305,-0.0419,-0.0127,-0.0499,-0.0075,-0.0190,-0.0075,-0.0397,-0.0453,-0.0405,-0.0242,-0.0539,-0.0150,-0.0136,-0.0265,-0.0373,-0.0249,-0.0187,-0.0201,-0.0202,-0.0084,-0.0422,,-0.0262,-0.0280,-0.0251,-0.0199,-0.0360,-0.0226,-0.0160,-0.0118,-0.0246,-0.0301,-0.0249,-0.0135,-0.0149,-0.0113,-0.0311,-0.0143,-0.0125,-0.0345,-0.0179,-0.0262,-0.0359,-0.0201,-0.0070,-0.0112,-0.0260,-0.0132,-0.0273,-0.0303,-0.0196,-0.0260,-0.0134,-0.0116,-0.0455,-0.0249,-0.0076,-0.0466,-0.0065,-0.0179,-0.0120,-0.0403,-0.0101,,-0.0258,-0.0045,-0.0144,-0.0158,-0.0070,-0.0044,-0.0295,-0.0208,-0.0401,-0.0188,-0.0374,-0.0153,-0.0237,-0.0103,-0.0380,-0.0215,-0.0115,-0.0193,-0.0260,-0.0191,-0.0076,-0.0380,-0.0212,-0.0224,-0.0101,-0.0104,-0.0032,-0.0144,-0.0071,-0.0033,-0.0362,-0.0222,-0.0251,-0.0334,-0.0072,-0.0422,-0.0156,-0.0205,-0.0084,-0.0377,-0.0224,-0.0075,-0.0110,-0.0204,-0.0118,-0.0258,-0.0223,,-0.0255,,-0.0193,-0.0116,-0.0311,-0.0239,-0.0238,-0.0044,-0.0203,-0.0078,-0.0585,-0.0362,-0.0276,-0.0100,,-0.0032,-0.0075,-0.0043,-0.0074,-0.0138,-0.0567,,,-0.0323,-0.0288,-0.0268,-0.0196,-0.0374,-0.0112,-0.0176,-0.0221,-0.0035,-0.0232,-0.0035,-0.0154,-0.0131,-0.0167,-0.0068,-0.0163,-0.0265,-0.0041,-0.0169,-0.0163,-0.0281,-0.0246,-0.0110,-0.0075,-0.0116,-0.0069,-0.0069,-0.0306,-0.0102,-0.0113,-0.0149,-0.0356,-0.0038,-0.0096,-0.0099,-0.0076,-0.0153,-0.0117,-0.0104,-0.0137,-0.0109,-0.0033,,-0.0363,-0.0033,-0.0414,-0.0175,-0.0078,-0.0536,-0.0150,-0.0165,-0.0311,-0.0286,-0.0231,-0.0167,,-0.0294,,-0.0032,-0.0347,-0.0084,,-0.0219,-0.0081,-0.0184,-0.0260,-0.0065,-0.0038,-0.0034,-0.0368,,-0.0028,-0.0076,,-0.0208,-0.0114,-0.0182,,-0.0354,-0.0306,-0.0112,-0.0079,-0.0111,-0.0285,,-0.0117,-0.0078,-0.0111,-0.0074,,-0.0133,-0.0031,-0.0201,-0.0230,-0.0120,-0.0183,-0.0191,-0.0184,-0.0225,-0.0109,-0.0032,,-0.0198,,-0.0278,,-0.0039,,-0.0037,-0.0339,,-0.0070,-0.0119,-0.0085,-0.0268,-0.0130,-0.0105,-0.0410,-0.0113,-0.0073,,-0.0227,-0.0116,-0.0281,-0.0123,-0.0074,-0.0474,-0.0173,-0.0062,,,-0.0063,-0.0081,,-0.0212,-0.0074,-0.0120,-0.0082,-0.0346,-0.0033,-0.0127,-0.0459,-0.0037,-0.0258,,-0.0098,-0.0120,-0.0072,-0.0435,-0.0127,-0.0118,-0.0207,-0.0040,,-0.0033,-0.0073,-0.0109,-0.0227,-0.0037,-0.0360,,-0.0242,-0.0423,-0.0695,-0.0242,-0.0378,-0.0107,-0.0033,-0.0276,-0.0365,-0.0295,,,,-0.0042,-0.0113,-0.0264,,-0.0033,-0.0204,-0.0035,-0.0215,-0.0633,-0.0130,-0.0245,-0.0945,-0.0039,-0.0087,-0.0759,-0.0297,-0.0123,-0.1639,-0.0415,-0.0985,-0.0377,-0.0423,-0.0423,-0.0577,-0.0070
A,GLY,174,,,,,,,,,,,,,,,,,,,,,,,,,,,,,,,,,,,,,,,,,,,,,,,,,,,,,,,,,,,,,,,,,,,,,,,,,,,,,,,,,,,,,,,,,,,,,,,,,,,,,,,,,,,,,,,,,,,,,,,,,,,,,,,,,,,,,,,,,,,,,,,,,,,,,,,,,,,,,,,,,,,,,,,,,,,,,,,,,,,,,,,,,,,,,,,,,,,,,,,,,,,,,,,,,,,,,,,,,,,,,,,,,,,,,,,,,,,,,,,,,,,,,,,,,,,,,,,,,,,,,,,,,,,,,,,,,,,,,,,,,,,,,,,,,,,,,,,,,,,,,,,,,,,,,,,,,,,,,,,,,,,,,,,,,,,,,,,,,,,,,,,,,,,,,,,,,,,,,,,,,,,,-0.0161,,-0.0035,,,,,
A,PHE,181,-0.0171,-0.0089,-0.0305,,-0.0258,-0.0073,-0.0425,-0.0038,-0.0247,,-0.0419,-0.0452,,-0.0495,,-0.0367,-0.0349,-0.0424,-0.0175,-0.0413,,-0.0414,,-0.0120,-0.0037,-0.0122,-0.0424,,-0.0035,-0.0402,-0.0036,-0.0465,,,-0.0301,-0.0421,-0.0421,-0.0216,-0.0257,,-0.0455,-0.0422,,,,,-0.0037,,-0.0398,-0.0036,,-0.0471,,-0.0032,-0.0177,-0.0035,-0.0265,,,-0.0414,,,-0.0277,,-0.0489,-0.0437,,,,-0.0037,-0.0356,-0.0369,-0.0439,-0.0505,-0.0262,,-0.0081,-0.0154,,-0.0077,,,-0.0443,-0.0463,,-0.0043,,,-0.0308,,,,,-0.0257,-0.0126,-0.0256,-0.0044,-0.0083,-0.0407,-0.0349,-0.0214,-0.0218,-0.0040,-0.0158,,-0.0041,-0.0045,-0.0254,,,,,,,,,-0.0079,-0.0431,,,-0.0546,-0.0389,-0.0374,,-0.0034,,-0.0313,-0.0033,,,,-0.0037,,,-0.0350,,,,,,,-0.0414,-0.0240,-0.0084,,,,-0.0032,-0.0294,,,,,-0.0227,,,-0.0326,-0.0263,,-0.0540,,-0.0078,,,-0.0089,-0.0207,-0.0429,,,-0.0032,,,,,,,,-0.0487,,-0.0264,-0.0086,,,,-0.0161,,-0.0087,,,,,-0.0085,,,-0.0519,,,-0.0037,,-0.0134,,-0.0038,,-0.0471,,-0.0038,-0.0072,-0.0432,,-0.0035,,-0.0170,-0.0045,,,-0.0701,-0.0206,-0.0039,,-0.0037,,,,,-0.0324,,,,,,,,,-0.0365,-0.0352,,,,-0.0037,,,,,,-0.0540,,,,,,-0.0279,,,,-0.0458,-0.0328,,,-0.0168,-0.0040,,,-0.0557,,,,,-0.0250,,,,-0.0039,,,,,-0.0038,,,-0.0037,,,,-0.0154,,,,-0.0512,,,-0.0036,,,,,-0.0711,,,,-0.0523,-0.0071,,,-0.0038,,,-0.0399,,,-0.0427,,,,-0.0585,,,,-0.0041,,-0.0035,,,,-0.0459,,,,,,,-0.0167,,,-0.0040,,-0.0509,-0.0038,-0.0142,-0.0040,,,,-0.0075,,,,-0.0040,,-0.0517,,,-0.0075,-0.0045,-0.0127,-0.0081,-0.0168,,-0.0032,,-0.0317,-0.0087,,,-0.0032,,,,-0.0037,-0.0037,-0.0223,
A,PHE,185,,,,,,-0.0075,,-0.0076,,-0.0378,,,,,-0.0039,,,,,,,-0.0069,-0.0075,,,,,,,,-0.0034,,-0.0115,,,,-0.0309,,,-0.0255,,,,,-0.0080,,,-0.0378,,-0.0190,,,,,,-0.0075,,-0.0086,,,,,,-0.0036,,,,,,,-0.0069,,-0.0036,,,,,,,,,,-0.0032,,,-0.0168,,,,,,,,,,,,,,-0.0036,,,,,,,,,,,-0.0258,-0.0037,-0.0039,,-0.0039,,,,,,,,,,,,-0.0039,-0.0034,,,,-0.0178,,-0.0213,,,-0.0214,,,,,,,,,,,,,,,,,,,,,,-0.0042,,,,,,,,,-0.0039,,-0.0117,,,,,-0.0118,-0.0259,-0.0257,,,,,,,,,,,,,,,,,,,,,,,-0.0036,,,,,-0.0039,,-0.0271,,-0.0032,,,,-0.0080,,,,,-0.0386,,-0.0112,,,,,,,,,,,,,,,,,,,,,,,,,,,,,,,,,,,,,,-0.0328,,-0.0036,,,-0.0295,,,,,,,,,-0.0036,,,,,,,,-0.0036,,,,,,,,,,-0.0112,,,,,,,,,,,,,,,,,,,,,,,,,,,,,,,,,,,,,,,,,,,,,,,,-0.0038,,,,,,,,,,,,,,-0.0422,,,,,,,,,-0.0040,,,,,,,-0.0155,-0.0155,,
A,VAL,186,-0.0809,-0.0837,-0.0478,-0.0076,-0.0410,-0.0843,-0.1032,-0.0774,-0.0595,-0.0586,-0.0997,-0.0991,-0.0077,-0.0914,-0.0487,-0.0747,-0.0638,-0.1070,-0.0935,-0.0759,-0.0346,-0.1564,-0.0534,-0.0564,-0.0313,-0.0680,-0.0982,-0.0376,-0.0630,-0.0814,-0.0667,-0.0905,-0.0574,,-0.0810,-0.0863,-0.1192,-0.0877,-0.1000,-0.0565,-0.0989,-0.0902,-0.0547,-0.0259,-0.0457,,-0.0760,-0.0556,-0.0964,-0.0812,-0.0035,-0.0872,-0.0330,-0.0425,-0.0928,-0.0759,-0.0968,-0.0459,-0.0445,-0.0752,-0.0108,-0.0404,-0.0849,-0.0444,-0.0952,-0.1006,,,-0.0039,-0.0234,-0.1258,-0.0559,-0.1046,-0.0949,-0.0459,-0.0390,-0.0602,-0.0655,-0.0039,-0.0520,,-0.0474,-0.0965,-0.1061,,-0.0622,-0.0114,-0.0190,-0.0869,,,-0.0074,-0.0169,-0.0694,-0.0780,-0.0549,-0.0289,-0.0655,-0.0892,-0.1105,-0.0615,-0.0633,-0.0370,-0.0470,-0.0127,-0.0497,-0.0678,-0.0607,,-0.0077,-0.0718,-0.0433,-0.0201,-0.0361,-0.0215,,-0.0647,-0.0773,-0.0157,,-0.0801,-0.0812,-0.0490,,-0.0585,-0.0429,-0.0946,-0.0712,-0.0386,,-0.0041,-0.0706,-0.0319,-0.0528,-0.0758,-0.0027,-0.0450,-0.0316,-0.0292,,,-0.0718,-0.0296,-0.0294,,-0.0245,,-0.0326,-0.0481,-0.0032,,-0.0083,-0.0163,-0.0749,-0.0077,-0.0234,-0.0691,-0.0506,-0.0334,-0.0761,-0.0081,-0.0233,,,-0.0562,-0.0438,-0.0697,-0.0616,,-0.0608,-0.0357,,,-0.0133,-0.0554,-0.0536,-0.0406,-0.0701,,-0.0740,-0.0489,,-0.0035,-0.0116,-0.0360,-0.0043,-0.0197,,,-0.0267,-0.0037,-0.0472,,-0.0128,-0.0700,,,-0.0555,-0.0354,-0.0774,-0.0058,-0.0560,-0.0121,-0.0829,-0.0688,-0.0387,-0.0855,-0.0866,-0.0526,-0.0271,-0.0390,-0.0362,-0.0569,,-0.0039,-0.1450,-0.0655,-0.0685,,-0.0654,-0.0164,-0.0203,-0.0229,,-0.0399,,-0.0028,-0.0038,,,-0.0033,,-0.0029,-0.0859,-0.0609,-0.0075,,-0.0041,-0.0472,,-0.0088,-0.0043,,-0.0039,-0.0999,,-0.0061,-0.0089,-0.0046,,-0.0642,,-0.0217,-0.0100,-0.0793,-0.0433,,-0.0689,-0.0332,-0.0511,,,-0.1086,,-0.0033,-0.0201,-0.0090,-0.0435,-0.0028,-0.0169,-0.0548,-0.0512,-0.0080,,-0.0360,,-0.0284,,-0.0128,-0.0451,,,-0.0038,-0.0529,-0.0168,,-0.0039,-0.0733,-0.0102,-0.0896,-0.0389,-0.0182,-0.0478,,,-0.1668,,,,-0.0847,-0.0317,-0.0043,,-0.0320,,,-0.0798,-0.0049,-0.0241,-0.0676,,-0.0032,-0.0243,-0.1080,-0.0170,-0.0033,-0.0035,-0.0389,,-0.0031,,,-0.0084,-0.0706,,-0.0082,,-0.0035,-0.0066,,-0.0292,-0.0095,,-0.0137,,-0.1082,-0.0088,-0.0750,-0.0040,-0.0074,-0.0120,,-0.0186,,,,-0.0216,-0.0085,-0.0722,,,-0.0697,-0.0190,-0.0247,-0.0777,-0.0549,,-0.0197,,-0.0360,-0.0414,,-0.0172,-0.0205,,-0.0190,,-0.0850,-0.0850,-0.0357,
A,ASP,187,-0.1944,-0.1532,-0.1832,-0.0036,-0.1695,-0.0818,-0.2316,-0.0733,-0.1700,-0.0638,-0.2302,-0.2020,-0.0243,-0.1999,-0.0591,-0.1887,-0.1966,-0.2410,-0.1312,-0.2188,-0.0510,-0.2640,-0.0699,-0.0999,-0.0549,-0.1150,-0.2360,-0.0670,-0.0848,-0.1870,-0.0776,-0.1920,-0.0785,,-0.2304,-0.2301,-0.2161,-0.2309,-0.2429,-0.0379,-0.2272,-0.2304,-0.1633,-0.0558,-0.0605,,-0.0689,-0.0638,-0.2451,-0.0810,,-0.1744,-0.0312,-0.0945,-0.1251,-0.0809,-0.2232,-0.0527,-0.0880,-0.2181,-0.0033,-0.1216,-0.1674,-0.0517,-0.1999,-0.2300,,,-0.0156,-0.0539,-0.2561,-0.1962,-0.2159,-0.1855,-0.1687,-0.0582,-0.1862,-0.1124,,-0.1665,,-0.0606,-0.2214,-0.2179,,-0.0646,-0.0220,-0.0275,-0.2773,,,-0.0036,-0.0122,-0.2124,-0.2329,-0.1582,-0.0777,-0.0965,-0.1550,-0.2072,-0.0984,-0.1152,-0.0371,-0.1017,-0.0262,-0.1007,-0.0953,-0.1781,,-0.0036,-0.0810,-0.0534,-0.0256,-0.0624,-0.0309,,-0.1080,-0.2155,-0.0695,-0.0039,-0.2044,-0.2068,-0.1805,,-0.0657,-0.0690,-0.1946,-0.0779,-0.0318,,-0.0033,-0.0702,-0.0661,-0.0413,-0.1428,,-0.0312,-0.0709,-0.0368,,,-0.2065,-0.1243,-0.0818,,-0.0259,,-0.0354,-0.1736,-0.0616,,-0.0068,-0.0113,-0.2105,-0.0157,-0.0336,-0.2026,-0.1281,-0.0250,-0.1865,-0.0042,-0.1273,,,-0.1120,-0.1491,-0.1769,-0.0689,-0.0080,-0.0599,-0.0444,,,-0.0292,-0.0428,-0.0529,-0.0221,-0.2041,,-0.2033,-0.0922,,-0.0162,-0.0070,-0.1024,,-0.1245,,,-0.0664,,-0.1044,,-0.0491,-0.2048,,,-0.1177,-0.0547,-0.1696,-0.0165,-0.0695,-0.0718,-0.1885,-0.0866,-0.0966,-0.0687,-0.2262,-0.0697,-0.0790,-0.0554,-0.1128,-0.0800,-0.0076,,-0.3273,-0.2100,-0.0695,,-0.1105,-0.0704,-0.0393,-0.0662,,-0.1524,,,,,,-0.0320,,-0.0182,-0.1540,-0.1829,,,-0.0085,-0.0694,,-0.0132,,,-0.0755,-0.1906,,-0.0160,-0.0949,-0.0039,,-0.2095,,-0.1168,-0.0083,-0.2007,-0.1749,,-0.0786,-0.1283,-0.0703,-0.0143,,-0.1948,-0.0415,-0.0153,-0.0370,-0.0189,-0.1586,-0.0457,-0.0631,-0.0697,-0.0701,-0.0391,,-0.0845,,-0.0752,,-0.0653,-0.0646,-0.0278,,,-0.1080,-0.0162,,-0.0181,-0.1903,-0.0509,-0.1254,-0.0623,-0.0317,-0.0497,-0.0073,,-0.3180,,,-0.0071,-0.1603,-0.0857,,,-0.0540,,,-0.1801,-0.0134,-0.0501,-0.1810,-0.0075,,-0.0544,-0.1947,-0.0424,,-0.0035,-0.0835,-0.0161,-0.0407,-0.0082,,,-0.1960,-0.0236,-0.0313,,-0.0301,-0.0478,-0.0121,-0.1495,-0.0402,,-0.0611,-0.0077,-0.1872,-0.0780,-0.1064,-0.0466,-0.0124,-0.0429,-0.0108,-0.0356,,,,-0.0603,-0.0040,-0.2364,,-0.0036,-0.0675,-0.0709,-0.0912,-0.1813,-0.2238,-0.0260,-0.0389,,-0.2059,-0.0557,-0.0280,-0.1498,-0.0711,,-0.0888,,-0.1173,-0.1173,-0.2846,-0.0081
A,ARG,188,-0.1740,-0.1953,-0.2789,-0.1183,-0.1717,-0.1868,-0.2899,-0.1863,-0.2572,-0.2135,-0.3139,-0.2336,-0.1632,-0.2606,-0.1945,-0.1662,-0.1543,-0.3012,-0.2412,-0.2285,-0.1552,-0.3228,-0.1918,-0.2147,-0.1439,-0.2073,-0.2889,-0.1902,-0.1770,-0.2081,-0.1804,-0.2002,-0.1847,-0.0640,-0.2246,-0.2557,-0.3156,-0.2298,-0.2498,-0.1514,-0.2987,-0.2709,-0.2407,-0.1726,-0.1854,-0.0394,-0.1877,-0.2012,-0.2834,-0.1851,-0.0834,-0.2534,-0.1632,-0.1691,-0.2567,-0.1813,-0.2532,-0.2013,-0.1899,-0.2668,-0.0889,-0.1944,-0.1655,-0.1742,-0.2093,-0.2630,-0.0348,-0.0864,-0.1200,-0.1479,-0.3153,-0.2784,-0.2908,-0.2065,-0.2482,-0.1307,-0.2857,-0.2332,-0.1225,-0.2811,-0.0952,-0.1550,-0.2852,-0.2949,,-0.2190,-0.0798,-0.1393,-0.2842,-0.0668,-0.0781,-0.1205,-0.1640,-0.2857,-0.2700,-0.2222,-0.1536,-0.2202,-0.1624,-0.2488,-0.1944,-0.1764,-0.1366,-0.2004,-0.0903,-0.2137,-0.1462,-0.2461,-0.0893,-0.0877,-0.1922,-0.1606,-0.1192,-0.1762,-0.1294,-0.0958,-0.2166,-0.2798,-0.1879,-0.0258,-0.2626,-0.2111,-0.1405,-0.1143,-0.1588,-0.1415,-0.3015,-0.1816,-0.1450,-0.0908,-0.0681,-0.1716,-0.2100,-0.1545,-0.1456,-0.1093,-0.1686,-0.1277,-0.1642,-0.0385,-0.1095,-0.2435,-0.1868,-0.1391,-0.0359,-0.1397,-0.0489,-0.1601,-0.1766,-0.0899,-0.0120,-0.1149,-0.0943,-0.2583,-0.1389,-0.1587,-0.2439,-0.1784,-0.1653,-0.1616,-0.1170,-0.1908,-0.0145,-0.0312,-0.1728,-0.1915,-0.1842,-0.1728,-0.1429,-0.2151,-0.1756,-0.0573,-0.0322,-0.0837,-0.1726,-0.2055,-0.1398,-0.2158,-0.0931,-0.1706,-0.1651,-0.0615,-0.1302,-0.1015,-0.1679,-0.1057,-0.1780,-0.0733,-0.0540,-0.1782,-0.0760,-0.2028,-0.0152,-0.1446,-0.1690,-0.0820,-0.1081,-0.2329,-0.1736,-0.2443,-0.1231,-0.1269,-0.1982,-0.1691,-0.1744,-0.1963,-0.2063,-0.2306,-0.1523,-0.1247,-0.1673,-0.1430,-0.1666,-0.0743,-0.0967,-0.3116,-0.2138,-0.1847,-0.0319,-0.1827,-0.1576,-0.1458,-0.1678,-0.0378,-0.2017,-0.0629,-0.0794,-0.1146,-0.0111,-0.0547,-0.1174,-0.0713,-0.0626,-0.1307,-0.2490,-0.0944,-0.0715,-0.0719,-0.1356,-0.1330,-0.0618,-0.1414,-0.0814,-0.0787,-0.2075,-0.0100,-0.1332,-0.1518,-0.0674,-0.0033,-0.2506,-0.0479,-0.2254,-0.1204,-0.2268,-0.1538,-0.0632,-0.2353,-0.2100,-0.1573,-0.0825,-0.0426,-0.2945,-0.0810,-0.1458,-0.0886,-0.1373,-0.1645,-0.1191,-0.1270,-0.1790,-0.1567,-0.1619,-0.0072,-0.1929,-0.0243,-0.0961,-0.0556,-0.1698,-0.1589,-0.1087,-0.0182,-0.0690,-0.1584,-0.1413,-0.0306,-0.1454,-0.1916,-0.1628,-0.1936,-0.1384,-0.1508,-0.1582,-0.0845,-0.0275,-0.3166,-0.0452,-0.0899,-0.0119,-0.2135,-0.1388,-0.1296,-0.0278,-0.1432,-0.0368,-0.0190,-0.2135,-0.0532,-0.1181,-0.2000,-0.0194,-0.1028,-0.1255,-0.1986,-0.1019,-0.0573,-0.1012,-0.1787,-0.1160,-0.0874,-0.0954,-0.0304,-0.0824,-0.2013,-0.0747,-0.0862,-0.0068,-0.1349,-0.1448,-0.0513,-0.1854,-0.0708,-0.1116,-0.0777,-0.0412,-0.1757,-0.0863,-0.2502,-0.0519,-0.1503,-0.1872,-0.1003,-0.1137,-0.0419,-0.0279,-0.0429,-0.1685,-0.0765,-0.2832,-0.0399,-0.0320,-0.1736,-0.1288,-0.2193,-0.1476,-0.2366,-0.0340,-0.0770,,-0.1796,-0.1522,-0.0551,-0.1617,-0.1130,-0.0032,-0.1990,-0.0032,-0.3529,-0.3529,-0.2099,
A,GLN,189,-0.4881,-0.5631,-0.6066,-0.5674,-0.4865,-0.6882,-0.7052,-0.6978,-0.7115,-0.6096,-0.8026,-0.6751,-0.6253,-0.7201,-0.6468,-0.5620,-0.6526,-0.9439,-0.6775,-0.7084,-0.6580,-0.8549,-0.7622,-0.7334,-0.5574,-0.6568,-0.7299,-0.6869,-0.6924,-0.8004,-0.7588,-0.7410,-0.6765,-0.5723,-0.6809,-0.6496,-0.8750,-0.8036,-0.7719,-0.6323,-0.7705,-0.8398,-0.8130,-0.5900,-0.6669,-0.5512,-0.6935,-0.6561,-0.8487,-0.7603,-0.7141,-0.7849,-0.6042,-0.6400,-0.8551,-0.7021,-0.9032,-0.7776,-0.5659,-0.7231,-0.5160,-0.7695,-0.5019,-0.6275,-0.6557,-0.7406,-0.5959,-0.7078,-0.6504,-0.6949,-0.8658,-0.8166,-0.7624,-0.7471,-0.7143,-0.4797,-0.8753,-0.7298,-0.5170,-0.7717,-0.6630,-0.7138,-0.8159,-0.8429,-0.4044,-0.5893,-0.6745,-0.6078,-0.6065,-0.5536,-0.6167,-0.4220,-0.6289,-0.8490,-0.5562,-0.9100,-0.6753,-0.6079,-0.5360,-0.7985,-0.6353,-0.6125,-0.6697,-0.6694,-0.6190,-0.8397,-0.6883,-0.8430,-0.5984,-0.4124,-0.8047,-0.7806,-0.6642,-0.7181,-0.6498,-0.6566,-0.7282,-0.8359,-0.7445,-0.6100,-0.9989,-0.6356,-0.7345,-0.6164,-0.7996,-0.7164,-0.6687,-0.7028,-0.5682,-0.5543,-0.5566,-0.7463,-0.7897,-0.6312,-0.5115,-0.6977,-0.7208,-0.5827,-0.7227,-0.6027,-0.7128,-0.7618,-0.6187,-0.7206,-0.5525,-0.8769,-0.5588,-0.7327,-0.7955,-0.6257,-0.4432,-0.6785,-0.7441,-0.6942,-0.6117,-0.5323,-0.7630,-0.6593,-0.7674,-0.4446,-0.6961,-0.6224,-0.5324,-0.7060,-0.5844,-0.6249,-0.7176,-0.7911,-0.6877,-0.8045,-0.7165,-0.5511,-0.6820,-0.5035,-0.6622,-0.7212,-0.6825,-0.9094,-0.7118,-0.5363,-0.6438,-0.5723,-0.7318,-0.6878,-0.5865,-0.6672,-0.7168,-0.5158,-0.5407,-0.7159,-0.6867,-0.6981,-0.5581,-0.6236,-0.6638,-0.6994,-0.6145,-0.6497,-0.6119,-0.6841,-0.5840,-0.5247,-0.9137,-0.6614,-0.5413,-0.7582,-0.7776,-0.7545,-0.6977,-0.5317,-0.6799,-0.7018,-0.4982,-0.6285,-0.5977,-0.6312,-0.6559,-0.6031,-0.5496,-0.6044,-0.6836,-0.6555,-0.7709,-0.6674,-0.8396,-0.5973,-0.5903,-0.6898,-0.5683,-0.6185,-0.5911,-0.7171,-0.4707,-0.7468,-0.8902,-0.7196,-0.5417,-0.7173,-0.6915,-0.6763,-0.5440,-0.6515,-0.5758,-0.5645,-0.7506,-0.4312,-0.7191,-0.8277,-0.4665,-0.5077,-0.7427,-0.6103,-0.8822,-0.4925,-0.7141,-0.7248,-0.5986,-0.7070,-0.7194,-0.5261,-0.5723,-0.5058,-0.9216,-0.6235,-0.8715,-0.5210,-0.7507,-0.6308,-0.5682,-0.7407,-0.7604,-0.5693,-0.6800,-0.5934,-0.5423,-0.5361,-0.4565,-0.6269,-0.5511,-0.5723,-0.8155,-0.4843,-0.6892,-0.5875,-0.7444,-0.5562,-0.8525,-0.7647,-0.6767,-0.7293,-0.5650,-0.8007,-0.5983,-0.7444,-0.7394,-0.7081,-0.5848,-0.5493,-0.4135,-0.7965,-0.5220,-0.8220,-0.6572,-0.5901,-0.7314,-0.6196,-0.7693,-0.4348,-0.5396,-0.6284,-0.4067,-0.7011,-0.6699,-0.5866,-0.7401,-0.6884,-0.7231,-0.6845,-0.6742,-0.7083,-0.5395,-0.5027,-0.5124,-0.6007,-0.7488,-0.4615,-0.4808,-0.7461,-0.7232,-0.4926,-0.8062,-0.5829,-0.6582,-0.5462,-0.5792,-0.5725,-0.5811,-0.7477,-0.6343,-0.7719,-0.8777,-0.6180,-0.6149,-0.6683,-0.5602,-0.5982,-0.6065,-0.7058,-0.8465,-0.6454,-0.3983,-0.6475,-0.7284,-0.7243,-0.4850,-0.7227,-0.4995,-0.4884,-0.4815,-0.7211,-0.6672,-0.7500,-0.6763,-0.6301,-0.2984,-0.5751,-0.4491,-0.7214,-0.7593,-0.6519,-0.3247
A,THR,190,-0.1173,-0.1627,-0.1817,-0.1685,-0.0278,-0.3121,-0.1891,-0.3035,-0.2155,-0.2558,-0.2235,-0.2987,-0.1988,-0.3735,-0.2972,-0.0490,-0.0291,-0.2948,-0.3225,-0.1915,-0.2337,-0.3178,-0.3434,-0.2648,-0.2245,-0.2816,-0.1635,-0.2102,-0.2724,-0.2139,-0.2888,-0.1448,-0.2071,-0.1308,-0.1397,-0.1597,-0.2298,-0.1780,-0.3214,-0.1840,-0.3326,-0.2717,-0.2321,-0.2857,-0.2520,-0.0519,-0.2808,-0.2494,-0.2639,-0.3195,-0.2591,-0.2432,-0.2486,-0.1672,-0.4113,-0.3023,-0.3672,-0.2542,-0.1679,-0.1369,-0.1506,-0.2277,-0.1195,-0.2601,-0.2133,-0.2114,-0.1413,-0.2516,-0.2101,-0.2171,-0.3374,-0.2267,-0.3877,-0.2766,-0.1625,-0.1547,-0.2421,-0.3187,-0.1877,-0.2589,-0.1366,-0.2894,-0.2978,-0.3127,-0.0034,-0.2998,-0.0910,-0.2703,-0.1692,-0.1205,-0.1906,-0.1025,-0.2328,-0.2284,-0.1607,-0.2862,-0.2891,-0.3214,-0.1657,-0.4113,-0.3623,-0.2115,-0.3431,-0.2657,-0.1985,-0.2837,-0.2154,-0.2200,-0.1620,-0.1205,-0.2314,-0.2111,-0.2161,-0.2171,-0.2238,-0.1665,-0.2944,-0.2160,-0.2026,-0.0659,-0.2660,-0.1207,-0.0578,-0.2111,-0.3118,-0.1976,-0.3248,-0.2936,-0.2603,-0.1885,-0.0965,-0.2620,-0.2378,-0.3088,-0.1319,-0.1985,-0.2009,-0.0973,-0.3222,-0.0704,-0.2055,-0.1562,-0.1037,-0.2936,-0.0938,-0.2218,-0.1010,-0.3165,-0.2099,-0.1260,-0.0987,-0.1692,-0.2037,-0.1618,-0.1955,-0.2940,-0.2127,-0.1684,-0.1909,-0.0560,-0.3194,-0.0815,-0.1222,-0.2345,-0.3582,-0.1641,-0.1292,-0.1403,-0.2588,-0.2540,-0.2286,-0.1270,-0.1286,-0.0720,-0.2792,-0.3135,-0.2174,-0.2393,-0.1864,-0.0975,-0.2506,-0.1477,-0.2066,-0.1929,-0.1324,-0.2363,-0.2044,-0.1729,-0.1589,-0.2792,-0.1654,-0.2915,-0.2005,-0.2212,-0.0535,-0.2641,-0.2210,-0.2505,-0.1469,-0.2021,-0.2092,-0.1663,-0.2642,-0.0837,-0.1588,-0.2680,-0.3555,-0.1241,-0.2677,-0.2158,-0.2548,-0.1667,-0.2574,-0.1369,-0.1493,-0.1613,-0.1438,-0.1936,-0.1309,-0.1728,-0.1668,-0.2023,-0.2535,-0.1678,-0.1517,-0.1913,-0.1728,-0.2057,-0.1934,-0.1915,-0.2020,-0.1800,-0.0480,-0.1897,-0.2672,-0.1769,-0.1461,-0.2191,-0.1622,-0.2424,-0.0709,-0.2123,-0.1785,-0.0529,-0.2615,-0.0380,-0.2029,-0.2058,-0.1124,-0.1243,-0.1935,-0.1158,-0.2396,-0.2246,-0.1509,-0.0299,-0.1099,-0.3276,-0.1402,-0.2556,-0.1098,-0.1853,-0.2323,-0.1027,-0.3079,-0.0711,-0.2184,-0.1009,-0.1572,-0.1893,-0.1734,-0.2548,-0.2071,-0.1072,-0.1439,-0.0235,-0.0600,-0.1993,-0.1878,-0.2229,-0.2919,-0.0114,-0.2173,-0.2118,-0.2901,-0.0756,-0.2706,-0.1167,-0.2265,-0.1995,-0.2085,-0.2828,-0.1940,-0.2465,-0.1203,-0.1949,-0.1842,-0.1911,,-0.2882,-0.1156,-0.2278,-0.1189,-0.2993,-0.1537,-0.0302,-0.2425,-0.0250,-0.1447,-0.0676,-0.0156,-0.2190,-0.2026,-0.1264,-0.1987,-0.1850,-0.3316,-0.2608,-0.1740,-0.1587,-0.1282,-0.1618,-0.1523,-0.0325,-0.1436,-0.0741,-0.0111,-0.1522,-0.2331,-0.0267,-0.1658,-0.0645,-0.1630,-0.0268,-0.0298,-0.0666,-0.0143,-0.4774,-0.0202,-0.2061,-0.2522,-0.1050,-0.0817,-0.1067,-0.2460,-0.1053,-0.1450,-0.1540,-0.1553,-0.0406,-0.0088,-0.1687,-0.1570,-0.1228,-0.1056,-0.1454,,-0.0232,-0.0644,-0.0081,-0.1107,-0.1309,-0.0153,-0.0837,,-0.0363,-0.0142,-0.4498,-0.4498,-0.0262,
A,ALA,191,-0.0120,-0.0813,-0.0962,-0.0885,,-0.1995,-0.0910,-0.1917,-0.1052,-0.1485,-0.1445,-0.1434,-0.1146,-0.1685,-0.2086,,,-0.1395,-0.1664,-0.1227,-0.1137,-0.2036,-0.2133,-0.1174,-0.0943,-0.1349,-0.0686,-0.1228,-0.1288,-0.0834,-0.1545,-0.0521,-0.1199,-0.0970,-0.0194,-0.0304,-0.1617,-0.0272,-0.1802,-0.1493,-0.1725,-0.1179,-0.0932,-0.1823,-0.1434,-0.0109,-0.1687,-0.1582,-0.1188,-0.2189,-0.1597,-0.1053,-0.1429,-0.0935,-0.1914,-0.1919,-0.1785,-0.1511,-0.0838,-0.0621,-0.0723,-0.1338,,-0.1484,-0.0778,-0.0548,-0.0831,-0.1329,-0.1452,-0.1170,-0.2257,-0.1423,-0.2110,-0.0931,-0.1074,-0.0605,-0.1562,-0.1541,-0.1227,-0.1670,-0.1015,-0.1471,-0.1258,-0.1612,,-0.1698,-0.0119,-0.2000,-0.0509,-0.0653,-0.1227,-0.0223,-0.1479,-0.1290,-0.0584,-0.1328,-0.1006,-0.1823,-0.0085,-0.2289,-0.1779,-0.0543,-0.1931,-0.0510,-0.1173,-0.1443,-0.0637,-0.1179,-0.1013,-0.0402,-0.1334,-0.1152,-0.1324,-0.1238,-0.1354,-0.1085,-0.1358,-0.1204,-0.1124,-0.0038,-0.1043,-0.0199,-0.0207,-0.1566,-0.1866,-0.0581,-0.1992,-0.1701,-0.2192,-0.1142,-0.0295,-0.1423,-0.1331,-0.1791,-0.0035,-0.1387,-0.1265,-0.0037,-0.1747,-0.0187,-0.1209,-0.0342,-0.0473,-0.0929,-0.0127,-0.1253,-0.0307,-0.1488,-0.1058,-0.0771,-0.0702,-0.0850,-0.1661,-0.0480,-0.1214,-0.1860,-0.1124,-0.0250,-0.1500,,-0.2121,-0.0263,-0.0462,-0.1345,-0.1776,-0.0893,-0.0216,-0.0849,-0.1572,-0.1271,-0.1358,-0.0651,-0.0620,-0.0038,-0.1988,-0.2035,-0.1592,-0.1179,-0.1288,-0.0036,-0.0981,-0.0905,-0.1506,-0.1115,-0.0084,-0.1630,-0.1454,-0.0718,-0.1401,-0.1474,-0.1177,-0.1345,-0.1124,-0.1666,,-0.1450,-0.1254,-0.1660,-0.0876,-0.1097,-0.1176,-0.0704,-0.1281,,-0.0966,-0.1325,-0.2470,-0.0073,-0.1468,-0.1104,-0.2043,-0.0410,-0.1352,-0.0291,-0.0866,-0.0340,-0.0749,-0.1122,-0.1081,-0.0888,-0.0139,-0.1160,-0.1442,-0.1219,-0.0715,-0.0947,-0.0736,-0.1225,-0.1103,-0.0495,-0.1155,-0.1012,,-0.0204,-0.1423,-0.1303,-0.0365,-0.1304,-0.0421,-0.1797,,-0.1417,-0.1092,-0.0035,-0.1143,,-0.1267,-0.1105,-0.0398,-0.0595,-0.0838,-0.0682,-0.1412,-0.2130,-0.0432,,-0.0328,-0.2074,-0.0480,-0.1241,-0.0087,-0.1315,-0.1553,-0.0226,-0.1770,-0.0040,-0.1433,-0.0291,-0.1089,-0.0971,-0.0776,-0.1243,-0.1019,-0.0230,-0.0754,,-0.0084,-0.1080,-0.0797,-0.0987,-0.1449,,-0.0956,-0.0699,-0.1523,-0.0121,-0.1843,-0.0348,-0.1372,-0.1009,-0.0754,-0.1685,-0.1308,-0.1492,-0.0577,-0.0516,-0.0832,-0.1488,,-0.1532,-0.0311,-0.1493,-0.0577,-0.1833,-0.1032,,-0.1370,,-0.0277,,-0.0037,-0.1403,-0.0710,-0.0122,-0.0631,-0.1566,-0.1752,-0.1150,-0.1152,-0.0719,-0.0878,-0.0664,-0.1010,,-0.0867,-0.0035,,-0.1251,-0.1428,,-0.1042,-0.0116,-0.1114,,,,,-0.2209,,-0.1366,-0.1478,-0.0186,-0.0073,-0.0390,-0.1301,-0.0113,-0.0468,-0.0955,-0.0292,-0.0041,,-0.1079,-0.0902,-0.0270,,-0.0172,,,-0.0611,,-0.0329,-0.0403,,-0.0137,,,,-0.1947,-0.1947,,
A,GLN,192,-0.0964,-0.1954,-0.1098,-0.1839,-0.0177,-0.2771,-0.1883,-0.2637,-0.2443,-0.2356,-0.3008,-0.2369,-0.2322,-0.2174,-0.2752,-0.0355,-0.0194,-0.2317,-0.3666,-0.1653,-0.1757,-0.2822,-0.3469,-0.2203,-0.1909,-0.3002,-0.1670,-0.2923,-0.2178,-0.1449,-0.2301,-0.0846,-0.2573,-0.1126,-0.1046,-0.1131,-0.2765,-0.0890,-0.3524,-0.2167,-0.3465,-0.2804,-0.1708,-0.2135,-0.3059,-0.0112,-0.2291,-0.2538,-0.2138,-0.2790,-0.1406,-0.1854,-0.1975,-0.1700,-0.3546,-0.2687,-0.2886,-0.3183,-0.1849,-0.1602,-0.1350,-0.2915,-0.0748,-0.2987,-0.1532,-0.1774,-0.0654,-0.1452,-0.2189,-0.2054,-0.2953,-0.2686,-0.3229,-0.1551,-0.1817,-0.1452,-0.2707,-0.3059,-0.2549,-0.2177,-0.1570,-0.2058,-0.2597,-0.2861,,-0.2958,-0.0445,-0.2246,-0.1726,-0.0944,-0.1643,-0.0351,-0.2885,-0.2315,-0.1598,-0.2059,-0.0672,-0.2984,-0.0852,-0.3618,-0.2900,-0.1214,-0.2754,-0.0836,-0.1742,-0.2935,-0.1239,-0.2187,-0.1173,-0.0657,-0.2143,-0.2610,-0.1544,-0.2607,-0.1650,-0.1959,-0.2995,-0.2624,-0.1990,,-0.2340,-0.0749,-0.0226,-0.2202,-0.2504,-0.1320,-0.2673,-0.2494,-0.3128,-0.0705,-0.0534,-0.2404,-0.2823,-0.2434,-0.0753,-0.2149,-0.2318,-0.0525,-0.2499,-0.0455,-0.1799,-0.0477,-0.0680,-0.1067,-0.0036,-0.2482,-0.0567,-0.2034,-0.0647,-0.0419,-0.0526,-0.1566,-0.1846,-0.1334,-0.2236,-0.2431,-0.2005,-0.0900,-0.2505,-0.0410,-0.1967,-0.0499,,-0.1184,-0.1534,-0.0932,-0.0258,-0.1925,-0.2271,-0.2613,-0.2848,-0.0889,-0.0673,-0.0361,-0.3018,-0.2462,-0.2578,-0.1786,-0.1567,-0.0711,-0.1268,-0.0815,-0.2343,-0.1678,-0.0452,-0.2523,-0.2259,-0.0415,-0.1863,-0.2141,-0.1958,-0.2668,-0.0397,-0.2172,-0.0311,-0.1536,-0.0908,-0.2148,-0.1709,-0.2595,-0.1551,-0.1604,-0.1663,-0.0595,-0.1987,-0.2397,-0.3281,-0.0674,-0.2499,-0.1717,-0.2799,-0.0649,-0.2231,-0.0030,-0.1288,-0.1596,-0.0862,-0.2072,-0.1745,-0.1947,-0.0319,-0.1744,-0.1221,-0.0873,-0.1134,-0.1074,-0.1069,-0.2223,-0.0410,-0.0243,-0.1071,-0.0406,-0.0044,-0.0862,-0.1606,-0.1917,-0.0129,-0.1826,-0.1391,-0.2235,-0.0138,-0.2087,-0.1774,,-0.2410,-0.0082,-0.1780,-0.0823,-0.0548,-0.0127,-0.0684,-0.0632,-0.2792,-0.2555,-0.1153,-0.0121,-0.0331,-0.2817,-0.0387,-0.2281,-0.0042,-0.1067,-0.2656,-0.0286,-0.1518,-0.0421,-0.2684,-0.0544,-0.0600,-0.0840,-0.2042,-0.2278,-0.1719,,-0.1643,,-0.0540,-0.1038,-0.0646,-0.1954,-0.1353,-0.0109,-0.1258,-0.1160,-0.2229,-0.0253,-0.2443,-0.0958,-0.2327,-0.2191,-0.1407,-0.2414,-0.2538,-0.1812,-0.0657,-0.1955,-0.0838,-0.1192,,-0.2326,-0.0643,-0.2748,-0.0826,-0.1595,-0.1100,,-0.1532,-0.0091,-0.0871,-0.0313,-0.0071,-0.1265,-0.0948,-0.0923,-0.0342,-0.1319,-0.1037,-0.2169,-0.1527,-0.0090,-0.0838,-0.0039,-0.1561,-0.0266,-0.0609,-0.0139,,-0.2593,-0.2430,-0.0038,-0.1855,-0.0096,-0.1545,-0.0252,,-0.0582,-0.0040,-0.3220,,-0.2391,-0.2131,-0.0041,-0.0600,-0.0327,-0.1815,-0.0033,-0.0801,-0.1759,-0.0579,-0.0076,,-0.2029,-0.0520,-0.0536,-0.0444,-0.0798,,-0.0222,-0.0318,,-0.1428,-0.0410,,-0.1130,,-0.0218,,-0.3989,-0.3989,-0.0226,
A,ALA,193,,,,-0.0037,,-0.0034,-0.0034,-0.0039,-0.0039,-0.0146,-0.0075,-0.0037,-0.0036,,-0.0079,,,,-0.0129,,-0.0031,-0.0039,-0.0036,-0.0039,,-0.0046,,-0.0083,,,-0.0031,,-0.0178,,,,-0.0238,,,-0.0184,-0.0086,-0.0078,,-0.0037,-0.0041,,-0.0036,-0.0184,,-0.0074,,,-0.0087,,-0.0085,-0.0034,-0.0043,-0.0079,,,,,,-0.0036,,,,,-0.0123,-0.0035,-0.0037,-0.0031,-0.0086,,-0.0075,,-0.0037,-0.0042,-0.0083,,-0.0037,,-0.0043,-0.0074,,-0.0167,,,,,-0.0047,,-0.0087,,,,,,,-0.0125,-0.0047,,-0.0075,,-0.0085,,,,,,-0.0176,-0.0174,-0.0136,-0.0037,-0.0135,-0.0037,-0.0079,,-0.0030,,-0.0043,,,,,,-0.0042,-0.0031,,,,-0.0033,-0.0089,-0.0182,,-0.0031,-0.0190,,-0.0038,,-0.0040,,,,,,,,,,,,-0.0045,,-0.0168,,,,-0.0220,,-0.0036,,,,,,,-0.0037,-0.0138,-0.0192,-0.0119,,,,-0.0176,-0.0226,-0.0233,,,,,,,-0.0084,,-0.0038,-0.0031,,,-0.0046,-0.0127,-0.0035,,,,,,-0.0045,,-0.0127,-0.0035,,-0.0078,,-0.0043,-0.0047,-0.0045,,,-0.0078,,,,,,,,-0.0177,-0.0083,-0.0073,,,,,,,,-0.0124,,,,,,,,-0.0041,,-0.0132,,-0.0040,,,-0.0041,,-0.0031,,-0.0042,,,,,,,,,,,-0.0239,,,,,-0.0361,,-0.0120,,-0.0086,,,,,,,,,,,,,,-0.0038,,,,-0.0076,,,,-0.0043,-0.0083,,-0.0094,-0.0034,-0.0160,,,,,,-0.0063,,-0.0137,,,-0.0039,,,,,,,,,,,,,-0.0040,-0.0035,,,,,,,,,,-0.0085,,-0.0091,,,,,,,,,-0.0041,-0.0218,,,,-0.0353,,,-0.0044,,,,-0.0176,,,,,,,,,,,,,,,,-0.0075,-0.0075,,
A,ALA,194,,,,,,,,,,,,,,,,,,,,,,,,,,,,,,,,,,,,,,,,,,,,,,,,,,,,,,,,,,,,,,,,,,,,,,,,,,,,,,,,,,,,,,,,,,,,,,,,,,,,,,,,,,,,,,,,,,,,,,,,,,,,,,,,,,,,,,,,,,,,,,,,,,,,,,,,,,,,,,,,,,,,,,,,,,,,,,,,,,,,,,,,,,,,,,,,,,,,,,,,,,,,,,,,,,,,,,,,,,,,,,,,,,,,,,,,,,,,,,,,,,,,,,,,,,,,,,,,,,,,,,,-0.0035,,,,,,,,,,,,,,,,,,,,,,,,,,,,,,,,,,,,,,,,,,,,,,,,,,,,,,,,,,,,,,,,,,,,,,,,,,,,,,,,,,,,,,,,,,,,,,,,,,,,,,,,,,,,

Intra-Ligand Free,,,-2.4645,-3.1558,-2.6307,-2.4560,-2.8140,-3.3564,-2.1399,-1.9364,-2.3051,-2.2155,-2.6276,-2.4096,-2.0105,-2.1601,-2.4739,-2.2221,-2.5228,-2.8076,-2.7664,-2.2853,-3.1969,-1.8953,-3.2111,-2.3720,-2.5878,-3.4510,-2.2794,-2.4120,-2.1923,-2.0576,-2.9481,-1.5456,-2.6192,-2.4049,-1.2674,-1.7709,-2.3453,-1.9155,-2.3360,-2.2409,-2.0208,-1.6179,-3.6485,-2.8877,-1.0962,-2.9197,-2.0438,-1.9893,-2.3798,-3.5629,-3.0040,-2.7181,-2.6335,-2.5068,-2.9736,-3.2720,-2.7507,-1.6970,-1.7942,-1.4050,-2.4463,-3.3300,-0.8013,-1.0337,-2.0814,-1.5553,-2.2598,-2.1830,-3.4807,-2.7359,-1.9938,-1.8958,-2.2267,-2.4817,-0.9999,-2.1343,-2.5664,-1.9196,-0.2422,-2.3463,-1.9770,-1.8612,-1.9362,-2.6542,-2.2560,-2.0298,-2.6135,-2.9724,-1.8529,-2.1765,-2.4096,-2.2288,-2.3192,-2.1330,-0.8696,-2.1738,-2.4997,-2.5794,-0.6608,-2.6943,-1.7438,-2.7611,-1.8867,-3.0100,-1.4711,-1.5897,-2.3748,-0.5624,-1.3838,-0.9869,-2.3886,-2.7790,-2.5827,-1.5005,-2.4952,-1.7735,-2.1305,-0.4705,-2.8281,-3.0076,-3.0038,-2.2419,-1.7503,-2.1630,-1.2768,-2.1713,-1.3614,-1.7755,-1.9739,-3.0575,-1.4784,-0.2885,-2.2539,-2.2561,-1.7770,-2.2474,-0.9985,-0.1537,-2.8177,-1.5508,-2.1586,-1.0049,-1.9583,-2.0726,-1.6228,-2.1562,-1.4743,-2.1028,-1.9903,-2.4531,-1.9304,-2.3865,-3.5166,-2.4972,-1.7523,-1.0573,-1.9138,-2.7208,-2.0412,-0.7437,-1.7905,-2.4658,-1.1971,-1.6343,-2.1828,-1.6330,-1.5788,-2.2379,-2.2975,-1.6754,-1.9995,-0.7017,-1.9801,-2.0029,-0.6715,-1.5598,-1.2269,-1.4248,-1.1313,1.1063,-2.6512,-1.8405,-2.1351,-2.4286,-1.8309,-0.7806,-1.7316,-0.1104,-1.6834,-2.0330,-1.8067,-1.2422,-2.2433,-0.8467,-1.7940,-2.1741,-2.0134,-1.0738,-1.3677,1.0467,-1.2633,-0.6333,-0.9646,-0.7088,-0.9149,-0.5323,-0.4130,-0.0938,-0.8795,-0.7005,-0.5066,-1.7012,-0.7742,-1.3710,-1.2426,-0.5148,-1.4994,-1.5706,-0.4303,-1.6747,-1.1794,0.8285,-0.9314,-1.2733,-0.7050,-1.4631,-0.7318,-2.4235,-1.7446,-1.4726,-1.2323,-0.5264,-1.6861,-1.6544,-0.5196,-0.8211,-2.0134,0.2609,-0.7488,-1.1140,-1.1914,-0.4472,-0.7271,-0.0785,-0.5779,-2.3445,0.0759,-0.7009,-0.8978,-1.5345,-0.3713,-0.6623,-0.9061,-0.3556,-0.2079,-1.7960,-0.3204,-0.6212,0.2710,-1.0168,-0.9493,-2.7217,-1.2640,0.9111,0.2251,2.6875,0.6932,0.7912,0.6834,0.7260,-0.3585,-0.3626,0.1553,-0.5668,2.6668,-0.0239,0.3622,0.5776,0.0402,-0.2219,0.2223,2.5671,0.6136,0.0599,1.5935,-0.2408,1.1400,1.1191,2.4250,0.4179,0.0769,1.6843,0.2065,1.9056,0.5177,-0.6237,1.9411,0.8579,-0.5581,2.7624,-0.2044,3.3488,1.9387,1.7164,1.8907,2.0447,1.6886,0.6089,0.7212,1.2827,2.2968,2.6400,0.8405,3.8892,1.6995,3.1186,1.6268,3.8458,0.9857,1.6909,-0.1128,2.4637,2.9007,2.2383,2.5516,3.6386,4.6041,7.6183,5.7729,8.4031,7.1965,10.1718,10.0088,10.9359,-0.5803,6.9320,4.1712,2.4665,9.1253,1.2434,7.2559,13.2115,9.1877,8.7161,10.3312,14.8987,19.1689,10.4575,15.3417,9.1561,15.5490,21.2007,18.2400,17.5618,18.2651,7.5863,31.5449,8.6915,38.3793,16.8889,17.2723,11.9752,57.1302,14.6783,30.4641,27.4176,69.0388,48.2301,51.0304,84.4130,91.8976
Inter-Ligand Free,,,-12.9779,-11.8038,-12.2135,-11.9994,-11.5921,-10.7566,-11.8265,-11.9978,-11.5351,-11.6136,-11.2008,-11.3878,-11.7374,-11.5479,-11.1900,-11.4060,-11.0885,-10.7884,-10.8006,-11.2532,-10.3063,-11.6064,-10.2629,-11.0873,-10.8274,-9.9244,-11.0009,-10.8314,-11.0230,-11.1297,-10.2303,-11.6178,-10.5389,-10.7291,-11.8278,-11.2644,-10.6728,-11.0994,-10.6684,-10.7560,-10.9218,-11.3006,-9.2187,-9.9724,-11.7585,-9.9179,-10.7879,-10.8169,-10.3189,-9.1145,-9.6150,-9.8944,-9.9690,-10.0803,-9.5862,-9.2813,-9.8007,-10.8306,-10.6527,-10.9826,-9.8290,-8.9242,-11.4490,-11.1680,-10.1135,-10.6331,-9.9194,-9.9851,-8.6843,-9.4149,-10.0963,-10.1561,-9.7974,-9.5389,-10.9943,-9.8461,-9.3828,-10.0155,-11.6772,-9.5697,-9.9057,-9.9808,-9.8905,-9.1390,-9.5353,-9.7458,-9.1349,-8.7292,-9.7843,-9.4499,-9.1339,-9.3103,-9.1654,-9.3218,-10.5776,-9.2559,-8.8800,-8.7951,-10.6821,-8.6422,-9.5557,-8.5138,-9.3868,-8.2633,-9.7826,-9.6632,-8.8651,-10.6029,-9.7609,-10.0920,-8.6893,-8.2625,-8.4573,-9.5287,-8.4905,-9.2007,-8.8023,-10.4362,-8.0674,-7.8865,-7.8839,-8.6331,-9.0941,-8.6629,-9.5233,-8.5908,-9.3572,-8.9409,-8.7396,-7.6530,-9.2300,-10.3662,-8.3995,-8.3667,-8.8371,-8.3263,-9.5453,-10.3735,-7.7093,-8.9643,-8.3544,-9.4811,-8.5248,-8.3877,-8.7448,-8.1839,-8.8505,-8.2168,-8.2417,-7.7232,-8.2373,-7.7488,-6.5788,-7.5696,-8.2953,-8.9871,-8.1084,-7.2975,-7.9647,-9.2590,-8.1818,-7.4953,-8.7585,-8.3040,-7.7183,-8.2628,-8.2916,-7.6052,-7.5349,-8.1381,-7.8076,-9.0986,-7.7847,-7.6922,-9.0085,-8.0656,-8.3602,-8.1463,-8.3923,-10.5920,-6.8328,-7.6381,-7.3247,-6.9415,-7.5226,-8.5482,-7.5806,-9.1711,-7.5682,-7.1959,-7.4198,-7.9530,-6.9341,-8.3240,-7.3295,-6.9426,-7.0798,-8.0185,-7.7033,-10.1081,-7.7688,-8.3969,-8.0583,-8.3001,-8.0921,-8.4735,-8.5596,-8.8634,-8.0395,-8.2160,-8.4018,-7.1826,-8.0099,-7.4065,-7.5202,-8.2382,-7.2509,-7.1720,-8.2416,-6.9579,-7.4425,-9.4398,-7.6150,-7.1344,-7.6797,-6.9202,-7.6496,-5.9024,-6.5564,-6.7778,-6.9726,-7.6250,-6.4579,-6.4408,-7.5640,-7.2139,-6.0086,-8.1560,-7.1400,-6.7354,-6.6310,-7.3427,-6.9465,-7.5909,-7.0637,-5.1949,-7.6149,-6.6907,-6.4272,-5.7805,-6.9168,-6.5456,-6.3004,-6.8494,-6.9665,-5.3401,-6.8005,-6.4695,-7.3514,-6.0086,-6.0333,-4.2025,-5.6476,-7.8058,-7.1090,-9.4902,-7.4753,-7.5562,-7.3812,-7.4069,-6.3099,-6.2180,-6.7272,-5.9998,-9.2099,-6.4524,-6.7991,-6.9253,-6.3542,-6.0773,-6.3847,-8.5237,-6.5338,-5.9357,-7.4425,-5.5978,-6.8676,-6.8156,-8.1018,-6.0183,-5.6656,-7.2293,-5.7276,-7.2818,-5.8796,-4.5857,-7.1132,-5.9263,-4.5047,-7.8205,-4.7517,-8.2871,-6.8628,-6.5032,-6.6473,-6.7193,-6.3189,-5.1473,-5.0835,-5.6269,-6.6001,-6.7627,-4.3540,-7.3406,-4.9218,-6.3139,-4.7634,-6.9001,-3.8968,-4.4761,-2.5981,-4.9944,-5.3480,-4.1861,-4.4364,-4.0554,-4.2601,-6.7684,-3.3973,-5.5336,-4.2347,-6.6948,-4.1349,-4.9600,6.6319,-0.1993,2.6654,4.7295,-0.1599,9.4099,3.4729,-2.2664,4.2643,4.8013,3.3410,-0.6235,-3.6364,6.1406,1.2580,7.6036,2.3707,-3.2259,2.4747,6.1817,9.5736,20.4262,-3.3292,29.2810,1.8185,26.8846,26.7690,42.4041,2.4903,55.6709,41.5263,59.2914,41.4920,62.7340,62.6118,40.0965,40.1887
Total Free Energy,,,-15.4424,-14.9596,-14.8442,-14.4554,-14.4062,-14.1130,-13.9664,-13.9342,-13.8402,-13.8291,-13.8284,-13.7974,-13.7479,-13.7080,-13.6639,-13.6281,-13.6113,-13.5960,-13.5671,-13.5385,-13.5032,-13.5017,-13.4740,-13.4592,-13.4151,-13.3754,-13.2802,-13.2434,-13.2153,-13.1873,-13.1784,-13.1635,-13.1581,-13.1340,-13.0952,-13.0353,-13.0181,-13.0149,-13.0044,-12.9968,-12.9426,-12.9186,-12.8672,-12.8601,-12.8547,-12.8376,-12.8317,-12.8062,-12.6987,-12.6774,-12.6190,-12.6125,-12.6025,-12.5871,-12.5598,-12.5534,-12.5515,-12.5276,-12.4469,-12.3876,-12.2753,-12.2542,-12.2503,-12.2017,-12.1950,-12.1884,-12.1793,-12.1680,-12.1650,-12.1508,-12.0901,-12.0519,-12.0241,-12.0206,-11.9942,-11.9805,-11.9491,-11.9351,-11.9194,-11.9160,-11.8827,-11.8419,-11.8267,-11.7932,-11.7913,-11.7757,-11.7484,-11.7016,-11.6372,-11.6265,-11.5435,-11.5391,-11.4846,-11.4548,-11.4472,-11.4296,-11.3798,-11.3745,-11.3429,-11.3365,-11.2996,-11.2748,-11.2734,-11.2732,-11.2537,-11.2530,-11.2400,-11.1652,-11.1447,-11.0789,-11.0779,-11.0415,-11.0400,-11.0292,-10.9857,-10.9742,-10.9328,-10.9067,-10.8955,-10.8941,-10.8877,-10.8750,-10.8444,-10.8260,-10.8000,-10.7621,-10.7186,-10.7163,-10.7135,-10.7105,-10.7084,-10.6547,-10.6534,-10.6227,-10.6141,-10.5737,-10.5438,-10.5271,-10.5269,-10.5151,-10.5130,-10.4860,-10.4831,-10.4602,-10.3676,-10.3402,-10.3248,-10.3196,-10.2321,-10.1763,-10.1677,-10.1353,-10.0954,-10.0668,-10.0476,-10.0444,-10.0222,-10.0183,-10.0059,-10.0027,-9.9723,-9.9611,-9.9555,-9.9383,-9.9011,-9.8958,-9.8704,-9.8432,-9.8324,-9.8135,-9.8071,-9.8003,-9.7648,-9.6952,-9.6800,-9.6254,-9.5871,-9.5712,-9.5236,-9.4857,-9.4840,-9.4785,-9.4597,-9.3702,-9.3535,-9.3289,-9.3123,-9.2815,-9.2517,-9.2289,-9.2265,-9.1952,-9.1774,-9.1707,-9.1235,-9.1167,-9.0932,-9.0923,-9.0710,-9.0613,-9.0322,-9.0302,-9.0229,-9.0089,-9.0069,-9.0058,-8.9726,-8.9572,-8.9189,-8.9165,-8.9084,-8.8838,-8.7841,-8.7775,-8.7628,-8.7530,-8.7502,-8.7426,-8.6720,-8.6326,-8.6219,-8.6113,-8.5464,-8.4076,-8.3848,-8.3833,-8.3814,-8.3258,-8.3010,-8.2503,-8.2049,-8.1514,-8.1440,-8.0951,-8.0836,-8.0349,-8.0220,-7.8951,-7.8888,-7.8494,-7.8224,-7.7899,-7.6736,-7.6695,-7.6416,-7.5393,-7.5391,-7.3916,-7.3250,-7.3150,-7.2881,-7.2080,-7.2065,-7.2051,-7.1744,-7.1361,-7.1209,-7.0907,-7.0804,-7.0254,-6.9826,-6.9242,-6.9116,-6.8947,-6.8839,-6.8027,-6.7821,-6.7650,-6.6977,-6.6808,-6.6684,-6.5806,-6.5719,-6.5666,-6.5431,-6.4763,-6.4369,-6.3477,-6.3140,-6.2992,-6.1624,-5.9566,-5.9202,-5.8757,-5.8489,-5.8386,-5.7276,-5.6965,-5.6768,-5.6003,-5.5887,-5.5450,-5.5211,-5.3761,-5.3619,-5.2094,-5.1720,-5.0685,-5.0628,-5.0581,-4.9561,-4.9384,-4.9240,-4.7868,-4.7566,-4.6746,-4.6303,-4.5384,-4.3623,-4.3442,-4.3033,-4.1228,-3.5135,-3.4514,-3.2223,-3.1952,-3.1366,-3.0543,-2.9111,-2.7851,-2.7110,-2.5307,-2.4473,-1.9477,-1.8848,-0.4168,0.3440,0.8499,2.3756,2.8694,2.9618,3.4770,5.8740,5.9759,6.0516,6.7326,6.8366,7.1960,8.9654,10.6533,10.7289,10.9451,13.4520,13.5174,13.6722,14.2753,15.5325,16.5980,16.5998,16.7597,17.9196,17.9748,20.7146,23.7435,27.8386,28.0125,28.2157,37.9726,40.1978,43.7735,44.0413,54.3793,59.6205,70.3492,71.9904,86.7090,110.5308,110.9641,113.6422,124.5094,132.0863
Normalized Total Free Energy,,,-7.3739,-7.0996,-7.0340,-6.8131,-6.7851,-6.6185,-6.5353,-6.5170,-6.4635,-6.4572,-6.4569,-6.4393,-6.4111,-6.3884,-6.3634,-6.3430,-6.3335,-6.3248,-6.3084,-6.2921,-6.2721,-6.2712,-6.2555,-6.2471,-6.2220,-6.1995,-6.1454,-6.1245,-6.1085,-6.0926,-6.0875,-6.0790,-6.0760,-6.0623,-6.0402,-6.0062,-5.9965,-5.9946,-5.9886,-5.9844,-5.9536,-5.9399,-5.9107,-5.9067,-5.9036,-5.8939,-5.8906,-5.8761,-5.8149,-5.8028,-5.7697,-5.7660,-5.7603,-5.7516,-5.7361,-5.7324,-5.7313,-5.7177,-5.6719,-5.6382,-5.5744,-5.5624,-5.5602,-5.5326,-5.5288,-5.5250,-5.5198,-5.5134,-5.5117,-5.5037,-5.4692,-5.4475,-5.4317,-5.4297,-5.4147,-5.4069,-5.3891,-5.3811,-5.3722,-5.3702,-5.3513,-5.3282,-5.3195,-5.3005,-5.2994,-5.2905,-5.2750,-5.2484,-5.2119,-5.2057,-5.1586,-5.1561,-5.1251,-5.1082,-5.1039,-5.0939,-5.0656,-5.0626,-5.0446,-5.0410,-5.0200,-5.0059,-5.0051,-5.0050,-4.9939,-4.9935,-4.9861,-4.9437,-4.9320,-4.8946,-4.8940,-4.8734,-4.8725,-4.8664,-4.8417,-4.8351,-4.8116,-4.7968,-4.7904,-4.7896,-4.7860,-4.7788,-4.7614,-4.7509,-4.7362,-4.7146,-4.6899,-4.6886,-4.6870,-4.6853,-4.6841,-4.6536,-4.6529,-4.6354,-4.6305,-4.6076,-4.5906,-4.5811,-4.5810,-4.5743,-4.5731,-4.5577,-4.5561,-4.5431,-4.4905,-4.4749,-4.4661,-4.4632,-4.4135,-4.3818,-4.3769,-4.3585,-4.3358,-4.3196,-4.3087,-4.3068,-4.2942,-4.2920,-4.2850,-4.2831,-4.2659,-4.2595,-4.2563,-4.2466,-4.2254,-4.2224,-4.2080,-4.1925,-4.1864,-4.1756,-4.1720,-4.1682,-4.1479,-4.1084,-4.0998,-4.0688,-4.0470,-4.0379,-4.0109,-3.9894,-3.9884,-3.9853,-3.9746,-3.9237,-3.9143,-3.9003,-3.8908,-3.8733,-3.8564,-3.8435,-3.8421,-3.8243,-3.8142,-3.8104,-3.7836,-3.7797,-3.7664,-3.7658,-3.7537,-3.7483,-3.7317,-3.7306,-3.7264,-3.7185,-3.7174,-3.7167,-3.6978,-3.6891,-3.6674,-3.6660,-3.6614,-3.6474,-3.5907,-3.5870,-3.5786,-3.5731,-3.5715,-3.5672,-3.5270,-3.5047,-3.4986,-3.4926,-3.4557,-3.3768,-3.3638,-3.3630,-3.3619,-3.3304,-3.3162,-3.2875,-3.2616,-3.2312,-3.2270,-3.1993,-3.1927,-3.1651,-3.1577,-3.0856,-3.0820,-3.0597,-3.0443,-3.0258,-2.9598,-2.9574,-2.9416,-2.8835,-2.8833,-2.7996,-2.7617,-2.7560,-2.7407,-2.6952,-2.6944,-2.6935,-2.6761,-2.6543,-2.6457,-2.6286,-2.6227,-2.5915,-2.5672,-2.5340,-2.5268,-2.5172,-2.5111,-2.4649,-2.4532,-2.4435,-2.4053,-2.3957,-2.3886,-2.3388,-2.3338,-2.3308,-2.3174,-2.2795,-2.2571,-2.2064,-2.1873,-2.1789,-2.1011,-1.9842,-1.9635,-1.9382,-1.9230,-1.9172,-1.8541,-1.8364,-1.8252,-1.7818,-1.7752,-1.7503,-1.7367,-1.6544,-1.6463,-1.5596,-1.5384,-1.4796,-1.4763,-1.4737,-1.4157,-1.4056,-1.3975,-1.3195,-1.3024,-1.2557,-1.2306,-1.1784,-1.0783,-1.0681,-1.0448,-0.9422,-0.5960,-0.5608,-0.4306,-0.4152,-0.3819,-0.3351,-0.2538,-0.1822,-0.1400,-0.0376,0.0098,0.2936,0.3293,1.1634,1.5957,1.8832,2.7500,3.0307,3.0832,3.3759,4.7378,4.7957,4.8387,5.2257,5.2848,5.4890,6.4943,7.4533,7.4963,7.6192,9.0436,9.0807,9.1687,9.5113,10.2257,10.8311,10.8321,10.9229,11.5820,11.6134,13.1701,14.8910,17.2179,17.3167,17.4321,22.9758,24.2402,26.2719,26.4240,32.2979,35.2759,41.3719,42.3044,50.6673,64.2026,64.4488,65.9704,72.1451,76.4501
