Chain ID,Residue name,Residue sequence,Conf 1,Conf 2,Conf 3,Conf 4,Conf 5,Conf 6,Conf 7,Conf 8,Conf 9,Conf 10,Conf 11,Conf 12,Conf 13,Conf 14,Conf 15,Conf 16,Conf 17,Conf 18,Conf 19,Conf 20,Conf 21,Conf 22,Conf 23,Conf 24,Conf 25,Conf 26,Conf 27,Conf 28,Conf 29,Conf 30,Conf 31,Conf 32,Conf 33,Conf 34,Conf 35,Conf 36,Conf 37,Conf 38,Conf 39,Conf 40,Conf 41,Conf 42,Conf 43,Conf 44,Conf 45,Conf 46,Conf 47,Conf 48,Conf 49,Conf 50,Conf 51,Conf 52,Conf 53,Conf 54,Conf 55,Conf 56,Conf 57,Conf 58,Conf 59,Conf 60,Conf 61,Conf 62,Conf 63,Conf 64,Conf 65,Conf 66,Conf 67,Conf 68,Conf 69,Conf 70,Conf 71,Conf 72,Conf 73,Conf 74,Conf 75,Conf 76,Conf 77,Conf 78,Conf 79,Conf 80,Conf 81,Conf 82,Conf 83,Conf 84,Conf 85,Conf 86,Conf 87,Conf 88,Conf 89,Conf 90,Conf 91,Conf 92,Conf 93,Conf 94,Conf 95,Conf 96,Conf 97,Conf 98,Conf 99,Conf 100,Conf 101,Conf 102,Conf 103,Conf 104,Conf 105,Conf 106,Conf 107,Conf 108,Conf 109,Conf 110,Conf 111,Conf 112,Conf 113,Conf 114,Conf 115,Conf 116,Conf 117,Conf 118,Conf 119,Conf 120,Conf 121,Conf 122,Conf 123,Conf 124,Conf 125,Conf 126,Conf 127,Conf 128,Conf 129,Conf 130,Conf 131,Conf 132,Conf 133,Conf 134,Conf 135,Conf 136,Conf 137,Conf 138,Conf 139,Conf 140,Conf 141,Conf 142,Conf 143,Conf 144,Conf 145,Conf 146,Conf 147,Conf 148,Conf 149,Conf 150,Conf 151,Conf 152,Conf 153,Conf 154,Conf 155,Conf 156,Conf 157,Conf 158,Conf 159,Conf 160,Conf 161,Conf 162,Conf 163,Conf 164,Conf 165,Conf 166,Conf 167,Conf 168,Conf 169,Conf 170,Conf 171,Conf 172,Conf 173,Conf 174,Conf 175,Conf 176,Conf 177,Conf 178,Conf 179,Conf 180,Conf 181,Conf 182,Conf 183,Conf 184,Conf 185,Conf 186,Conf 187,Conf 188,Conf 189,Conf 190,Conf 191,Conf 192,Conf 193,Conf 194,Conf 195,Conf 196,Conf 197,Conf 198,Conf 199
A,VAL,20,,,,,,,,,,,,,,,,,,,,,,,,,,,,,,,,,,,,,,,,,,,,,,,,,,,,,,,,,,,,,,,,,,,,,,,,,,,,,,,,,,,,,,,,,,,,,,,,,,,,,,,,,,,,,,,,,,,,,,,,,,,,,,,,,,,,,,,,,,,,,,,,,,,,,,,,,,,,,,,,,,,,,,,,,,,,,,,,,,,,,,,,,,,,,,,,,,,,,,,
A,THR,21,,,,,,,,,,,,,,,,,,,,,,,,,,,,,,,,,,,,,,,,,,,,,,,,,,,,,,,,,,,,,,,,,,,,,,,,,,,,,,,,,,,,,,,,,,,,,,,,,,,,,,,,,,,,,,,,,,,,,,,,,,,,,,,,,,,,,,,,,,,,,,,,,,,,,,,,,,,,,,,,,,,,,,,,,,,,,,,,,,,,,,,,,,,,,,,,,,,,,,,
A,CYS,22,,,,,,,,,,,,,,,,,,,,,,,,,,,,,,,,,,,,,,,,,,,,,,,,,,,,,,,,,,,,,,,,,,,,,,,,,,,,,,,,,,,,,,,,,,,,,,,,,,,,,,,,,,,,,,,,,,,,,,,,,,,,,,,,,,,,,,,,,,,,,,,,,,,,,,,,,,,,,,,,,,,,,,,,,,,,,,,,,,,,,,,,,,,,,,,,,,,,,,,
A,GLY,23,,,,,,,,,,,,,,,,,,,,,,,,,,,,,,,,,,,,,,,,,,,,,,,,,,,,,,,,,,,,,,,,,,,,,,,,,,,,,,,,,,,,,,,,,,,,,,,,,,,,,,,,,,,,,,,,,,,,,,,,,,,,,,,,,,,,,,,,,,,,,,,,,,,,,,,,,,,,,,,,,,,,,,,,,,,,,,,,,,,,,,,,,,,,,,,,,,,,,,,
A,THR,24,,,,,,,,,,,,,,,,,,,,,,,,,,,,,,,,,,,,,,,,,,,,,,,,,,,,,,-0.0359,-0.0008,,,,,,,,,,,,,,,,,,,,,,,,,-0.0009,,,,,,,,,-0.0015,,,,,,,,,,,,,,,,,,,,,,,,,,,,,,,,,,,-0.0024,,,,,,,,,,,,-0.0038,,,,,,,,,,,,,,,,,,,,,,,,,,,,,,,,,,,,,,,,,,,,,,,,,,,,,,,,,,,,,,,
A,THR,25,,,,,,,,,,,,,-0.0002,,,,,,,,,,,,,,,,,,,,,,,-0.0003,,,,,,,,,,,,,,,,,,-0.4757,-0.1112,-0.0014,,,,-0.0028,,,,-0.0232,,,,,,,,,-0.0533,-0.0346,-0.0549,,,-0.0026,,-0.1244,,,,,,,,,-0.1326,-0.0704,,,,,-0.0539,,,,,,,,-0.1609,,,,,-0.0356,,,,,,-0.0020,,,,,,,,,,-0.1724,,,,,,,,,,,,-0.1471,,,,,,,,,,,,,,,,,,,,,,,,,,,,,,,,,,,,,,,,,,,,,,,,,,,,,,,,,,,,,,,
A,THR,26,,,,,,,,,,,,,-0.0871,,,,,,,,,,,,,,,,,,,,,,,-0.0658,,,,,,,,,,,,,,,,,,-0.1656,-0.2096,-0.0940,,,,-0.0534,,,,-0.0437,,,,,,,,,-0.0616,-0.0001,-0.1674,,,-0.0001,,-0.1735,,,,,,,,,-0.2032,-0.2619,,,,,-0.0041,,,,,,,,-0.0004,,,,,,,,,,,-0.1763,,,,,,,,,,-0.0471,,,,,,,,,,,,-0.0061,,,,,,,,,,,,,,,,,,,,,,,,,,,,,,,,,,,,,,,,,,,,,,,,,,,,,,,,,,,,,,,
A,LEU,27,,,,-0.0004,,,,,,,,,-0.1030,,,,,,,,,,,,,,,,,,,,,,,-0.1290,,,,,,,,,,,,,,,,,,,-0.1037,-0.1372,,,,-0.1465,,,,-0.1663,,,,,,,,,-0.1586,-0.0022,-0.1107,,,-0.0120,,-0.0003,,,,,,,,,-0.0001,-0.1096,,,,,-0.0812,,,,,,,,-0.0053,,,,,-0.0382,,,,,,,,,,,,,,,,,,,,,,,,,,,,,,,,,,,,,,,,,,,,,,,,,,,,,,,,,,,,,,,,,,,,,,,,,,,,,,,,,,,,,,,,,,,
A,ASN,28,,,,,,,,,,,,,,,,,,,,,,,,,,,,,,,,,,,,,,,,,,,,,,,,,,,,,,,,,,,,,,,,,,,,,,,,,,,,,,,,,,,,,,,,,,,,,,,,,,,,,,,,,,,,,,,,,,,,,,,,,,,,,,,,,,,,,,,,,,,,,,,,,,,,,,,,,,,,,,,,,,,,,,,,,,,,,,,,,,,,,,,,,,,,,,,,,,,,,,,
A,PRO,39,,,,,,,,,,,,,,,,,,,,,,,,,,,,,,,,,,,,,,,,,,,,,,,,,,,,,,,,,,,,,,,,,,,,,,,,,,,,,,,,,,,,,,,,,,,,,,,,,,,,,,,,,,,,,,,,,,,,,,,,,,,,,,,,,,,,,,,,,,,,,,,,,,,,,,,,,,,,,,,,,,,,,,,,,,,,,,,,,,,,,,,,,,,,,,,,,,,,,,,
A,ARG,40,,,,,,,,,,,,,,,,,,,,,,,,,,,,,,,,,,,,,,,,,,,,,,,,,,,,,,,,,,,,,,,,,,,,,,,,,,,,,,,,,,,,,,,,,,,,,,,,,,,,,,,,,,,,,,,,,,,,,,,,,,,,,,,,,,,,,,,,,,,,,,,,,,,,,,,,,,,,,,,,,,,,,,,,,,,,,,,,,,,,,,,,,,,,,,,,,,,,,,,
A,HIS,41,,,,-0.0796,,,,,,,,,-0.0036,,,,-0.0001,,-0.2506,-0.4194,,-0.3613,-0.0026,,-0.8043,,,,-0.1928,,,,,-0.2730,,-0.0818,,-0.2313,,,,-0.0163,-0.0049,,,,,-0.4196,,,,,-0.0003,,-0.0209,-0.0013,,,,-0.0126,-0.0689,,,-0.2302,,,-0.3999,-0.2106,-0.2364,,,,-0.1952,-0.1199,-0.0903,,-0.1028,-0.2243,,-0.1402,,,-0.0198,,,,,,-0.0689,-0.0001,,-0.1194,,,-0.1229,-0.0556,,-0.0103,-0.0779,,,,-0.0569,,-0.2985,,,-0.1152,,,,-0.0001,,,,,,,,,,,,-0.0023,,,,,,,,,-0.0010,,,,,,,,,,,,,,,,,,,,,-0.0011,,,,,,,,,,,,,,,,,-0.0004,,,,,,,,,,,,,,,,,,,,,,,,,,,,
A,VAL,42,,,,,,,,,,,,,,,,,,,,,,,,,,,,,,,,,,,,,,,,,,,,,,,,,,,,,,,,,,,,,,,,,,,,,,,,,,,,,,,,,,,,,,,,,,,,,,,,,,,,,,,,,,,,,,,,,,,,,,,,,,,,,,,,,,,,,,,,,,,,,,,,,,,,,,,,,,,,,,,,,,,,,,,,,,,,,,,,,,,,,,,,,,,,,,,,,,,,,,,
A,ILE,43,,,,,,,,,,,,,,,,,,,,,,,,,,,,,,,,,,,,,,,,,,,,,,,,,,,,,,,,,,,,,,,,,,,,,,,,,,,,,,,,,,,,,,,,,,,,,,,,,,,,,,,,,,,,,,,,,,,,,,,,,,,,,,,,,,,,,,,,,,,,,,,,,,,,,,,,,,,,,,,,,,,,,,,,,,,,,,,,,,,,,,,,,,,,,,,,,,,,,,,
A,CYS,44,,,,,,,,,,,,,,,,,,,,-0.0006,,,,,,,,,,,,,,,,,,,,,,,,,,,,,,,,,,-0.0523,,,,,,,,,,,,,,,,,,,,,,,,,,,,,,,,,,,,,,,,,,,,,,,,,,,,,,,,,,,,,,,,,,,,,,,,,,,,,,,,,,,,,,,,,,,,,,,,,,,,,,,,,,,,,,,,,,,,,,,,,,,,,,,,,,,,,,,,,,,,,,,,,
A,THR,45,,,,,,,,,,,,,,,,,,,,,,,,,,,,,,,,,,,,,,,,,,,,,,,,,,,,,,-0.0802,,,,,,,,,,,,,,,,,,,,,,,,,,,,,,,,,,,,,,,,,,,,,,,,,-0.0006,,,,,,,,,,,,,,,,,,,,,,,,,,,,,,,,,,,,,,,,,,,,,,,,,,,,,,,,,,,,,,,,,,,,,,,,,,,,,,,,,,,,,,,,,,,,,,,,
A,SER,46,,,,,,,,,,,,,,,,,,,,,,,,,,,,,,,,,,,,,,,,,,,,,,,,,,,,,,-0.0174,,,,,,,,,,,,,,,,,,,,,,,,,,,,,,,,,,,,,,,,,,,,,,,,,-0.0137,,,,,,,,,,,,,,,,,,,,,,,,,,,,,,,,,,,,,,,,,,,,,,,,,,,,,,,,,,,,,,,,,,,,-0.0001,,,,,,,,,,,,,,,,,,,,,,,,,,,,
A,GLU,47,,,,,,,,,,,,,,,,,,,,,,,,,,,,,,,,,,,,,,,,,,,,,,,,,,,,,,,,,,,,,,,,,,,,,,,,,,,,,,,,,,,,,,,,,,,,,,,,,,,,,,,,,,,,,,,,,,,,,,,,,,,,,,,,,,,,,,,,,,,,,,,,,,,,,,,,,,,,,,,,,,,,,,,,,,,,,,,,,,,,,,,,,,,,,,,,,,,,,,,
A,ASP,48,,,,,,,,,,,,,,,,,,,,,,,,,,,,,,,,,,,,,,,,,,,,,,,,,,,,,,,,,,,,,,,,,,,,,,,,,,,,,,,,,,,,,,,,,,,,,,,,,,,,,,,,,,,,,,,,,,,,,,,,,,,,,,,,,,,,,,,,,,,,,,,,,,,,,,,,,,,,,,,,,,,,,,,,,,,,,,,,,,,,,,,,,,,,,,,,,,,,,,,
A,MET,49,,,,-0.0005,,,,,,,,,,,,,,,-0.1036,-0.2651,,-0.2205,,,-0.1582,,,,-0.1440,,,,,,,,,-0.0001,,,,,,,,,-0.0011,-0.0020,,,,,-0.0620,-0.0831,,-0.0361,,,,-0.0199,-0.0001,,,-0.1026,,,-0.1522,-0.0036,-0.1270,,,,-0.0530,-0.0591,-0.0297,,-0.0068,-0.0208,,-0.0728,,,,,,,,-0.0662,-0.0721,,,-0.0053,-0.0008,,-0.1783,-0.0024,,-0.0024,-0.0736,,,,-0.2865,,-0.1893,-0.0005,,-0.0315,,,,,,-0.0537,,,,,,,-0.0281,,,-0.1219,,,,,,,,-0.0197,-0.0005,,,-0.0410,,,,,,,,-0.0004,-0.0011,,,,,,,,,-0.0270,,-0.0001,,,,,,,,,,,,-0.1113,,,-0.1717,,,-0.0531,,-0.0011,,,,,,,,,,,,,,,,,,,,,,,
A,LEU,50,,,,,,,,,,,,,,,,,,,,,,,,,,,,,,,,,,,,,,,,,,,,,,,,,,,,,,,,,,,,,,,,,,,,,,,,,,,,,,,,,,,,,,,,,,,,,,,,,,,,,,,,,,,,,,,,,,,,,,,,,,,,,,,,,,,,,,,,,,,,,,,,,,,,,,,,,,,,,,,,,,,,,,,,,,,,,,,,,,,,,,,,,,,,,,,,,,,,,,,
A,ASN,51,,,,,,,,,,,,,,,,,,,,,,,,,,,,,,,,,,,,,,,,,,,,,,,,,,,,,,,,,,,,,,,,,,,,,,,,,,,,,,,,,,,,,,,,,,,,,,,,,,,,,,,,,,,,,,,,,,,,,,,,,,,,,,,,,,,,,,,,,,,,,,,,,,,,,,,,,,,,,,,,,,,,,,,,,,,,,,,,,,,,,,,,,,,,,,,,,,,,,,,
A,PRO,52,,,,,,,,,,,,,,,,,,,,-0.0016,,,,,,,,,,,,,,,,,,,,,,,,,,,,,,,,,,,,,,,,,,,,,,,,,,,,,,,,,,,,,,,,,,,,,,,,,,,,,,,,,,,,,,,,,,,,,,,,,,,,,,,,,,,,,,,,,,,,,,,,,,,,,,,,,,,,,,,,,,,,,,,,,,,,,,,,,,,,,,,,,,,,,,,,,,,,,,,,,,,
A,TYR,54,,,,,,,,,,,,,,,,,,,-0.0383,-0.0484,,-0.0536,,,-0.0449,,,,,,,,,,,,,,,,,,,,,,,,,,,,,,,,,,,,,,,,,,,,,,,,,,,,,,,,,,,,,,,,,,,,,,,,,,,,,,,,,,,,,,,,,,,,,,,,,,,,,,,,,,,,,,,,,,,,,,,,,,,,,,,,,,,,,,,,,,,,,,,,,,,,,,,,,,,,,,,,,,,,,,,,,,,,,,
A,CYS,117,,,,,,,,,,,,,,,,,,,,,,,,,,,,,,,,,,,,,,,,,,,,,,,,,,,,,,,,,,,,,,,,,,,,,,,,,,,,,,,,,,,,,,,,,,,,,,,,,,,,,,,,,,,,,,,,,,,,,,,,,,,,,,,,,,,,,,,,,,,,,,,,,,,,,,,,,,,,,,,,,,,,,,,,,,,,,,,,,,,,,,,,,,,,,,,,,,,,,,,
A,TYR,118,,,,,,,,,,,,,,,,,,,,,,,,,,,,,,,,,,,,,,,,,,,,,,,,,,,,,,,,,,,,,,,,,,,,,,,,,,,,,,,,,,,,,,,,,,,,,,,,,,,,,,,,,,,,,,,,,,,,,,,,,,,,,,,,,,,,,,,,,,,,,,,,,,,,,,,,,,,,,,,,,,,,,,,,,,,,,,,,,,,,,,,,,,,,,,,,,,,,,,,
A,ASN,119,,,,,,,,,,,,,,,,,,,,,,,,,,,,,,,,,,,,,,,,,,,,,,,,,,,,,,,,,,,,,,,,,,,,,,,,,,,,,,,,,,,,,,,,,,,,,,,,,,,,,,,,,,,,,,,,,,,,,,,,,,,,,,,,,,,,,,,,,,,,,,,,,,,,,,,,,,,,,,,,,,,,,,,,,,,,,,,,,,,,,,,,,,,,,,,,,,,,,,,
A,GLY,138,,,,,,,,,,,,,,,,,,,,,,,,,,,,,,,,,,,,,,,,,,,,,,,,,,,,,,,,,,,,,,,,,,,,,,,,,,,,,,,,,,,,,,,,,,,,,,,,,,,,,,,,,,,,,,,,,,,,,,,,,,,,,,,,,,,,,,,,,,,,,,,,,,,,,,,,,,,,,,,,,,,,,,,,,,,,,,,,,,,,,,,,,,,,,,,,,,,,,,,
A,SER,139,,,,,,,,,,,,,,,,,,,,,,,,,,,,,,,,,,,,,,,,,,,,,,,,,,,,,,,,,,,,,,,,,,,,,,,,,,,,,,,,,,,,,,,,,,,,,,,,,,,,,,,,,,,,,,,,,,,,,,,,,,,,,,,,,,,,,,,,,,,,,,,,,,,,,,,,,,,,,,,,,,,,,,,,,,,,,,,,,,,,,,,,,,,,,,,,,,,,,,,
A,PHE,140,-0.2593,-0.1136,-0.1936,,,-0.1667,-0.1425,-0.2036,-0.1837,-0.2012,,-0.2549,,-0.1821,,-0.1481,-0.1736,-0.1754,,,-0.1093,,-0.0009,-0.0001,,,-0.0014,-0.0022,,-0.1805,,-0.1873,,,,,,,,-0.0013,,,,-0.1612,-0.1940,,-0.0278,,,,,,,,,,,,-0.1130,,,,,,,,,,,,-0.1011,-0.0361,,,,-0.0507,,,-0.0030,,-0.0401,,,,,,,,,,,,-0.0072,,,,-0.0522,,,,,,,,,,,,,,,-0.0025,,,-0.0474,,,,,,,,,,,,,,,,,,,,,,,,,,,-0.0409,,,,-0.0685,,,,,,,,,,,,,,,,,,,,,,,,,,,,,,,,,,,,,,,,,,,,,,,,,,,,,
A,LEU,141,-0.3875,-0.2120,-0.2011,-0.1104,-0.0966,-0.0221,-0.1089,-0.1669,-0.1740,-0.2068,,-0.3670,-0.0745,-0.1595,,-0.2640,-0.1530,-0.0347,,,-0.1755,,-0.1283,-0.0073,,,-0.1369,-0.1212,,-0.2022,,-0.2182,-0.0884,,,-0.0024,,,,-0.1069,,,-0.0847,-0.0252,-0.0974,-0.0625,-0.1417,,,,,,,,,,,,-0.0182,,-0.0786,,,,,,,,,,-0.0570,-0.0059,,-0.0568,,-0.1916,,,-0.0577,,-0.0769,-0.0390,,,,,,-0.0873,,,,,-0.0002,,,-0.0004,-0.0420,,,,,,,,,,-0.0008,-0.1033,,,,-0.0001,-0.0001,,-0.1694,,,,,,,,,,,,,,,,,,-0.0001,,,,,,,,,-0.0877,,,-0.0003,-0.0202,,,,,,,,,,,,,,,,,,,,,,,,,,,,,,,,,,,,,,,,,,,,,,,,,,,,,
A,ASN,142,-0.3408,-0.1929,-0.0923,-0.1771,-0.1062,-0.0092,-0.0841,-0.0826,-0.0030,-0.1245,,-0.1706,-0.1405,-0.0080,,-0.2206,-0.0728,-0.0054,,,-0.1466,,-0.0973,,,,-0.2230,-0.1276,,-0.0644,,-0.1194,-0.1074,,,-0.1532,,,,-0.0809,,,-0.1544,-0.0810,-0.0608,-0.1573,-0.1443,,,,,,,,-0.0001,-0.1304,,,-0.0118,-0.1792,-0.2320,,,-0.0022,,,,,,-0.0664,-0.0361,-0.0002,,-0.1815,-0.0389,-0.4227,-0.0024,-0.0015,-0.3104,-0.0005,-0.1411,-0.2300,,-0.0001,,,,-0.3146,-0.0038,-0.0760,,,-0.0174,,-0.0004,-0.7041,-0.0321,-0.2217,,-0.1056,,,,,,,-0.0679,-0.2838,,-0.0004,,-0.0284,-0.0738,-0.1944,-0.3327,-0.0031,,,,,-0.0339,,,-0.0004,,,,,,,,-0.0595,-0.2240,,,-0.1345,,,,,,-0.3239,,-0.1462,-0.3455,-0.1382,,,,,-0.2048,,,-0.2935,,-0.1314,,,-0.1450,-0.0001,,,-0.0084,-0.1303,,,,-0.1228,-0.0985,,-0.1483,,,-0.2656,-0.0001,-0.2403,-0.0220,,,,,,,,-0.2635,,-0.0012,,,,,-0.0012,,-0.0725,,,,,
A,GLY,143,-0.0972,-0.1323,,-0.1975,-0.1023,,,,-0.0001,,,-0.0007,-0.4935,,,-0.0782,-0.0006,-0.0001,,,-0.1348,,-0.0582,,,,-0.1300,-0.1177,,,,,-0.1055,,,-0.2231,,,,-0.0354,,,-0.1222,,,-0.0727,,,,,,,,-0.0110,-0.1301,-0.3677,,,,-0.1983,-0.0075,,,-0.1547,,,,,,,,,-0.0010,-0.0917,-0.1679,-0.0002,-0.0059,-0.0949,-0.0018,-0.0501,,-0.0024,,,,,,-0.0785,-0.0975,-0.3098,,,-0.0008,,-0.0002,-0.1480,,-0.0791,,,,,,,,,,-0.2652,,,,,,-0.1955,-0.0002,,,,,,,,,-0.0001,,,,,,,,-0.0504,-0.0568,,,-0.1512,,,,,,,,-0.0002,-0.1822,,,,,,,,,-0.0397,,,,,,,,,,,,,,,,,-0.0503,,,-0.0002,,-0.0001,,,,,,,,,,,,,,,,,,,,,,,
A,SER,144,-0.1450,-0.1562,-0.0029,-0.1549,-0.1437,-0.0003,-0.0004,-0.0680,-0.0675,-0.0007,,-0.0609,-0.1554,-0.0123,,-0.1983,-0.0407,-0.0012,,,-0.3032,,-0.1466,-0.0014,,,-0.2149,-0.2098,,-0.0660,,-0.0043,-0.1391,,,-0.0009,,,,-0.0527,,,-0.1344,-0.0007,-0.0045,-0.0029,-0.0207,,,,,,,,-0.0001,-0.0038,,,-0.0005,-0.0013,-0.0002,,,-0.0022,,,,,,,,-0.0008,,-0.0217,,-0.0001,,-0.0002,-0.0538,,-0.0002,,,,,,,-0.0457,,-0.0001,,,-0.0001,,,-0.0001,,-0.0001,,,,,,,,,,-0.1403,,,,,,,-0.0001,,,,,,,,,,,,,,,,,,,,,,,,,,,,,,-0.0016,,,,,,,,,,,,,,,,,,,,,,,,,,,,,,,,,,,,,,,,,,,,,,,,,,,,,,
A,CYS,145,-0.1140,-0.1770,-0.0345,-0.3519,-0.2163,,-0.0648,-0.0845,-0.0650,-0.0594,,-0.0195,-0.3152,-0.0496,,-0.1812,-0.0922,-0.0407,,-0.0471,-0.2924,-0.0192,-0.2438,-0.0591,-0.0315,,-0.2638,-0.2775,,-0.0398,,-0.0254,-0.1428,-0.0043,,-0.2444,,-0.0516,,-0.1520,,,-0.2150,,,-0.1579,-0.0787,-0.0066,,,-0.0081,-0.0710,,,-0.1338,-0.1404,,,,-0.1247,-0.1108,,,-0.2208,,,-0.0480,-0.0366,-0.0008,-0.0102,,-0.0176,-0.1143,-0.0926,-0.0663,-0.0001,-0.1894,-0.2057,-0.0821,-0.0200,-0.0050,-0.0019,-0.0702,-0.0220,,,,-0.1110,-0.0015,-0.0084,,-0.1366,-0.0266,,-0.1220,-0.0862,,-0.0531,-0.0377,,,,-0.0002,,-0.0836,,,-0.2822,,,,-0.0381,,,,,,,,,-0.0711,,,,,,,,,,,-0.0150,-0.0404,,,,,,,,,,,-0.0368,-0.0452,,,,,,,,,-0.0263,,,,,,,,,,,,,,,,,-0.0015,,,,,-0.0054,,,,,,,,,,,,,,,,,,,,,,,
A,GLY,146,,,,,,,,,,,,,,,,,,,,,,,,,,,,,,,,,,,,,,,,,,,,,,,,,,,,,,,,,,,,,,,,,,,,,,,,,,,,,,,,,,,,,,,,,,,,,,,,,,,,,,,,,,,,,,,,,,,,,,,,,,,,,,,,,,,,,,,,,,,,,,,,,,,,,,,,,,,,,,,,,,,,,,,,,,,,,,,,,,,,,,,,,,,,,,,,,,,,,,,
A,SER,147,,,,,,,,,,,,,,,,,,,,,,,,,,,,,,,,,,,,,,,,,,,,,,,,,,,,,,,,,,,,,,,,,,,,,,,,,,,,,,,,,,,,,,,,,,,,,,,,,,,,,,,,,,,,,,,,,,,,,,,,,,,,,,,,,,,,,,,,,,,,,,,,,,,,,,,,,,,,,,,,,,,,,,,,,,,,,,,,,,,,,,,,,,,,,,,,,,,,,,,
A,TYR,161,,,,,,,,,,,,,,,,,,,,,,,,,,,,,,,,,,,,,,,,,,,,,,,,,,,,,,,,,,,,,,,,,,,,,,,,,,,,,,,,,,,,,,,,,,,,,,,,,,,,,,,,,,,,,,,,,,,,,,,,,,,,,,,,,,,,,,,,,,,,,,,,,,,,,,,,,,,,,,,,,,,,,,,,,,,,,,,,,,,,,,,,,,,,,,,,,,,,,,,
A,HIS,163,-0.1037,-0.1752,-0.1398,-0.0231,-0.0708,-0.1112,-0.1363,-0.1989,-0.1779,-0.1274,,-0.1212,-0.0022,-0.1043,,-0.1502,-0.1216,-0.1136,,,-0.2058,,-0.1119,-0.0889,,,-0.0619,-0.1010,,-0.1876,,-0.1298,-0.0638,,,,,-0.0006,,-0.0960,,,-0.0003,-0.1289,-0.0569,-0.0411,-0.1120,,,,,-0.0023,,,,,,,-0.1008,,-0.0005,,,,,,,,,,,-0.0990,,,,,-0.0001,,-0.1207,,-0.0038,,,,,,,-0.0019,,,,,-0.0994,,,,,,-0.0005,,,,,,,,,,,,,-0.0001,,,,,,,,,,,,,,,,,,,,,,,,,,,,,,,,,,,,,,,,,,,,,,,,,,,,,,,,,,,,,,,,,,,,,,,,,,,,,,,,,,,,,,,
A,HIS,164,,-0.0249,-0.0514,-0.0008,-0.1095,-0.0009,-0.1284,-0.0299,-0.0016,-0.0818,-0.0005,,,-0.0905,,-0.0002,-0.0656,-0.0040,-0.0508,-0.1058,-0.0022,-0.1229,-0.0684,-0.0815,-0.0935,,-0.0010,-0.0475,-0.0506,-0.0022,,-0.0520,-0.0211,-0.1323,,-0.0011,,-0.2134,,-0.0794,-0.0004,-0.0282,-0.0699,-0.0003,,-0.0257,-0.0666,-0.1536,,,-0.0930,-0.1091,-0.0152,,,,,,,,-0.0938,,,-0.0015,,-0.0182,-0.1101,-0.1389,-0.1190,-0.0241,-0.0005,-0.0075,-0.0356,-0.0002,,,-0.1132,-0.0783,-0.0050,,,-0.0425,-0.1280,-0.0092,,-0.0001,,-0.0001,,,,-0.1145,-0.0143,,,,,-0.0030,-0.0527,,,,,,-0.0977,-0.0040,,,,-0.0069,,-0.0809,,,,-0.0001,,,,,-0.0793,,,,,,,,,,,-0.0010,-0.0007,,,,,,,,-0.0366,,,-0.0197,,,,-0.0002,,,-0.0001,,,,,,,,,,,,,,,,,,,,,,,,,-0.0017,,,,,,,,,,,,,,,,,,,,,,,
A,MET,165,-0.0062,-0.1641,-0.3350,,-0.3669,-0.2768,-0.3834,-0.0769,-0.2110,-0.2489,-0.3244,-0.0002,,-0.3383,-0.2167,-0.0019,-0.1217,-0.1829,-0.2882,-0.1095,-0.0806,-0.1317,-0.1460,-0.4476,-0.0196,-0.0674,-0.0218,-0.1162,-0.3033,-0.0370,-0.0611,-0.2124,-0.1125,-0.3586,-0.1196,,-0.1068,-0.4415,-0.1098,-0.1580,-0.2269,-0.3333,-0.0754,-0.1561,-0.0002,-0.2041,-0.1741,-0.1694,,-0.1078,-0.5348,-0.3304,-0.3091,,,,-0.0652,-0.0438,-0.0491,,-0.0809,-0.1047,-0.0545,,-0.0564,-0.3294,-0.0500,-0.1603,-0.3242,-0.3639,-0.0903,-0.2662,-0.0001,,,,-0.2092,-0.0669,-0.0202,,-0.0003,-0.1444,-0.3337,-0.1046,-0.2907,-0.1020,,-0.0001,,,,-0.1836,-0.1438,-0.0559,,,-0.0047,-0.0022,-0.1542,-0.1806,,,,-0.0448,-0.0391,-0.1192,-0.1064,,-0.0363,-0.1018,-0.0792,-0.0941,,,,-0.0958,,,,-0.0101,-0.1358,,-0.0099,,,,-0.0078,-0.0007,,,-0.1142,,,,,,,-0.0143,-0.1062,,-0.3791,,,-0.0245,,,-0.0005,-0.0592,,,-0.0995,,,,,,,,,,,,,,,,,,-0.0002,,,,,,-0.0360,-0.0014,,,,,,,,,,,,,,,,,,,,,,,
A,GLU,166,-0.2314,-0.1996,-0.3466,,-0.1368,-0.6702,-0.3960,-0.1272,-0.3516,-0.3025,-0.1172,-0.2775,,-0.2713,-0.1653,-0.2489,-0.0996,-0.5157,,,-0.2484,-0.0002,-0.0198,-0.3253,,-0.0688,-0.0179,-0.0300,-0.0003,-0.2678,-0.1549,-0.2105,-0.2132,-0.0011,-0.1511,,-0.1193,-0.1503,-0.1101,-0.0281,-0.1411,-0.0516,-0.0002,-0.4388,-0.6014,-0.1671,-0.0253,-0.0072,-0.3107,-0.3296,-0.2026,-0.2730,-0.1145,,,,-0.1971,-0.1183,-0.6429,,-0.0017,-0.2700,-0.1151,,-0.0870,-0.0610,,-0.0320,-0.0498,-0.3117,-0.5700,-0.4719,,,,-0.0229,-0.1382,,-0.0107,,-0.2683,-0.0391,-0.1157,-0.3320,-0.4624,-0.3306,-0.5020,,,,-0.0682,-0.0721,-0.1190,-0.2168,,,-0.2633,,-0.1446,-0.5308,-0.0977,-0.3488,,-0.1405,,-0.0823,-0.3037,,-0.0766,-0.3771,-0.3014,-0.1630,-0.5568,,-0.1551,-0.4621,,-0.3129,-0.1051,-0.0828,-0.0088,-0.3108,-0.0819,,-0.1799,-0.0666,-0.0437,-0.5411,-0.1640,-0.0842,-0.3394,,,-0.0582,-0.1257,,-0.0334,-0.0547,-0.2944,-0.0617,-0.0852,-0.1344,-0.1650,-0.0006,,-0.2993,-0.1040,-0.0612,-0.2100,-0.3896,-0.1544,-0.3934,-0.1220,,-0.2065,-0.0001,-0.3153,-0.2447,-0.2411,-0.3826,-0.0919,-0.3362,-0.0003,-0.2879,-0.2356,-0.2079,-0.1594,-0.0005,-0.0002,-0.2337,,-0.0044,-0.2861,,-0.2763,,-0.0651,-0.1924,-0.1566,,,-0.1278,-0.0456,-0.0632,,-0.0182,-0.0764,,-0.0474,-0.1028,-0.1130,-0.1157,,-0.1053,,-0.0812,,,
A,LEU,167,,,,,,,,,,,-0.0076,,,,,,,,,,,,,,,-0.0004,,,,,-0.0710,,,,,,-0.0473,,-0.0691,,-0.0449,,,,,,,,-0.1369,-0.0184,,,,,,,-0.0412,-0.0820,,,,-0.0457,,,-0.0001,,,,,,,,,,,,,,,,,,,,,,-0.1333,,,,-0.0444,,,-0.0796,,,,,,,-0.0001,-0.0651,,-0.0002,,,,,-0.0178,,-0.0047,,-0.0025,,,-0.0001,,-0.0641,-0.0637,-0.0115,,-0.2001,-0.0001,,-0.0387,-0.0958,,-0.0444,-0.0911,-0.0278,,,,-0.0001,-0.0931,,-0.0117,-0.0044,,,,,-0.1964,,,,-0.0614,,-0.0725,-0.0001,,-0.0192,-0.0270,,-0.1307,,-0.0963,-0.1348,-0.0003,-0.0251,-0.0002,-0.0845,,-0.0001,-0.1017,,-0.1144,,,-0.0106,,-0.0001,-0.0001,,,,-0.0001,-0.0233,,,,-0.0074,,-0.0002,,-0.0364,-0.0012,,-0.0200,-0.0826,-0.0009,-0.0031,,,-0.0020,-0.0026,,,-0.0003
A,PRO,168,,,,,,,,,,,-0.0004,,,,,,,,,,,,,,,-0.0782,,,,,-0.1633,,,,,,-0.0775,,-0.2160,,-0.0662,,,,,,,,-0.3855,-0.1520,,,,,,,-0.0807,-0.1135,,,,-0.2045,,,-0.0994,,,,,,,,,,,,,,,,,,,,,,-0.3430,,,,-0.2954,,,-0.2960,,,,,,,,-0.2325,,-0.0374,,,,,-0.0277,,-0.0144,,,,,,-0.1903,-0.1639,-0.2390,-0.1039,,-0.4603,-0.1691,,-0.2027,-0.8086,-0.0008,-0.1048,-0.3362,-0.5466,,,,-0.1364,-0.2331,,-0.2257,-0.0009,,,,,-0.6058,,,,-0.3244,,-0.2156,,,-0.0150,-0.2626,,-0.1823,,-0.1975,-0.3838,,-0.0339,-0.0005,-0.1283,,,-0.3065,,-0.2317,,,-0.0004,,-0.1207,,,,,,-0.1536,-0.0010,-0.1721,-0.0001,-0.0766,,-0.0005,,-0.1987,-0.0036,-0.0015,-0.0802,-0.2226,-0.0721,-0.0123,-0.2286,,-0.2748,-0.0842,,-0.1457,-0.2582
A,THR,169,,,,,,,,,,,,,,,,,,,,,,,,,,,,,,,,,,,,,,,,,,,,,,,,,,,,,,,,,,,,,,,,,,,,,,,,,,,,,,,,,,,,,,,,,,,,,,,,,,,,,,,,,,,,,,,,,,,,,,,,,,,,,-0.0207,,,,-0.0228,,,,,,,,,,,,,,,,,,,,-0.0081,,,,-0.0563,,,,,,,,,,,,,,-0.0007,,,,,,,,,,,-0.0001,,,,-0.0054,,,,,,,,-0.0002,,,,,,-0.0086,,,
A,GLY,170,,,,,,,,,,,,,,,,,,,,,,,,,,,,,,,,,,,,,,,,,,,,,,,,,,,,,,,,,,,,,,,,,,,,,,,,,,,,,,,,,,,,,,,-0.0002,,,,,,,,,,,,,,,,,,,,,,,,,,,,,,,,,,,-0.0003,,,-0.0453,,,,-0.1276,,,,,,,,,,,,,,,,,,,,-0.1417,,,,-0.1108,,-0.0002,,,-0.0004,,,,,,,,,-0.0222,,,,,,,,,,,-0.0144,,,,-0.1260,,,,,,,,-0.0058,,,,,,-0.0827,,,
A,VAL,171,,,,,,,,,,,,,,,,,,,,,,,,,,,,,,,,,,,,,,,,,,,,,,,,,,,,,,,,,,,,,,,,,,,,,,,,,,,,,,,,,,,,,,,,,,,,,,,,,,,,,,,,,,,,,,,,,,,,,,,,,,,,,,,,,,,,,,,,,,,,,,,,,,,,,,,,,,,,,,,,,,,,,,,,,,,,,,,,,,,,,,,,,,,,,,,,,,,,,,,
A,HIS,172,-0.0671,-0.0232,-0.0483,,,-0.0592,-0.0133,-0.0084,-0.0021,-0.0347,,-0.0055,,-0.0666,,-0.0672,-0.0015,-0.0648,,,-0.0556,,,-0.0001,,,,,,-0.0016,,-0.0297,,,,,,,,,,,,-0.0529,-0.0697,,,,,,,,,,,,,,-0.0690,,,,,,,,,,,,,-0.0057,,,,,,,,,,,,,,,,,,,,,-0.0078,,,,-0.0005,,,,,,,,,,,,,,,-0.0001,,,,,,,,,,,,,,,,,,,,,,,,,,,,,,,,,,,,,,,,,,,,,,,,,,,,,,,,,,,,,,,,,,,,,,,,,,,,,,,,,,,,,,,
A,ALA,173,,,,,,,,,,,,,,,,,,,,,,,,,,,,,,,,,,,,,,,,,,,,,,,,,,,,,,,,,,,,,,,,,,,,,,,,,,,,,,,,,,,,,,,,,,,,,,,,,,,,,,,,,,,,,,,,,,,,,,,,,,,,,,,,,,,,,,,,,,,,,,,,,,,,,,,,,,,,,,,,,,,,,,,,,,,,,,,,,,,,,,,,,,,,,,,,,,,,,,,
A,PHE,181,,,,,,,,,,,,,,,,,,,,,,,,,,,,,,,,,,,,,,,,,,,,,,,,,,,,,,,,,,,,,,,,,,,,,,,,,,,,,,,,,,,,,,,,,,,,,,,,,,,,,,,,,,,,,,,,,,,,,,,,,,,,,,,,,,,,,,,,,,,,,,,,,,,,,,,,,,,,,,,,,,,,,,,,,,,,,,,,,,,,,,,,,,,,,,,,,,,,,,,
A,PHE,185,,,,,,,,,,,,,,,,,,,,,,,,,,,,,,,,,,,,,,,,,,,,,,,,,,,,,,,,,,,,,,,,,,,,,,,,,,,,,,,,,,,,,,,,,,,,,,,,,,,,,,,,,,,,,,,,,,,,,,,,,,,,,,,,,,,,,,,,,,,,,,,,,,,,,,,,,,,,,,,,,,,,,,,,,,,,,,,,,,,,,,,,,,,,,,,,,,,,,,,
A,VAL,186,,,,,,,,,,,,,,,,,,,,,,,,,,,,,,,,,,,,,,,,,,,,,,,,,,,,,,,,,,,,,,,,,,,,,,,,,,,,,,,,,,,,,,,,,,,,,,,,,,,,,,,,,,,,,,,,,,,,,,,,,,,,,,,,,,,,,,,,,,,,,,,,,,,,,,,,,,,,,,,,,,,,,,,,,,,,,,,,,,,,,,,,,,,,,,,,,,,,,,,
A,ASP,187,,,,,,,,,,,,,,,,,,,-0.2611,-0.1221,,-0.2441,,,-0.2455,,,,-0.0352,,,,,-0.0177,,,,-0.0001,,,,-0.0862,,,,,,-0.0092,,,,,,,,,,,,,,,,,,,-0.0004,,,,,,,,,,,,,,,,,,-0.0001,,,,,,,,,,,,,,,,,,,,,,,,,,,,,,,,,,,,,,,,,,,,,,,,,,,,,,,,,,,,,,,,,,,,,,,,,,,,,,,,,,,,,,,,,,,,,,,,,,,,,,,,,,,,,,,,,,
A,ARG,188,,,,,,,,,,,-0.1108,,,,-0.0698,,,,-0.3294,-0.0665,,-0.0890,,,-0.0703,-0.0859,,,-0.2130,,-0.0453,,,-0.2204,-0.0909,,-0.0547,,-0.1092,,-0.0720,-0.2633,,,,,,,-0.0004,-0.0002,-0.0657,,-0.0904,,,,-0.0664,-0.0237,,,,-0.0007,-0.0846,,-0.0773,-0.0343,,,,,,,,,,,,,,,,,,,-0.1240,,,,,,,,,-0.0440,,,,,,,,,,-0.0020,,-0.0043,,,-0.0010,,,,,,,,,,,,,,,,,,-0.0002,,,,,,,,,,,,,,-0.0202,,,,,,,,,,,,,,,,,,,,,,,,,,,,,,,,,,,,,,,,,,,,,,,,,,,,,,,,,,
A,GLN,189,,,-0.0001,,-0.0073,-0.0008,,,,,-0.5787,,,-0.0001,-0.6770,,,,-0.4414,-0.0978,,-0.1084,-0.0003,-0.0460,-0.0613,-0.4011,,-0.0002,-0.5095,,-0.1660,-0.0127,-0.0003,-0.3972,-0.4681,,-0.5826,-0.0488,-0.4152,-0.0563,-0.4255,-0.4863,-0.0529,,,,-0.0594,-0.2005,-0.1671,-0.2438,-0.2973,-0.1392,-0.5268,,,,-0.2299,-0.4107,,,-0.0017,-0.2768,-0.5810,-0.0022,-0.3385,-0.6542,-0.0404,-0.2696,-0.1923,-0.0859,,-0.0072,-0.0013,,,-0.0213,-0.0003,-0.0009,-0.0003,,,-0.1097,-0.0650,-0.0699,-0.3991,-0.3175,-0.0002,-0.0293,,,-0.1978,-0.0413,-0.0517,-0.1085,-0.0002,,-0.0690,-0.0832,-0.0410,,-0.7536,-0.0015,,-0.3411,-0.0017,-0.6103,-0.1011,,-0.4907,-0.0680,-0.1006,-0.0261,,,,-0.0043,-0.1569,,-0.1661,-0.1812,-0.0376,,-0.1155,,,,-0.6154,-0.0002,,-0.0001,-0.1283,-0.0754,,-0.2038,-0.0415,,-0.3749,-0.4444,-0.2027,-0.5283,-0.3409,,,-0.1178,-0.0490,-0.0001,-0.0003,-0.3657,,-0.2752,,-0.0025,,-0.0106,,-0.1887,,,,,-0.2433,,-0.3791,-0.0242,,-0.1554,,-0.0573,-0.1071,-0.0001,-0.0707,-0.0001,,-0.0166,-0.1156,-0.0444,,,,-0.1657,-0.1954,,-0.1388,,-0.0551,,-0.0053,-0.0002,,,,,,-0.0285,,,-0.1030,,
A,THR,190,,,,,,,,,,,-0.1140,,,,-0.1652,,,,,,,,,,,-0.2559,,,,,-0.1656,,,-0.0132,-0.1012,,-0.1131,,-0.1074,,-0.1385,-0.0006,,,,,,,-0.1842,-0.0149,-0.0002,,-0.0001,,,,-0.1314,-0.2197,,,,-0.0003,-0.1805,,-0.1646,,,,,,,,,,,,,,,,,,,,,,-0.0033,,,,-0.2731,,,-0.0944,,,,,,,-0.2032,-0.0014,,-0.0920,,-0.0017,,,-0.1052,,,,,,,,-0.3840,,-0.0002,-0.2286,,,-0.1016,,,,-0.0005,,,-0.0887,,,,-0.0743,-0.1018,,-0.0020,-0.0311,,-0.0009,,,,,,,-0.0302,,,,,,,,,,,,,,,,,,,,,,,,,-0.0024,,,,,,,,-0.0003,,,,,,,,,,,,,,,,,,,
A,ALA,191,,,,,,,,,,,,,,,,,,,,,,,,,,-0.0010,,,,,,,,,,,-0.0003,,,,,,,,,,,,-0.0001,,,,,,,,,,,,,,,,-0.0666,,,,,,,,,,,,,,,,,,,,,,,,,,-0.0311,,,,,,,,,,-0.0009,,,-0.0131,,,,,,,,,,,,,-0.1418,,,-0.0201,,,-0.0096,,,,,,,-0.0038,,,,-0.0656,-0.0131,,,,,,,,,,,,,,,,,,,,,,,,,,,,,,,,,,,,,,,,,,,,,,,,,,,,,,,,,,,,,,,,
A,GLN,192,,,,,,,,,,,-0.0667,,,,-0.0106,,,,,,,,,,,-0.0411,,,,,-0.0837,,,-0.0158,-0.0526,,-0.0642,,-0.0116,,-0.0204,-0.0001,,,,,,,,,-0.0002,,,,,,-0.0821,-0.0036,,,,,-0.0119,,-0.0358,,,,,,,,,,,,,,,,,,,,-0.0001,,,,,,,,,-0.0272,,,,,,,,,,-0.0001,,,,,-0.0003,,,,,,,,-0.0007,,,,,,,,,,,,,-0.0003,,,,-0.0029,-0.0001,,,,,,,,,,,,,,,,,,,,,,,,,,,,,,,,,,,,,,,,,,,,,,,,,,,,,,,,,,,,,,,,
A,ALA,193,,,,,,,,,,,,,,,,,,,,,,,,,,,,,,,,,,,,,,,,,,,,,,,,,,,,,,,,,,,,,,,,,,,,,,,,,,,,,,,,,,,,,,,,,,,,,,,,,,,,,,,,,,,,,,,,,,,,,,,,,,,,,,,,,,,,,,,,,,,,,,,,,,,,,,,,,,,,,,,,,,,,,,,,,,,,,,,,,,,,,,,,,,,,,,,,,,,,,,,

Intra-Ligand Free,,,-0.2618,-0.2859,-0.3013,-0.2591,-0.0326,-0.0631,-0.2996,-0.2104,-0.0442,-0.3010,-0.2588,-0.2447,-0.0764,-0.2109,-0.2985,-0.2532,-0.3130,-0.2579,-0.2459,-0.0284,-0.0633,-0.0410,-0.2865,-0.2415,-0.2152,-0.2797,-0.2502,-0.2644,-0.2661,-0.2973,-0.2629,-0.0574,-0.0332,-0.0467,-0.0456,-0.2626,-0.2526,-0.0716,-0.2909,-0.2334,-0.0293,-0.0488,-0.0334,-0.1598,-0.2941,-0.2724,-0.0527,-0.2668,-0.0366,-0.2847,-0.0595,-0.0548,-0.0371,-0.0651,-0.2545,-0.2406,-0.2531,-0.2906,-0.2358,-0.2867,-0.2753,-0.2604,-0.0782,0.0399,-0.2580,-0.2861,-0.0365,-0.2767,-0.2645,-0.0645,-0.0557,-0.2609,-0.0333,-0.0590,-0.0683,-0.3024,-0.0372,-0.0450,-0.2198,-0.0296,-0.1359,-0.2184,-0.2325,-0.2798,-0.0558,-0.2874,-0.2542,-0.0602,-0.2612,-0.0792,-0.2614,-0.2757,-0.0340,-0.0460,-0.2299,-0.2256,-0.0470,-0.2579,-0.0415,-0.2334,-0.2938,-0.2080,-0.0694,-0.0301,-0.0416,-0.0749,-0.2649,-0.0326,-0.0530,-0.3033,-0.1974,-0.2683,-0.2485,-0.0591,-0.0834,-0.2552,-0.2675,-0.1919,-0.2376,-0.0595,-0.0634,-0.2482,-0.0450,-0.3041,-0.2570,-0.2656,-0.0703,-0.0527,-0.2606,-0.0515,-0.2696,-0.2986,-0.2396,-0.0663,-0.0766,-0.0347,-0.2843,-0.0374,-0.0610,-0.0986,-0.0410,-0.2908,-0.2415,-0.2122,-0.0426,-0.2404,-0.0466,-0.0283,-0.2324,-0.0438,-0.0318,-0.2650,-0.2469,-0.0570,-0.2991,-0.0590,-0.2117,-0.2967,-0.2660,-0.2722,-0.0369,-0.2720,-0.3134,-0.0312,-0.0293,-0.0288,-0.0490,-0.1739,-0.2277,-0.2944,-0.0311,-0.2962,-0.2467,-0.2473,-0.0594,-0.0997,-0.2370,-0.2615,-0.3097,-0.0471,-0.2189,-0.2577,-0.0455,-0.0290,-0.0404,-0.0612,-0.0346,-0.2900,-0.2411,-0.0487,-0.2569,-0.2609,-0.3115,-0.0426,-0.0590,-0.0585,-0.0590,-0.2698,-0.2211
Inter-Ligand Free,,,-5.1080,-4.6628,-4.3218,-4.2445,-4.3916,-4.2781,-4.0196,-4.0991,-4.2626,-4.0039,-4.0206,-3.9944,-4.1614,-4.0245,-3.8693,-3.8922,-3.8156,-3.8673,-3.8596,-4.0539,-4.0031,-3.9503,-3.6730,-3.6650,-3.6887,-3.5967,-3.6203,-3.5679,-3.5552,-3.4955,-3.5052,-3.6975,-3.7169,-3.6909,-3.6851,-3.4505,-3.4214,-3.5212,-3.2912,-3.3031,-3.4740,-3.4494,-3.4212,-3.2608,-3.1241,-3.1409,-3.3481,-3.1250,-3.3218,-3.0401,-3.2548,-3.2431,-3.2402,-3.2070,-3.0110,-3.0206,-3.0076,-2.9656,-3.0099,-2.9547,-2.9634,-2.8940,-3.0742,-3.1867,-2.8628,-2.8223,-3.0687,-2.8177,-2.8255,-3.0215,-3.0292,-2.8188,-3.0418,-2.9988,-2.9847,-2.7268,-2.9906,-2.9557,-2.7779,-2.9636,-2.8142,-2.7309,-2.7035,-2.6439,-2.8288,-2.5871,-2.6073,-2.7858,-2.5803,-2.7359,-2.5355,-2.5162,-2.7544,-2.7242,-2.5361,-2.5273,-2.7004,-2.4844,-2.6967,-2.4993,-2.4080,-2.4644,-2.5970,-2.6321,-2.6181,-2.5786,-2.3756,-2.5933,-2.5610,-2.3016,-2.3769,-2.2841,-2.3029,-2.4759,-2.4239,-2.2318,-2.1896,-2.2614,-2.1924,-2.3548,-2.3501,-2.1142,-2.3124,-2.0499,-2.0905,-2.0672,-2.2568,-2.2703,-2.0606,-2.2652,-2.0434,-1.9906,-2.0478,-2.2208,-2.2066,-2.2480,-1.9872,-2.2212,-2.1907,-2.1383,-2.1958,-1.9439,-1.9891,-1.9699,-2.1017,-1.8880,-2.0805,-2.0730,-1.8658,-2.0504,-2.0402,-1.8062,-1.7707,-1.9441,-1.6600,-1.8632,-1.7032,-1.5731,-1.5978,-1.5857,-1.8069,-1.5315,-1.4587,-1.7273,-1.7159,-1.7129,-1.6905,-1.5243,-1.4573,-1.3694,-1.6127,-1.3198,-1.3407,-1.3193,-1.4566,-1.4042,-1.2618,-1.2008,-1.1196,-1.3589,-1.1058,-1.0649,-1.2704,-1.2591,-1.2337,-1.2015,-1.2123,-0.9375,-0.9548,-1.1146,-0.8977,-0.8820,-0.8222,-1.0833,-1.0493,-1.0383,-1.0221,-0.8102,-0.8106
Total Free Energy,,,-5.3698,-4.9487,-4.6231,-4.5036,-4.4242,-4.3411,-4.3192,-4.3095,-4.3067,-4.3049,-4.2794,-4.2391,-4.2378,-4.2353,-4.1677,-4.1454,-4.1287,-4.1252,-4.1055,-4.0824,-4.0664,-3.9913,-3.9595,-3.9065,-3.9039,-3.8763,-3.8705,-3.8323,-3.8213,-3.7927,-3.7681,-3.7549,-3.7501,-3.7376,-3.7307,-3.7131,-3.6740,-3.5928,-3.5821,-3.5365,-3.5034,-3.4982,-3.4546,-3.4206,-3.4182,-3.4132,-3.4008,-3.3918,-3.3585,-3.3248,-3.3144,-3.2979,-3.2773,-3.2721,-3.2654,-3.2612,-3.2607,-3.2562,-3.2457,-3.2414,-3.2387,-3.1543,-3.1524,-3.1468,-3.1208,-3.1085,-3.1052,-3.0944,-3.0900,-3.0860,-3.0849,-3.0796,-3.0751,-3.0579,-3.0530,-3.0293,-3.0278,-3.0007,-2.9977,-2.9931,-2.9501,-2.9493,-2.9360,-2.9238,-2.8847,-2.8745,-2.8615,-2.8460,-2.8414,-2.8152,-2.7969,-2.7919,-2.7884,-2.7701,-2.7660,-2.7529,-2.7473,-2.7423,-2.7383,-2.7327,-2.7019,-2.6724,-2.6664,-2.6622,-2.6596,-2.6535,-2.6405,-2.6259,-2.6140,-2.6049,-2.5743,-2.5524,-2.5514,-2.5350,-2.5072,-2.4871,-2.4571,-2.4533,-2.4299,-2.4144,-2.4135,-2.3624,-2.3574,-2.3540,-2.3475,-2.3327,-2.3271,-2.3230,-2.3212,-2.3167,-2.3130,-2.2891,-2.2873,-2.2871,-2.2832,-2.2827,-2.2715,-2.2585,-2.2517,-2.2369,-2.2368,-2.2346,-2.2307,-2.1821,-2.1443,-2.1283,-2.1272,-2.1012,-2.0983,-2.0942,-2.0720,-2.0713,-2.0176,-2.0011,-1.9591,-1.9222,-1.9149,-1.8698,-1.8637,-1.8579,-1.8438,-1.8035,-1.7721,-1.7585,-1.7452,-1.7417,-1.7396,-1.6982,-1.6851,-1.6638,-1.6438,-1.6160,-1.5873,-1.5666,-1.5160,-1.5039,-1.4987,-1.4622,-1.4293,-1.4060,-1.3247,-1.3227,-1.3159,-1.2881,-1.2740,-1.2627,-1.2469,-1.2275,-1.1959,-1.1633,-1.1546,-1.1429,-1.1338,-1.1259,-1.1083,-1.0968,-1.0811,-1.0800,-1.0317
Normalized Total Free Energy,,,-4.5733,-4.1963,-3.9047,-3.7978,-3.7267,-3.6523,-3.6326,-3.6240,-3.6215,-3.6199,-3.5970,-3.5610,-3.5598,-3.5576,-3.4971,-3.4770,-3.4621,-3.4590,-3.4414,-3.4206,-3.4064,-3.3391,-3.3106,-3.2631,-3.2609,-3.2362,-3.2310,-3.1968,-3.1869,-3.1613,-3.1392,-3.1275,-3.1231,-3.1120,-3.1058,-3.0900,-3.0550,-2.9823,-2.9728,-2.9319,-2.9023,-2.8976,-2.8586,-2.8281,-2.8260,-2.8216,-2.8104,-2.8024,-2.7725,-2.7424,-2.7330,-2.7183,-2.6998,-2.6952,-2.6892,-2.6855,-2.6850,-2.6810,-2.6716,-2.6677,-2.6653,-2.5897,-2.5880,-2.5830,-2.5597,-2.5487,-2.5458,-2.5361,-2.5321,-2.5285,-2.5276,-2.5229,-2.5188,-2.5034,-2.4991,-2.4778,-2.4764,-2.4522,-2.4495,-2.4454,-2.4069,-2.4062,-2.3943,-2.3833,-2.3483,-2.3392,-2.3276,-2.3137,-2.3096,-2.2861,-2.2698,-2.2652,-2.2621,-2.2458,-2.2421,-2.2303,-2.2254,-2.2208,-2.2172,-2.2123,-2.1847,-2.1583,-2.1529,-2.1491,-2.1468,-2.1414,-2.1297,-2.1167,-2.1060,-2.0978,-2.0704,-2.0509,-2.0500,-2.0352,-2.0104,-1.9923,-1.9655,-1.9621,-1.9412,-1.9272,-1.9264,-1.8807,-1.8762,-1.8732,-1.8674,-1.8541,-1.8491,-1.8454,-1.8438,-1.8398,-1.8365,-1.8151,-1.8135,-1.8133,-1.8098,-1.8093,-1.7993,-1.7877,-1.7816,-1.7683,-1.7683,-1.7663,-1.7628,-1.7193,-1.6855,-1.6711,-1.6701,-1.6469,-1.6442,-1.6406,-1.6207,-1.6201,-1.5720,-1.5573,-1.5197,-1.4866,-1.4800,-1.4397,-1.4343,-1.4290,-1.4164,-1.3804,-1.3522,-1.3401,-1.3281,-1.3250,-1.3231,-1.2860,-1.2743,-1.2553,-1.2373,-1.2125,-1.1868,-1.1682,-1.1229,-1.1121,-1.1075,-1.0748,-1.0453,-1.0245,-0.9517,-0.9498,-0.9437,-0.9189,-0.9063,-0.8962,-0.8820,-0.8646,-0.8364,-0.8072,-0.7994,-0.7889,-0.7807,-0.7737,-0.7579,-0.7476,-0.7336,-0.7326,-0.6893
