Chain ID,Residue name,Residue sequence,Conf 1,Conf 2,Conf 3,Conf 4,Conf 5,Conf 6,Conf 7,Conf 8,Conf 9,Conf 10,Conf 11,Conf 12,Conf 13,Conf 14,Conf 15,Conf 16,Conf 17,Conf 18,Conf 19,Conf 20,Conf 21,Conf 22,Conf 23,Conf 24,Conf 25,Conf 26,Conf 27,Conf 28,Conf 29,Conf 30,Conf 31,Conf 32,Conf 33,Conf 34,Conf 35,Conf 36,Conf 37,Conf 38,Conf 39,Conf 40,Conf 41,Conf 42,Conf 43,Conf 44,Conf 45,Conf 46,Conf 47,Conf 48,Conf 49,Conf 50,Conf 51,Conf 52,Conf 53,Conf 54,Conf 55,Conf 56,Conf 57,Conf 58,Conf 59,Conf 60,Conf 61,Conf 62,Conf 63,Conf 64,Conf 65,Conf 66,Conf 67,Conf 68,Conf 69,Conf 70,Conf 71,Conf 72,Conf 73,Conf 74,Conf 75,Conf 76,Conf 77,Conf 78,Conf 79,Conf 80,Conf 81,Conf 82,Conf 83,Conf 84,Conf 85,Conf 86,Conf 87,Conf 88,Conf 89,Conf 90,Conf 91,Conf 92,Conf 93,Conf 94,Conf 95,Conf 96,Conf 97,Conf 98,Conf 99,Conf 100,Conf 101,Conf 102,Conf 103,Conf 104,Conf 105,Conf 106,Conf 107,Conf 108,Conf 109,Conf 110,Conf 111,Conf 112,Conf 113,Conf 114,Conf 115,Conf 116,Conf 117,Conf 118,Conf 119,Conf 120,Conf 121,Conf 122,Conf 123,Conf 124,Conf 125,Conf 126,Conf 127,Conf 128,Conf 129,Conf 130,Conf 131,Conf 132,Conf 133,Conf 134,Conf 135,Conf 136,Conf 137,Conf 138,Conf 139,Conf 140,Conf 141,Conf 142,Conf 143,Conf 144,Conf 145,Conf 146,Conf 147,Conf 148,Conf 149,Conf 150,Conf 151,Conf 152,Conf 153,Conf 154,Conf 155,Conf 156,Conf 157,Conf 158,Conf 159,Conf 160,Conf 161,Conf 162,Conf 163,Conf 164,Conf 165,Conf 166,Conf 167,Conf 168,Conf 169,Conf 170,Conf 171,Conf 172,Conf 173,Conf 174,Conf 175,Conf 176,Conf 177,Conf 178,Conf 179,Conf 180,Conf 181,Conf 182,Conf 183,Conf 184,Conf 185,Conf 186,Conf 187,Conf 188,Conf 189,Conf 190,Conf 191,Conf 192,Conf 193,Conf 194,Conf 195,Conf 196,Conf 197,Conf 198,Conf 199,Conf 200,Conf 201,Conf 202,Conf 203,Conf 204,Conf 205,Conf 206,Conf 207,Conf 208,Conf 209,Conf 210,Conf 211,Conf 212,Conf 213,Conf 214,Conf 215,Conf 216,Conf 217,Conf 218,Conf 219,Conf 220,Conf 221,Conf 222,Conf 223,Conf 224,Conf 225,Conf 226,Conf 227,Conf 228,Conf 229,Conf 230,Conf 231,Conf 232,Conf 233,Conf 234,Conf 235,Conf 236,Conf 237,Conf 238,Conf 239,Conf 240,Conf 241,Conf 242,Conf 243,Conf 244,Conf 245,Conf 246,Conf 247,Conf 248,Conf 249,Conf 250,Conf 251,Conf 252,Conf 253,Conf 254,Conf 255,Conf 256,Conf 257,Conf 258,Conf 259,Conf 260,Conf 261,Conf 262,Conf 263,Conf 264,Conf 265,Conf 266,Conf 267,Conf 268,Conf 269,Conf 270,Conf 271,Conf 272,Conf 273,Conf 274,Conf 275,Conf 276,Conf 277,Conf 278,Conf 279,Conf 280,Conf 281,Conf 282,Conf 283,Conf 284,Conf 285,Conf 286,Conf 287,Conf 288,Conf 289,Conf 290,Conf 291,Conf 292,Conf 293,Conf 294,Conf 295,Conf 296,Conf 297,Conf 298,Conf 299,Conf 300,Conf 301,Conf 302,Conf 303,Conf 304,Conf 305,Conf 306,Conf 307,Conf 308,Conf 309,Conf 310,Conf 311,Conf 312,Conf 313,Conf 314,Conf 315,Conf 316,Conf 317,Conf 318,Conf 319,Conf 320,Conf 321,Conf 322,Conf 323,Conf 324,Conf 325,Conf 326,Conf 327,Conf 328,Conf 329,Conf 330,Conf 331,Conf 332,Conf 333,Conf 334,Conf 335,Conf 336,Conf 337,Conf 338,Conf 339,Conf 340,Conf 341,Conf 342,Conf 343,Conf 344,Conf 345,Conf 346,Conf 347,Conf 348,Conf 349,Conf 350,Conf 351,Conf 352,Conf 353,Conf 354,Conf 355,Conf 356,Conf 357,Conf 358,Conf 359,Conf 360,Conf 361,Conf 362,Conf 363,Conf 364,Conf 365,Conf 366,Conf 367,Conf 368,Conf 369,Conf 370,Conf 371,Conf 372,Conf 373,Conf 374,Conf 375,Conf 376,Conf 377,Conf 378,Conf 379,Conf 380,Conf 381,Conf 382,Conf 383,Conf 384,Conf 385,Conf 386,Conf 387,Conf 388,Conf 389,Conf 390,Conf 391,Conf 392,Conf 393,Conf 394,Conf 395,Conf 396,Conf 397,Conf 398,Conf 399,Conf 400,Conf 401,Conf 402,Conf 403,Conf 404,Conf 405,Conf 406,Conf 407,Conf 408,Conf 409,Conf 410,Conf 411,Conf 412,Conf 413,Conf 414,Conf 415,Conf 416,Conf 417,Conf 418,Conf 419,Conf 420,Conf 421,Conf 422,Conf 423,Conf 424,Conf 425,Conf 426,Conf 427,Conf 428,Conf 429,Conf 430,Conf 431,Conf 432,Conf 433,Conf 434,Conf 435,Conf 436,Conf 437,Conf 438,Conf 439,Conf 440,Conf 441,Conf 442,Conf 443,Conf 444,Conf 445,Conf 446,Conf 447,Conf 448,Conf 449,Conf 450,Conf 451,Conf 452,Conf 453
A,VAL,18,,,,,,,,,,,,,,,,,,,,,,,,,,,,,,,,,,,,,,,,,,,,,,,,,,,,,,,,,,,,,,,,,,,,,,,,,,,,,,,,,,,,,,,,,,,,,,,,,,,,,,,,,,,,,,,,,,,,,,,,,,,,,,,,,,,,,,,,,,,,,,,,,,,,,,,,,,,,,,,,,,,,,,,,,,,,,,,,,,,,,,,,,,,,,,,,,,,,,,,,,,,,,,,,,,,,,,,,,,,,,,,,,,,,,,,,,,,,,,,,,,,,,,,,,,,,,,,,,,,,,,,,,,,,,,,,,,,,,,,,,,,,,,,,,,,,,,,,,,,,,,,,,,,,,,,,,,,,,,,,,,,,,,,,,,,,,,,,,,,,,,,,,,,,,,,,,,,,,,,,,,,,,,,,,,,,,,,,,,,,,,,,,,,,,,,,,,,,,,,,,,,,,,,,,,,,,,,,,,,,,,,,,,,,,,,,,,,,,,,,,,,,,,,,,,,,,
A,GLN,19,,,,,,,,,,,,,,,,,,,,,,,,,,,,,,,,,,,,,,,,,,,,,,,,,,,,,,,,,,,,,,,,,,,,,,,,,,,,,,,,,,,,,,,,,,,,,,,,,,,,,,,,,,,,,,,,,,,,,,,,,,,,,,,,,,,,,,,,,,,,,,,,,,,,,,,,,,,,,,,,,,,,,,,,,,,,,,,,,,,,,,,,,,,,,,,,,,,,,,,,,,,,,,,,,,,,,,,,,,,,,,,,,,,,,,,,,,,,,,,,,,,,,,,,,,,,,,,,,,,,,,,,,,,,,,,,,,,,,,,,,,,,,,,,,,,,,,,,,,,,,,,,,,,,,,,,,,,,,,,,,,,,,,,,,,,,,,,,,,,,,,,,,,,,,,,,,,,,,,,,,,,,,,,,,,,,,,,,,,,,,,,,,,,,,,,,,,,,,,,,,,,,,,,,,,,,,,,,,,,,,,,,,,,,,,,,,,,,,,,,,,,,,,,,,,,,,
A,VAL,20,,,,,,,,,,,,,,,,,,,,,,,,,,,,,,,,,,,,,,,,,,,,,,,,,,,,,,,,,,,,,,,,,,,,,,,,,,,,,,,,,,,,,,,,,,,,,,,,,,,,,,,,,,,,,,,,,,,,,,,,,,,,,,,,,,,,,,,,,,,,,,,,,,,,,,,,,,,,,,,,,,,,,,,,,,,,,,,,,,,,,,,,,,,,,,,,,,,,,,,,,,,,,,,,,,,,,,,,,,,,,,,,,,,,,,,,,,,,,,,,,,,,,,,,,,,,,,,,,,,,,,,,,,,,,,,,,,,,,,,,,,,,,,,,,,,,,,,,,,,,,,,,,,,,,,,,,,,,,,,,,,,,,,,,,,,,,,,,,,,,,,,,,,,,,,,,,,,,,,,,,,,,,,,,,,,,,,,,,,,,,,,,,,,,,,,,,,,,,,,,,,,,,,,,,,,,,,,,,,,,,,,,,,,,,,,,,,,,,,,,,,,,,,,,,,,,,
A,THR,21,,,,,,,,,,,,,,,,,,,,,,,,,,,,,,,,,,,,,,,,,,,,,,,,,,,,,,,,,,,,,,,,,,,,,,,,,,,,,,,,,,,,,,,,,,,,,,,,,,,,,,,,,,,,,,,,,,,,,,,,,,,,,,,,,,,,,,,,,,,,,,,,,,,,,,,,,,,,,,,,,,,,,,,,,,,,,,,,,,,,,,,,,,,,,,,,,,,,,,,,,,,,,,,,,,,,,,,,,,,,,,,,,,,,,,,,,,,,,,,,,,,,,,,,,,,,,,,,,,,,,,,,,,,,,,,,,,,,,,,,,,,,,,,,,,,,,,,,,,,,,,,,,,,,,,,,,,,,,,,,,,,,,,,,,,,,,,,,,,,,,,,,,,,,,,,,,,,,,,,,,,,,,,,,,,,,,,,,,,,,,,,,,,,,,,,,,,,,,,,,,,,,,,,,,,,,,,,,,,,,,,,,,,,,,,,,,,,,,,,,,,,,,,,,,,,,,
A,CYS,22,,,,,,,,,,,,,,,,,,,,,,,,,,,,,,,,,,,,,,,,,,,,,,,,,,,,,,,,,,,,,,,,,,,,,,,,,,,,,,,,,,,,,,,,,,,,,,,,,,,,,,,,,,,,,,,,,,,,,,,,,,,,,,,,,,,,,,,,,,,,,,,,,,,,,,,,,,,,,,,,,,,,,,,,,,,,,,,,,,,,,,,,,,,,,,,,,,,,,,,,,,,,,,,,,,,,,,,,,,,,,,,,,,,,,,,,,,,,,,,,,,,,,,,,,,,,,,,,,,,,,,,,,,,,,,,,,,,,,,,,,,,,,,,,,,,,,,,,,,,,,,,,,,,,,,,,,,,,,,,,,,,,,,,,,,,,,,,,,,,,,,,,,,,,,,,,,,,,,,,,,,,,,,,,,,,,,,,,,,,,,,,,,,,,,,,,,,,,,,,,,,,,,,,,,,,,,,,,,,,,,,,,,,,,,,,,,,,,,,,,,,,,,,,,,,,,,
A,GLY,23,,,,,,,,,,,,,,,,,,,,,,,,,,,,,,,,,,,,,,,,,,,,,,,,,,,,,,,,,,,,,,,,,,,,,,,,,,,,,,,,,,,,,,,,,,,,,,,,,,,,,,,,,,,,,,,,,,,,,,,,,,,,,,,,,,,,,,,,,,,,,,,,,,,,,,,,,,,,,,,,,,,,,,,,,,,,,,,,,,,,,,,,,,,,,,,,,,,,,,,,,,,,,,,,,,,,,,,,,,,,,,,,,,,,,,,,,,,,,,,,,,,,,,,,,,,,,,,,,,,,,,,,,,,,,,,,,,,,,,,,,,,,,,,,,,,,,,,,,,,,,,,,,,,,,,,,,,,,,,,,,,,,,,,,,,,,,,,,,,,,,,,,,,,,,,,,,,,,,,,,,,,,,,,,,,,,,,,,,,,,,,,,,,,,,,,,,,,,,,,,,,,,,,,,,,,,,,,,,,,,,,,,,,,,,,,,,,,,,,,,,,,,,,,,,,,,,
A,THR,24,,,,,,,,,,,,,,,,,,,,,,,,,,,,,,,,,,,,,,,,,,,,,,,,,,,,,,,,,,,,,,,,,,,,,,,,,,,,,,,,,,,,,,,,,,,,,,,,,,,,,,,,,,,,,,,,,,,,,,,,,,,,,,,,,,,,,,,,,,,,,,,,,,,,,,,,,,,,,,,,,,,,,,,,,,,,,,,,,,,,,,,,,,,,,,,,,,,,,,,,,,,,,,,,,,,,,,,,,,,,,,,,,,,,,,,,,,,,,,,,,,,,,,,,,,,,,,,,,,,,,,,,,,,,,,,,,,,,,,,,,,,,,,,,,,,,,,,,,,,,,,,,,,,,,,,,,,,,,,,,,,,,,,,,,,,,,,,,,,,,,,,,,,,,,,,,,,,,,,,,,,,,,,,,,,,,,,,,,,,,,,,,,,,,,,,,,,,,,,,,,,,,,,,,,,,,,,,,,,,,,,,,,,,,,,,,,,,,,,,,,,,,,,,,,,,,,
A,THR,25,,,-0.1394,-0.5417,-0.1448,,,,,,,,-0.0073,,,,,,,,,,,,,,,,,-0.0731,,,,,,,,,,,,,,,,,,-0.5248,,,,,,,,,,,,,-0.0007,,,,,,,,,,,,,,-0.0895,-0.0120,,-0.1898,-0.0209,,,,,,,,,,,,,,,,,,,,,,,,-0.0011,,-0.1193,,,-0.0938,-0.3403,,,,,,,,-0.0074,,,,,,,,,,,,,,,-0.5129,,,,-0.0324,-0.0823,,,,,,,,,,-0.1547,-0.0368,,,,,,,,,,-0.0278,,,-0.1412,,,,,,,-0.1253,,,-0.1390,,,,,,,,-0.0196,,-0.0131,,-0.1173,,,-0.0502,,,,,,,,,-0.1044,,,-0.1590,,,,,,,,,-0.0582,,-0.2489,,,,,-0.0708,,,,,,,,,,,,,,,,,,,,,,,,,,,,,-0.0134,,,,-0.0294,,,,,,,,,,-0.0785,,,,,,,,,,,,,,-0.0119,-0.0541,,,-0.0626,,,-0.0688,,,,,,,-0.1779,,,,-0.0289,-0.0732,,,,,,,,,-0.0001,,,,,-0.0103,,,,,,,,-0.0196,,-0.0137,,,,,,,,,-0.1207,,,,,,,,-0.1149,,,-0.1151,,,,,,,,,,,,,,,,,,,-0.0630,,,,,,,,,,-0.1386,,,,,,,,,,,,,,,,,,,,,,,,,,,,,,,,,,-0.0103,,,,,,-0.0458,,,,,,,,,,,,,,,,,,,,-0.0039,-0.0330,,,,,,,,,,,,,,-0.0417,,,,,,,,,-0.0272,-0.0448,,,-0.0223,,
A,THR,26,,,-0.0275,-0.0077,,,,,,,,,,,,,,,,,,,,,,,,,,,,,,,,,,,,,,,,,,,,,,,,,,,,,,,,,,,,,,,,,,,,,,,-0.0202,,,-0.0414,,,,,,,,,,,,,,,,,,,,,,,,,,,,,,,-0.0088,,,,,,,,,,,,,,,,,,,,,,,,,,,,-0.0033,,,,,,,,,,-0.0249,,,,,,,,,,,,,,,,,,,,,,,,-0.0083,,,,,,,,,-0.1890,,,,,,,,,,,,,,,-0.0061,,,-0.0421,,,,,,,,,,,,,,,,,,,,,,,,,,,,,,,,,,,,,,,,,,,,,,,,,,,,,,,,,,,,,,,,,,,,,,,,,,,,,,,,,,,,,,,-0.0399,,,,,-0.0094,,,,,,,,,,,,,,,,,,,,,,,,,,,,,,,,,,,,,,,,,,,,-0.0213,,,,,,,,,,,,,,,,,,,,,,,,,,,,,-0.0280,,,,,,,,,,,,,,,,,,,,,,,,,,,,,,,,,,,,,,,,,,,,,,,,,,,,,,,,,,,,,,,,,,,,,,,,,,,,,,,,,,,,,,,,,,
A,LEU,27,,,-0.2174,-0.2189,-0.3057,,,,,,,,-0.0427,,,,,,,,,,,,,,,,,-0.2352,,,,,,,,,,,,,,,,,,-0.2590,,,,,,,,,,,,,-0.1051,-0.0203,,,,,,,,,,,,,-0.1408,-0.1459,,-0.2171,-0.0893,,,,,,,,,,,,,,,,,,,,,,,,-0.0343,,-0.1359,,,-0.1398,-0.2630,,,,,,,,-0.0785,,,,,,,,,,,,,,,-0.0821,,,,-0.0432,-0.1794,,,,,,,,,,-0.1717,-0.0294,,,,,,,,,,-0.0901,,,-0.1941,,,,,,,-0.2379,,,-0.2150,,,,,,,,-0.0852,,-0.0698,,-0.1539,,,-0.0638,,,,,,,,,-0.0784,,,-0.2086,,,,,,,-0.0025,,-0.2013,,,,,,,-0.0662,,,,,,,,,,,,,,,,,,,,,,,,,,,,,-0.0046,,,,-0.0218,,,,,,,,,,-0.0242,,,,,,,,,,,,,,-0.0088,-0.1102,,,-0.0890,,,-0.1495,,,,-0.0083,,,-0.1978,,,,-0.0789,-0.2233,,,,,,,,,,,,,-0.0057,-0.1068,,,,,,,,-0.0484,,-0.0272,,,,,,,,,-0.2276,,,,,,,,-0.1807,,,-0.1017,,,,,,,,,,,,,,,,,-0.0340,,-0.0318,,,,,,,,,,-0.0197,,,,,,,,,,,,,,,,,,,,,,,,,,,,,,,,,,,,,,,,-0.1562,,,,,,,,,,,,-0.0006,,,,,,,,,,,,,,,,,,,,,,,-0.0027,,,,,,-0.0162,,,-0.0226,-0.0063,,,,,
A,ASN,28,,,,,,,,,,,,,,,,,,,,,,,,,,,,,,,,,,,,,,,,,,,,,,,,,,,,,,,,,,,,,,,,,,,,,,,,,,,,,,,,,,,,,,,,,,,,,,,,,,,,,,,,,,,,,,,,,,,,,,,,,,,,,,,,,,,,,,,,,,,,,,,,,,,,,,,,,,,,,,,,,,,,,,,,,,,,,,,,,,,,,,,,,,,,,,,,,,,,,,,,,,,,,,,,,,,,,,,,,,,,,,,,,,,,,,,,,,,,,,,,,,,,,,,,,,,,,,,,,,,,,,,,,,,,,,,,,,,,,,,,,,,,,,,,,,,,,,,,,,,,,,,,,,,,,,,,,,,,,,,,,,,,,,,,,,,,,,,,,,,,,,,,,,,,,,,,,,,,,,,,,,,,,,,,,,,,,,,,,,,,,,,,,,,,,,,,,,,,,,,,,,,,,,,,,,,,,,,,,,,,,,,,,,,,,,,,,,,,,,,,,,,,,,,,,,,,,
A,GLY,29,,,,,,,,,,,,,,,,,,,,,,,,,,,,,,,,,,,,,,,,,,,,,,,,,,,,,,,,,,,,,,,,,,,,,,,,,,,,,,,,,,,,,,,,,,,,,,,,,,,,,,,,,,,,,,,,,,,,,,,,,,,,,,,,,,,,,,,,,,,,,,,,,,,,,,,,,,,,,,,,,,,,,,,,,,,,,,,,,,,,,,,,,,,,,,,,,,,,,,,,,,,,,,,,,,,,,,,,,,,,,,,,,,,,,,,,,,,,,,,,,,,,,,,,,,,,,,,,,,,,,,,,,,,,,,,,,,,,,,,,,,,,,,,,,,,,,,,,,,,,,,,,,,,,,,,,,,,,,,,,,,,,,,,,,,,,,,,,,,,,,,,,,,,,,,,,,,,,,,,,,,,,,,,,,,,,,,,,,,,,,,,,,,,,,,,,,,,,,,,,,,,,,,,,,,,,,,,,,,,,,,,,,,,,,,,,,,,,,,,,,,,,,,,,,,,,,
A,PRO,39,,,,,,,,,,,,,,,,,,,,,,,,,,,,,,,,,,,,,,,,,,,,,,,,,,,,,,,,,,,,,,,,,,,,,,,,,,,,,,,,,,,,,,,,,,,,,,,,,,,,,,,,,,,,,,,,,,,,,,,,,,,,,,,,,,,,,,,,,,,,,,,,,,,,,,,,,,,,,,,,,,,,,,,,,,,,,,,,,,,,,,,,,,,,,,,,,,,,,,,,,,,,,,,,,,,,,,,,,,,,,,,,,,,,,,,,,,,,,,,,,,,,,,,,,,,,,,,,,,,,,,,,,,,,,,,,,,,,,,,,,,,,,,,,,,,,,,,,,,,,,,,,,,,,,,,,,,,,,,,,,,,,,,,,,,,,,,,,,,,,,,,,,,,,,,,,,,,,,,,,,,,,,,,,,,,,,,,,,,,,,,,,,,,,,,,,,,,,,,,,,,,,,,,,,,,,,,,,,,,,,,,,,,,,,,,,,,,,,,,,,,,,,,,,,,,,,
A,ARG,40,,,,,,,,,,,,,,,,,,,,,,,,,,,,,,,,,,,,,,,,,,,,,,,,,,,,,,,,,,,,,,,,,,,,,,,,,,,,,,,,,,,,,,,,,,,,,,,,,,,,,,,,,,,,,,,,,,,,,,,,,,,,,,,,,,,,,,,,,,,,,,,,,,,,,,,,,,,,,,,,,,,,,,,,,,,,,,,,,,,,,,,,,,,,,,,,,,,,,,,,,,,,,,,,,,,,,,,,,,,,,,,,,,,,,,,,,,,,,,,,,,,,,,,,,,,,,,,,,,,,,,,,,,,,,,,,,,,,,,,,,,,,,,,,,,,,,,,,,,,,,,,,,,,,,,,,,,,,,,,,,,,,,,,,,,,,,,,,,,,,,,,,,,,,,,,,,,,,,,,,,,,,,,,,,,,,,,,,,,,,,,,,,,,,,,,,,,,,,,,,,,,,,,,,,,,,,,,,,,,,,,,,,,,,,,,,,,,,,,,,,,,,,,,,,,,,,
A,HIS,41,-0.0520,-0.0406,-0.3576,,,-0.0534,-0.0351,-0.0446,,-0.0751,-0.1538,,-0.5336,,-0.0293,,-0.0583,,,-0.0503,,,,,,,,,,,,,,-0.0427,,,,,,-0.0715,-0.0559,-0.0447,,-0.3168,,,,-0.2150,,-0.0457,,-0.0415,,,,,,,,,,,-0.1125,,,,,-0.0578,,,,,,,,-0.0116,,-0.4779,-0.6926,-0.0077,,,,,,,,,,-0.0630,,,,-0.0186,,,,,,,-0.0139,,,-0.0039,,,,,-0.0055,,,,,,,,,,-0.0049,-0.1635,,,,,-0.0053,-0.0287,,,,,-0.0496,,,,,-0.7020,,-0.0354,-0.0519,,-0.0215,,-0.0342,,-0.0111,,-0.7343,,,,-0.0371,-0.0164,,-0.0456,-0.0351,,-0.0351,-0.6594,,,,,,,,,,,,,,,,,,,,,-0.4421,,-0.7419,-0.0538,,,,-0.6190,,,,,,-0.2144,,,,,-0.0393,-0.6862,,,-0.0043,,,,,,,,,,,-0.0916,,-1.1438,,,,-0.0106,,,-0.0147,,,,,,,,,,,-0.0283,,-0.0503,,,,,-0.0084,,,,,-0.0370,,,,,,-0.3666,,,-0.0786,,,,-1.0696,,,,,,,,,,,,,,,-0.7376,-0.0667,,,,,-0.6289,,,,,,-0.0060,-0.5709,,,,-0.4734,,,,,,,,,,,,-0.2771,,,-0.3400,,,,,,,,-0.8319,,-0.3775,,,,,,,,,,,,,,,,,,,,,,,,,,,,,,,,,,,,,-0.3828,,,,-0.3236,,,-0.0043,,,-0.0089,,,,,,,,-0.2940,,,,,,,,,,,,,,,-0.5915,,,,,,,,,,-0.1099,,,,,,,,-0.2268,,,,,,-0.5477,,,,,,,-0.3775,,,,,,,,,,,,,,,-0.2920,,,,,,-0.1437,,,,,,,,,,,-0.1149,,,,,,
A,VAL,42,,,,,,,,,,,,,,,,,,,,,,,,,,,,,,,,,,,,,,,,,,,,,,,,,,,,,,,,,,,,,,,,,,,,,,,,,,,,,,,,,,,,,,,,,,,,,,,,,,,,,,,,,,,,,,,,,,,,,,,,,,,,,,,,,,,,,,,,,,,,,,,,,,,,,,,,,,,,,,,,,,,,,,,,,,,,,,,,,,,,,,,,,,,,,,,,,,,,,,,,,,,,,,,,,,,,,,,,,,,,,,,,,,,,,,,,,,,,,,,,,,,,,,,,,,,,,,,,,,,,,,,,,,,,,,,,,,,,,,,,,,,,,,,,,,,,,,,,,,,,,,,,,,,,,,,,,,,,,,,,,,,,,,,,,,,,,,,,,,,,,,,,,,,,,,,,,,,,,,,,,,,,,,,,,,,,,,,,,,,,,,,,,,,,,,,,,,,,,,,,,,,,,,,,,,,,,,,,,,,,,,,,,,,,,,,,,,,,,,,,,,,,,,,,,,,,,
A,ILE,43,,,,,,,,,,,,,,,,,,,,,,,,,,,,,,,,,,,,,,,,,,,,,,,,,,,,,,,,,,,,,,,,,,,,,,,,,,,,,,,,,,,,,,,,,,,,,,,,,,,,,,,,,,,,,,,,,,,,,,,,,,,,,,,,,,,,,,,,,,,,,,,,,,,,,,,,,,,,,,,,,,,,,,,,,,,,,,,,,,,,,,,,,,,,,,,,,,,,,,,,,,,,,,,,,,,,,,,,,,,,,,,,,,,,,,,,,,,,,,,,,,,,,,,,,,,,,,,,,,,,,,,,,,,,,,,,,,,,,,,,,,,,,,,,,,,,,,,,,,,,,,,,,,,,,,,,,,,,,,,,,,,,,,,,,,,,,,,,,,,,,,,,,,,,,,,,,,,,,,,,,,,,,,,,,,,,,,,,,,,,,,,,,,,,,,,,,,,,,,,,,,,,,,,,,,,,,,,,,,,,,,,,,,,,,,,,,,,,,,,,,,,,,,,,,,,,,
A,CYS,44,,,,-0.3092,,,,,,,,,,,,,,,,,,,,,,,,,,,,,,,,,,,,,,,,,,,,-0.3687,,,,,,,,,,,,,,,,,,,,,,,,,,,,,,,,,,,,,,,,,,,,,,,,,,,,,,,,,,,,,,,,,,,,,,,,,,,,,,,,,,,,-0.2018,,,,,,,,,,,,,,,,,,,,,,,,,,,,,,,,,,,,,,,,,,,,,,,,,,,,,,,,,,,,,,,,,,,,,,,,,,,,,,,,,,,,,,,,,,,,,,,,,,,,,,,,,,,,,,,,,,,,,,,,,,,,,,,,,,,,,,,,,,,,,,,,,,,,,,,,,,,,,,,,,,,,,,,,,,,,,,,,,,,,,,,,,,,,,,,,,,,,,,,,,,,,,,,,,,,,,,,,,,,,,,,,,,,,,,,,,,,,,,,,,,,,,,,,,,,,,,,,,,,,,,,,,,,,,,,,,,,,,,,,,,,,,,,,,,,,,,,,,,,,,,,,,,,,,,,,,,,,,,,,,
A,THR,45,,,,,,,,,,,,,,,,,,,,,,,,,,,,,,,,,,,,,,,,,,,,,,,,,,,,,,,,,,,,,,,,,,,,,,,,,,,,,,,,,,,,,,,,,,,,,,,,,,,,,,,,,,,,,,,,,,,,,,,,,,,,,,,,,,,,,,,,,,,,,,,,,,,,,,,,,,,,,,,,,,,,,,,,,,,,,,,,,,,,,,,,,,,,,,,,,,,,,,,,,,,,,,,,,,,,,,,,,,,,,,,,,,,,,,,,,,,,,,,,,,,,,,,,,,,,,,,,,,,,,,,,,,,,,,,,,,,,,,,,,,,,,,,,,,,,,,,,,,,,,,,,,,,,,,,,,,,,,,,,,,,,,,,,,,,,,,,,,,,,,,,,,,,,,,,,,,,,,,,,,,,,,,,,,,,,,,,,,,,,,,,,,,,,,,,,,,,,,,,,,,,,,,,,,,,,,,,,,,,,,,,,,,,,,,,,,,,,,,,,,,,,,,,,,,,,,
A,SER,46,,,,,,,,,,,,,,,,,,,,,,,,,,,,,,,,,,,,,,,,,,,,,,,,,,,,,,,,,,,,,,,,,,,,,,,,,,,,,,,,,,,,,,,,,,,,,,,,,,,,,,,,,,,,,,,,,,,,,,,,,,,,,,,,,,,,,,,,,,,,,,,,,,,,,,,,,,,,,,,,,,,,,,,,,,,,,,,,,,,,,,,,,,,,,,,,,,,,,,,,,,,,,,,,,,,,,,,,,,,,,,,,,,,,,,,,,,,,,,,,,,,,,,,,,,,,,,,,,,,,,,,,,,,,,,,,,,,,,,,,,,,,,,,,,,,,,,,,,,,,,,,,,,,,,,,,,,,,,,,,,,,,,,,,,,,,,,,,,,,,,,,,,,,,,,,,,,,,,,,,,,,,,,,,,,,,,,,,,,,,,,,,,,,,,,,,,,,,,,,,,,,,,,,,,,,,,,,,,,,,,,,,,,,,,,,,,,,,,,,,,,,,,,,,,,,,,
A,GLU,47,,,,,,,,,,,,,,,,,,,,,,,,,,,,,,,,,,,,,,,,,,,,,,,,,,,,,,,,,,,,,,,,,,,,,,,,,,,,,,,,,,,,,,,,,,,,,,,,,,,,,,,,,,,,,,,,,,,,,,,,,,,,,,,,,,,,,,,,,,,,,,,,,,,,,,,,,,,,,,,,,,,,,,,,,,,,,,,,,,,,,,,,,,,,,,,,,,,,,,,,,,,,,,,,,,,,,,,,,,,,,,,,,,,,,,,,,,,,,,,,,,,,,,,,,,,,,,,,,,,,,,,,,,,,,,,,,,,,,,,,,,,,,,,,,,,,,,,,,,,,,,,,,,,,,,,,,,,,,,,,,,,,,,,,,,,,,,,,,,,,,,,,,,,,,,,,,,,,,,,,,,,,,,,,,,,,,,,,,,,,,,,,,,,,,,,,,,,,,,,,,,,,,,,,,,,,,,,,,,,,,,,,,,,,,,,,,,,,,,,,,,,,,,,,,,,,,
A,ASP,48,,,,,,,,,,,,,,,,,,,,,,,,,,,,,,,,,,,,,,,,,,,,,,,,,,,,,,,,,,,,,,,,,,,,,,,,,,,,,,,,,,,,,,,,,,,,,,,,,,,,,,,,,,,,,,,,,,,,,,,,,,,,,,,,,,,,,,,,,,,,,,,,,,,,,,,,,,,,,,,,,,,,,,,,,,,,,,,,,,,,,,,,,,,,,,,,,,,,,,,,,,,,,,,,,,,,,,,,,,,,,,,,,,,,,,,,,,,,,,,,,,,,,,,,,,,,,,,,,,,,,,,,,,,,,,,,,,,,,,,,,,,,,,,,,,,,,,,,,,,,,,,,,,,,,,,,,,,,,,,,,,,,,,,,,,,,,,,,,,,,,,,,,,,,,,,,,,,,,,,,,,,,,,,,,,,,,,,,,,,,,,,,,,,,,,,,,,,,,,,,,,,,,,,,,,,,,,,,,,,,,,,,,,,,,,,,,,,,,,,,,,,,,,,,,,,,,
A,MET,49,-0.0052,-0.0314,,,,-0.0148,,,,-0.0092,,,-0.0594,,-0.0166,,-0.0053,,,-0.0154,,,,,,,,,,,,,,-0.0052,,,,,,-0.0459,,-0.0209,,-0.0013,,,,,,-0.0073,,-0.0280,,,,,,,,,,,-0.0564,,,,,-0.0126,,,,,,,,,,,,-0.0107,,,,,,,,,,-0.0493,,,,,,,,,,-0.0072,,,,,,,,,,,,,,,,,,,,,,,,,,,-0.0094,,,,,,,,,,,-0.0209,-0.0053,,-0.0474,,-0.0089,,,,,,,,,,,,-0.0003,,-0.0043,,,,,,,,,,,,,,,,,,,,,,,,,-0.0041,,,,,,,,,,,,,,,-0.0098,,,,-0.0158,,,,,,,,,,,,,,,,,,,,,,,,-0.0092,,,,,,,-0.0219,,-0.0480,,,,,,,,,,-0.0106,,,,,,,,,-0.0009,,,,,,,,,,,,,,,,,,,,-0.0300,,,,,,,,,,,-0.0126,,,,,,,,,,,,,,,,,,,,,,,,,,,,,,,,,,,,,,,,,,,,,,,,,,,,,,,,,,,,,,,,,,,,,,,,,,-0.0001,,,-0.0080,,,,,,,,,,,,,,,,,,,,,,,,,,,,,,,,,,,,,,,,,,,,,,,,,,,,,,,,,,,,,,,,,,,,,,,,,,,,,,,,,,,,,,-0.0253,,,,,,
A,LEU,50,,,,,,,,,,,,,,,,,,,,,,,,,,,,,,,,,,,,,,,,,,,,,,,,,,,,,,,,,,,,,,,,,,,,,,,,,,,,,,,,,,,,,,,,,,,,,,,,,,,,,,,,,,,,,,,,,,,,,,,,,,,,,,,,,,,,,,,,,,,,,,,,,,,,,,,,,,,,,,,,,,,,,,,,,,,,,,,,,,,,,,,,,,,,,,,,,,,,,,,,,,,,,,,,,,,,,,,,,,,,,,,,,,,,,,,,,,,,,,,,,,,,,,,,,,,,,,,,,,,,,,,,,,,,,,,,,,,,,,,,,,,,,,,,,,,,,,,,,,,,,,,,,,,,,,,,,,,,,,,,,,,,,,,,,,,,,,,,,,,,,,,,,,,,,,,,,,,,,,,,,,,,,,,,,,,,,,,,,,,,,,,,,,,,,,,,,,,,,,,,,,,,,,,,,,,,,,,,,,,,,,,,,,,,,,,,,,,,,,,,,,,,,,,,,,,,,
A,ASN,51,,,,,,,,,,,,,,,,,,,,,,,,,,,,,,,,,,,,,,,,,,,,,,,,,,,,,,,,,,,,,,,,,,,,,,,,,,,,,,,,,,,,,,,,,,,,,,,,,,,,,,,,,,,,,,,,,,,,,,,,,,,,,,,,,,,,,,,,,,,,,,,,,,,,,,,,,,,,,,,,,,,,,,,,,,,,,,,,,,,,,,,,,,,,,,,,,,,,,,,,,,,,,,,,,,,,,,,,,,,,,,,,,,,,,,,,,,,,,,,,,,,,,,,,,,,,,,,,,,,,,,,,,,,,,,,,,,,,,,,,,,,,,,,,,,,,,,,,,,,,,,,,,,,,,,,,,,,,,,,,,,,,,,,,,,,,,,,,,,,,,,,,,,,,,,,,,,,,,,,,,,,,,,,,,,,,,,,,,,,,,,,,,,,,,,,,,,,,,,,,,,,,,,,,,,,,,,,,,,,,,,,,,,,,,,,,,,,,,,,,,,,,,,,,,,,,,
A,PRO,52,,,,,,,,,,,,,,,,,,,,,,,,,,,,,,,,,,,,,,,,,,,,,,,,,,,,,,,,,,,,,,,,,,,,,,,,,,,,,,,,,,,,,,,,,,,,,,,,,,,,,,,,,,,,,,,,,,,,,,,,,,,,,,,,,,,,,,,,,,,,,,,,,,,,,,,,,,,,,,,,,,,,,,,,,,,,,,,,,,,,,,,,,,,,,,,,,,,,,,,,,,,,,,,,,,,,,,,,,,,,,,,,,,,,,,,,,,,,,,,,,,,,,,,,,,,,,,,,,,,,,,,,,,,,,,,,,,,,,,,,,,,,,,,,,,,,,,,,,,,,,,,,,,,,,,,,,,,,,,,,,,,,,,,,,,,,,,,,,,,,,,,,,,,,,,,,,,,,,,,,,,,,,,,,,,,,,,,,,,,,,,,,,,,,,,,,,,,,,,,,,,,,,,,,,,,,,,,,,,,,,,,,,,,,,,,,,,,,,,,,,,,,,,,,,,,,,
A,TYR,54,,,,,,,-0.5586,,,,,,,,,,,,,,,,,,,,,,,,,,-0.2203,,,,,,,,,,,,,,-0.3626,,,,,,,,,,,,,,,,,,,,,,,,,,,,,,,,,,,,,,,,,,,,,,,,,,,,,,,,,,,,,,,,,,,,,,,,,,,,,,,,,,,,,,,,,,,,,,,,,,,,,,,,,,,,,,,,,,,,,,,,,,,,,,,,,,,,,,,,,,,,,,,,,,,,,,,,,,,,,,,,,,,,,,,,,,,,,,,,,,,,,,,,,,,,,,,,,,,,,,,,,,,,,,,,,,,-0.5450,,,,,,,,,,,,,,,,,,,,,,,,,,,,,,,,,,,,,,,,,,,,,,,,,,,,,,,,,,,,,,,,,,,,,,,,,,,,,,,,,,,,,,,,,,,,,,,,,,,,,,,,,,,,,,,,,,,,,,,,,,,,,,,,,-0.1484,,,,,,,,,,,,,,,,,,,,,,,,,,,,,,,,,,,,,,,,,,,,,,,,,,,,,,,,,,,,,,,,,,
A,LEU,57,,,,,,,,,,,,,,,,,,,,,,,,,,,,,,,,,,,,,,,,,,,,,,,,,,,,,,,,,,,,,,,,,,,,,,,,,,,,,,,,,,,,,,,,,,,,,,,,,,,,,,,,,,,,,,,,,,,,,,,,,,,,,,,,,,,,,,,,,,,,,,,,,,,,,,,,,,,,,,,,,,,,,,,,,,,,,,,,,,,,,,,,,,,,,,,,,,,,,,,,,,,,,,,,,,,,,,,,,,,,,,,,,,,,,,,,,,,,,,,,,,,,,,,,,,,,,,,,,,,,,,,,,,,,,,,,,,,,,,,,,,,,,,,,,,,,,,,,,,,,,,,,,,,,,,,,,,,,,,,,,,,,,,,,,,,,,,,,,,,,,,,,,,,,,,,,,,,,,,,,,,,,,,,,,,,,,,,,,,,,,,,,,,,,,,,,,,,,,,,,,,,,,,,,,,,,,,,,,,,,,,,,,,,,,,,,,,,,,,,,,,,,,,,,,,,,,
A,CYS,85,,,,,,,,,,,,,,,,,,,,,,,,,,,,,,,,,,,,,,,,,,,,,,,,,,,,,,,,,,,,,,,,,,,,,,,,,,,,,,,,,,,,,,,,,,,,,,,,,,,,,,,,,,,,,,,,,,,,,,,,,,,,,,,,,,,,,,,,,,,,,,,,,,,,,,,,,,,,,,,,,,,,,,,,,,,,,,,,,,,,,,,,,,,,,,,,,,,,,,,,,,,,,,,,,,,,,,,,,,,,,,,,,,,,,,,,,,,,,,,,,,,,,,,,,,,,,,,,,,,,,,,,,,,,,,,,,,,,,,,,,,,,,,,,,,,,,,,,,,,,,,,,,,,,,,,,,,,,,,,,,,,,,,,,,,,,,,,,,,,,,,,,,,,,,,,,,,,,,,,,,,,,,,,,,,,,,,,,,,,,,,,,,,,,,,,,,,,,,,,,,,,,,,,,,,,,,,,,,,,,,,,,,,,,,,,,,,,,,,,,,,,,,,,,,,,,,
A,CYS,117,,,,,,,,,,,,,,,,,,,,,,,,,,,,,,,,,,,,,,,,,,,,,,,,,,,,,,,,,,,,,,,,,,,,,,,,,,,,,,,,,,,,,,,,,,,,,,,,,,,,,,,,,,,,,,,,,,,,,,,,,,,,,,,,,,,,,,,,,,,,,,,,,,,,,,,,,,,,,,,,,,,,,,,,,,,,,,,,,,,,,,,,,,,,,,,,,,,,,,,,,,,,,,,,,,,,,,,,,,,,,,,,,,,,,,,,,,,,,,,,,,,,,,,,,,,,,,,,,,,,,,,,,,,,,,,,,,,,,,,,,,,,,,,,,,,,,,,,,,,,,,,,,,,,,,,,,,,,,,,,,,,,,,,,,,,,,,,,,,,,,,,,,,,,,,,,,,,,,,,,,,,,,,,,,,,,,,,,,,,,,,,,,,,,,,,,,,,,,,,,,,,,,,,,,,,,,,,,,,,,,,,,,,,,,,,,,,,,,,,,,,,,,,,,,,,,,
A,TYR,118,,,,,,,,,,,,,,,,,,,,,,,,,,,,,,,,,,,,,,,,,,,,,,,,,,,,,,,,,,,,,,,,,,,,,,,,,,,,,,,,,,,,,,,,,,,,,,,,,,,,,,,,,,,,,,,,,,,,,,,,,,,,,,,,,,,,,,,,,,,,,,,,,,,,,,,,,,,,,,,,,,,,,,,,,,,,,,,,,,,,,,,,,,,,,,,,,,,,,,,,,,,,,,,,,,,,,,,,,,,,,,,,,,,,,,,,,,,,,,,,,,,,,,,,,,,,,,,,,,,,,,,,,,,,,,,,,,,,,,,,,,,,,,,,,,,,,,,,,,,,,,,,,,,,,,,,,,,,,,,,,,,,,,,,,,,,,,,,,,,,,,,,,,,,,,,,,,,,,,,,,,,,,,,,,,,,,,,,,,,,,,,,,,,,,,,,,,,,,,,,,,,,,,,,,,,,,,,,,,,,,,,,,,,,,,,,,,,,,,,,,,,,,,,,,,,,,
A,ASN,119,,,,,,,,,,,,,,,,,,,,,,,,,,,,,,,,,,,,,,,,,,,,,,,,,,,,,,,,,,,,,,,,,,,,,,,,,,,,,,,,,,,,,,,,,,,,,,,,,,,,,,,,,,,,,,,,,,,,,,,,,,,,,,,,,,,,,,,,,,,,,,,,,,,,,,,,,,,,,,,,,,,,,,,,,,,,,,,,,,,,,,,,,,,,,,,,,,,,,,,,,,,,,,,,,,,,,,,,,,,,,,,,,,,,,,,,,,,,,,,,,,,,,,,,,,,,,,,,,,,,,,,,,,,,,,,,,,,,,,,,,,,,,,,,,,,,,,,,,,,,,,,,,,,,,,,,,,,,,,,,,,,,,,,,,,,,,,,,,,,,,,,,,,,,,,,,,,,,,,,,,,,,,,,,,,,,,,,,,,,,,,,,,,,,,,,,,,,,,,,,,,,,,,,,,,,,,,,,,,,,,,,,,,,,,,,,,,,,,,,,,,,,,,,,,,,,,
A,GLY,120,,,,,,,,,,,,,,,,,,,,,,,,,,,,,,,,,,,,,,,,,,,,,,,,,,,,,,,,,,,,,,,,,,,,,,,,,,,,,,,,,,,,,,,,,,,,,,,,,,,,,,,,,,,,,,,,,,,,,,,,,,,,,,,,,,,,,,,,,,,,,,,,,,,,,,,,,,,,,,,,,,,,,,,,,,,,,,,,,,,,,,,,,,,,,,,,,,,,,,,,,,,,,,,,,,,,,,,,,,,,,,,,,,,,,,,,,,,,,,,,,,,,,,,,,,,,,,,,,,,,,,,,,,,,,,,,,,,,,,,,,,,,,,,,,,,,,,,,,,,,,,,,,,,,,,,,,,,,,,,,,,,,,,,,,,,,,,,,,,,,,,,,,,,,,,,,,,,,,,,,,,,,,,,,,,,,,,,,,,,,,,,,,,,,,,,,,,,,,,,,,,,,,,,,,,,,,,,,,,,,,,,,,,,,,,,,,,,,,,,,,,,,,,,,,,,,,
A,GLY,138,,,,,,,,,,,,,,,,,,,,,,,,,,,,,,,,,,,,,,,,,,,,,,,,,,,,,,,,,,,,,,,,,,,,,,,,,,,,,,,,,,,,,,,,,,,,,,,,,,,,,,,,,,,,,,,,,,,,,,,,,,,,,,,,,,,,,,,,,,,,,,,,,,,,,,,,,,,,,,,,,,,,,,,,,,,,,,,,,,,,,,,,,,,,,,,,,,,,,,,,,,,,,,,,,,,,,,,,,,,,,,,,,,,,,,,,,,,,,,,,,,,,,,,,,,,,,,,,,,,,,,,,,,,,,,,,,,,,,,,,,,,,,,,,,,,,,,,,,,,,,,,,,,,,,,,,,,,,,,,,,,,,,,,,,,,,,,,,,,,,,,,,,,,,,,,,,,,,,,,,,,,,,,,,,,,,,,,,,,,,,,,,,,,,,,,,,,,,,,,,,,,,,,,,,,,,,,,,,,,,,,,,,,,,,,,,,,,,,,,,,,,,,,,,,,,,,
A,SER,139,,,,,,,,,,,,,,,,,,,,,,,,,,,,,,,,,,,,,,,,,,,,,,,,,,,,,,,,,,,,,,,,,,,,,,,,,,,,,,,,,,,,,,,,,,,,,,,,,,,,,,,,,,,,,,,,,,,,,,,,,,,,,,,,,,,,,,,,,,,,,,,,,,,,,,,,,,,,,,,,,,,,,,,,,,,,,,,,,,,,,,,,,,,,,,,,,,,,,,,,,,,,,,,,,,,,,,,,,,,,,,,,,,,,,,,,,,,,,,,,,,,,,,,,,,,,,,,,,,,,,,,,,,,,,,,,,,,,,,,,,,,,,,,,,,,,,,,,,,,,,,,,,,,,,,,,,,,,,,,,,,,,,,,,,,,,,,,,,,,,,,,,,,,,,,,,,,,,,,,,,,,,,,,,,,,,,,,,,,,,,,,,,,,,,,,,,,,,,,,,,,,,,,,,,,,,,,,,,,,,,,,,,,,,,,,,,,,,,,,,,,,,,,,,,,,,,
A,PHE,140,,,,,,,,,,,,,,,-0.0126,,,,-0.0402,,,,,-0.0682,,,-0.4957,,-0.0777,,,,-0.0656,-0.0004,-0.0740,,-0.0902,-0.0696,,,,,-0.0788,,,,,,-0.0885,,-0.0972,,,-0.0570,-0.1050,-0.0395,,-0.0840,-0.0945,,-0.0060,-0.0039,,,,-0.0110,,,-0.0511,,,,,,,,-0.1106,,,-0.0351,,,,-0.0152,,-0.2564,,,-0.0193,,,,,,-0.1036,,-0.2264,,,,,-0.0395,,,,-0.0836,,,,,,,,-0.0448,,,-0.0661,-0.0582,,,-0.0660,-0.2103,-0.0930,,,,,,-0.3028,-0.0684,,-0.0728,-0.2911,,-0.0179,-0.0862,,,,-0.0721,,,,,,,,-0.0102,,,,,,,,,-0.0124,,,-0.0320,,,,-0.0862,,,,,,,,,,,,-0.2103,,,,,-0.0351,,,,-0.0808,,,,,-0.0155,-0.0599,,-0.0654,,,,-0.0145,,-0.0564,,-0.0516,-0.0873,-0.0957,,,,-0.2509,,,-0.0630,,,,-0.0081,-0.0106,,,,,-0.0922,,,,,,,,-0.0327,,,,,-0.0254,,-0.0814,-0.0136,,,,-0.0020,,-0.0648,-0.0206,,,,,,-0.0166,-0.0644,,,,-0.0700,,,,,,,-0.0071,,-0.0008,,,,,,,,,,,,,,-0.0993,,,,,,,,,,-0.0572,,,,-0.0049,-0.5234,,,-0.4998,,,-0.0171,-0.0072,,-0.5078,,,,,,,,-0.0735,,,,,-0.0215,,-0.0620,,,,-0.0715,,-0.0675,,-0.0017,-0.0707,,,,,,,,,,,-0.0985,,,,,,,-0.0723,,,,,,,,,,-0.0883,-0.3747,,,,,,,-0.0304,,,,,,-0.0929,,,,,,,-0.0708,,-0.0797,,,-0.3978,,,,,,,,,,,,,,,,,,,,,,,,,,,-0.0592,,,-0.0003,,,,,,,,-0.3747,,-0.0798,,,,,-0.0351,,,,,,,,,,,,,,,,,,,,,,,,,,,,,
A,LEU,141,,,,,-0.2187,,,,,,,,,,,,,,-0.4947,,,,,,,,,,,,,,,,,,-0.0017,,,,,,,,,,,,,,,-0.3229,,,,-0.5037,,,,,-0.2547,-0.3182,,,,-0.4073,,,-0.3989,,,,,,,,,,,-0.4683,,,,-0.0057,,,,,,,,,,-0.3898,,,,,,,,,,,,,,,,,,,,,,,,,,,,,,,,-0.2983,,,,-0.4779,,,,,-0.3188,-0.0019,,,,,,,,,,,,,,,,-0.3898,,,,,,,,-0.0006,,,,,,,,,,,,,,,-0.0243,,,,,,,,,,,,,,,-0.3660,,,,,,,,,-0.4726,,,,,,,,,,,,,,,,-0.3190,,,,,-0.2710,,,,,,,,-0.3499,,,,,,,,,,,,,,,,,,,,,,-0.0021,,,,,,,,,,,,-0.4286,,,,,,,,,,,,,,-0.2338,,,,,,,,,,,-0.0051,,,,,,,,,,,-0.0099,,,,,,,,,,,,,,,,,,,,-0.5874,,,,,,-0.5707,,,,,,,,,,,,,,,,,,,,,,,,,,,,,,,,,,,,,,,,,,,-0.0004,,,,,,,-0.0004,,,,,,,,,,,-0.3432,,,,,,,,,,,,,,,,,,,,,,,,,,,,,,,,-0.0007,,,,,,,,,,,,,,,,,,,,-0.0109,,-0.0049,,,,,,,,,,,,,,
A,ASN,142,,,-0.0031,-0.0506,-0.0227,,-0.0258,,,,,-0.2778,,,,,,,,,,,,-0.0086,,,,,-0.0113,-0.6772,,,-0.0060,,,,-0.0200,-0.0036,,,,-0.0677,-0.0351,,,,,-0.0403,,,,,,,-0.0178,,,,-0.0013,,-0.3152,,,,,,-0.4426,,,,,,,,-0.0786,-0.0244,-0.0227,-0.0456,,,,,,-0.0068,,,,,,-0.2792,,,,,-0.0019,-0.0201,,,,,,,-0.0270,,-0.1089,-0.0386,,-0.1063,,,,,,-0.0147,,,-0.0165,-0.0004,,,,-0.0147,-0.0080,,,,,-0.0325,-0.1196,-0.0390,-0.1461,-0.0422,-0.0626,,,-0.0470,-0.1050,-0.2174,,-0.0044,,,,,,,-0.0303,-0.4984,,,-0.0701,,,,,,,,-0.0428,,-0.0178,,,,,,-0.0727,-0.1266,,,,,-0.4525,,-0.0458,,,-0.2093,-0.0556,-0.0121,-0.0611,,-0.0667,,-0.0387,-0.0701,-0.0409,,-0.0140,-0.1651,,,-0.0961,,-0.1297,,-0.0047,-0.0430,-0.0302,,,,,-0.0347,-0.0710,-0.6015,-0.0769,,-0.0523,,,,-0.0306,-0.1284,,-0.0773,,,,,,-0.0197,,,,,,,,,,-0.0029,-0.3075,,,-0.0728,,,-0.0555,,-0.0159,-0.0027,-0.7616,-0.0259,,,-0.1015,-0.0183,-0.0530,-0.4782,,,,-0.0149,,,-0.1577,,-0.0123,,-0.0624,-0.0097,-0.0570,,,,,,,,-0.1373,-0.0131,-0.0409,,-0.0214,-0.0430,-0.0089,-0.0555,,,,-0.0706,-0.0382,-0.0813,-0.0421,,,,-0.0247,-0.1141,-0.4261,,,,,,,-0.0047,-0.0010,,,-0.0085,-0.3872,-0.0684,,-0.3505,,-0.3556,,,-0.0320,,,-0.0254,,,-0.0595,-0.0172,,-0.3570,,-0.0041,-0.0353,-0.0310,,,-0.0554,,,,-0.0372,-0.3113,,-0.0350,,,,,,,,,-0.0500,,,-0.1978,,,-0.4223,,-0.0063,,-0.1227,,,-0.4283,,-0.0232,-0.0192,,-0.0477,-0.0059,,,,,-0.0412,-0.1117,-0.0456,,-0.1182,,-0.0051,-0.0202,,-0.0552,,,,-0.0291,,,,-0.0066,,,,,-0.0232,-0.0848,,,-0.4018,,,,-0.0527,,-0.0029,,,,-0.1173,,,-0.0453,,,-0.0208,,-0.0885,,,,-0.0312,,,-0.0518,,,,,-0.0726,-0.1667,,-0.0107,,-0.0051,,,,,,-0.0230,,,,-0.1058,,,-0.0065,,,-0.0415,,,-0.0782,-0.0525,,,-0.0924,,
A,GLY,143,-0.1718,,-0.3698,,,,-0.2136,-0.0758,,-0.9610,-0.3616,,,,-0.4408,,-0.7790,-0.3214,-0.7510,-0.4155,,,,-0.4464,,,-0.1048,,-0.3572,,,-0.1969,,-0.4316,-0.4542,-0.7773,,-0.4217,,,,,-0.2990,-0.7638,,,,,,-0.6394,,,-0.1402,-0.4889,-0.8356,-1.0988,,-0.8172,-0.5334,,-0.3871,-0.4935,-0.4069,-0.2497,-0.7732,-0.3961,-0.1654,,-0.2361,-0.3448,,,,-0.5657,-0.2656,-0.4123,-0.5410,-0.3966,,-0.4845,-0.3694,-0.2349,,-0.6311,,-0.2025,-0.1280,-0.2802,-0.5867,,-0.1462,,-0.7710,,,-0.3469,,,,-0.7340,-0.3965,,,,,-0.2259,-0.5716,-0.2472,,,,-0.1459,,-0.5018,-0.9114,-1.0492,,-0.6624,-0.3712,,,,,,-0.4032,,-0.1459,-0.2805,-0.4484,,,,,,,,,,-0.4833,-0.2989,,-0.3544,,,,,,,,-0.2761,,,,-0.3446,,,,,,-0.8302,,-0.4294,-0.5799,,-0.3914,,,,,-0.6430,,-0.4397,-0.4463,,,,,-0.5282,,,,-0.3921,,,,,-0.4492,,-0.5368,,,,-0.3481,,,,,,,,,-0.4425,-0.3387,-0.5537,,-0.9269,,,,,-1.1030,,,,,,,-0.0302,-0.2879,,,,,,,-0.7031,-0.5482,,,-0.3087,,,-0.2778,,,,-0.5215,,,,,,,,,,,-0.2709,,,,,,,,,,,-0.2689,,,,,,-0.8127,,,,,-0.4321,,,,-0.3546,,,,,-0.6660,,,,,,,-0.8687,,,,,,,,,,,,-0.0645,,-0.8031,,-0.5127,-0.3322,,,,,-0.3217,,,,,,,,,,,,,,,-0.3288,,-0.3685,-0.8714,,,,,,,-0.7195,,,,,,,,,-0.1111,,,,,,,-0.3763,,,,,-0.0947,,,-0.5144,,,,,,,-0.2846,,,,,,,,,,,-0.3918,,-0.3539,,,-0.2645,,-0.2762,,,,-0.0885,,,,-0.6875,,,-0.4344,,,,,,,,,,,,,,,,,,,,,-0.9352,,,,-0.7563,,,,,,,,,,,,,,,,,,,,,,,,,,,,,,,-0.2599,,,,
A,SER,144,-1.0810,-0.4237,-0.9768,-0.4698,-0.5089,-0.5215,,-0.5874,-0.1551,-0.4183,-0.3517,-0.1664,,-0.3343,-0.5410,,,-1.3655,-0.8109,-0.5553,-0.1405,-0.3675,-0.4482,,-0.3017,-0.1044,-0.5836,-0.2649,,,-0.1069,-0.4358,,-0.0470,-0.3893,-0.0356,,,-0.3523,-0.1954,,-0.2367,,,-0.2333,,-0.5229,,,,,,-0.2844,-0.5613,-0.3497,-0.7707,,,,-0.8325,-0.5445,-0.3485,,-0.2367,-0.0874,-0.2306,-0.5874,,-0.4696,,,,-0.0378,-0.3960,-0.4275,-0.4208,,,-0.5151,-0.5232,-0.4188,-0.3903,-0.1954,,,,-0.1380,-0.7940,,,,,-0.4777,-0.2227,,,,,-0.1881,-0.0827,,,,,-0.2783,,-0.0221,,,,,,,,-0.1539,-0.1150,,,,,,,,,,-0.3852,,-0.2447,,-0.3798,,,,,-0.4342,,,,,,,,,,,,,,,,,-0.2227,,,,,,,,-0.2454,,-0.2918,,,,-0.4145,,,,-0.0271,,,,,-0.4924,,,-0.3474,,,,,,,,,,,,-0.5190,,,,,,,,,-0.5874,,,-0.0669,-0.0032,,-0.2416,,,,,,-0.7197,,,,-0.5874,,,,,-0.2768,,-0.3635,,,,-0.2345,-0.3324,-0.5874,,-0.5721,,-0.2101,,,,,,,,,,,,,-0.5965,,-0.2667,,,,,,,,-0.5210,-0.3651,,,-0.3475,-0.1107,,-0.5254,,,-0.1438,,,,,,,,,,,,,,,,,,,,,,-0.2627,,,,,,,,,,,,,,,,,,-0.1894,,,,,,,,,,,,,,,,,,,,,-0.5076,,,,,,,,,,,,,,,,,,,,,,,,,,,,,,,-0.1539,,,,,,,-0.0542,,,,,,,,,,,,,,,,,,,,,-0.5663,,,,,-0.0712,,,,,,,,,,,,,,,,,,,,,,,,,,,,-0.0134,,,,,,,,,,,,,,,,,,,,,,,,,,,,,,,,,,,
A,CYS,145,-0.2776,,-0.2860,,,,,,,-0.3060,-0.3172,,,,,,,-0.4366,-0.3993,,,,,,,,-0.1171,,,,,,,-0.0325,-0.2137,,,,,,,,,,,,,,,,,,,,-0.3254,-0.1264,,,,-0.2528,,,,,-0.1965,,-0.1355,,,,,,,-0.2297,-0.3677,-0.4559,,,-0.1406,,-0.2471,,,,,,,-0.1434,,,,,-0.2450,,,,,,,-0.0828,,,,,,,-0.2237,-0.1720,,,,,,,-0.0140,-0.1300,,,,,,,,,,,,-0.1809,,,,,,,,,,,,,,,,,,,,,,,,,,,,,,,,-0.4672,,-0.3357,,,,,,,,-0.2447,,,,,,,,-0.1688,,,,,,,,,,,,,,,,,,,,,,,,-0.1600,-0.3719,,,,,,,,-0.1966,,,,,,,,,,,,,,,-0.3947,-0.2158,,,-0.5874,,,,,,,,,,,,,,,-0.2934,,,,,,,,,,,,,,,,,,,,-0.1741,,,,,,,,,,,,,,,,,,,,,,,,,,,,,,,,,,,,,,,,,,,,,,,,,,,,,,,,,,,,,-0.3561,,,,,,,,,,,,,,,,,,,,,,,,,,,,,,,-0.0627,,,,,,,-0.2739,,,,,,,,,,,,,,,,,,,,,,,,,,-0.0042,,,,,,,,,,,,,,,,,,,,,,,,,,,,,,,,,,,,,,,,,,,,,,,,,,,,,,,,,,,,,,,
A,GLY,146,,,,,,,,,,,,,,,,,,,,,,,,,,,,,,,,,,,,,,,,,,,,,,,,,,,,,,,,,,,,,,,,,,,,,,,,,,,,,,,,,,,,,,,,,,,,,,,,,,,,,,,,,,,,,,,,,,,,,,,,,,,,,,,,,,,,,,,,,,,,,,,,,,,,,,,,,,,,,,,,,,,,,,,,,,,,,,,,,,,,,,,,,,,,,,,,,,,,,,,,,,,,,,,,,,,,,,,,,,,,,,,,,,,,,,,,,,,,,,,,,,,,,,,,,,,,,,,,,,,,,,,,,,,,,,,,,,,,,,,,,,,,,,,,,,,,,,,,,,,,,,,,,,,,,,,,,,,,,,,,,,,,,,,,,,,,,,,,,,,,,,,,,,,,,,,,,,,,,,,,,,,,,,,,,,,,,,,,,,,,,,,,,,,,,,,,,,,,,,,,,,,,,,,,,,,,,,,,,,,,,,,,,,,,,,,,,,,,,,,,,,,,,,,,,,,,,
A,SER,147,,,,,,,,,,,,,,,,,,,,,,,,,,,,,,,,,,,,,,,,,,,,,,,,,,,,,,,,,,,,,,,,,,,,,,,,,,,,,,,,,,,,,,,,,,,,,,,,,,,,,,,,,,,,,,,,,,,,,,,,,,,,,,,,,,,,,,,,,,,,,,,,,,,,,,,,,,,,,,,,,,,,,,,,,,,,,,,,,,,,,,,,,,,,,,,,,,,,,,,,,,,,,,,,,,,,,,,,,,,,,,,,,,,,,,,,,,,,,,,,,,,,,,,,,,,,,,,,,,,,,,,,,,,,,,,,,,,,,,,,,,,,,,,,,,,,,,,,,,,,,,,,,,,,,,,,,,,,,,,,,,,,,,,,,,,,,,,,,,,,,,,,,,,,,,,,,,,,,,,,,,,,,,,,,,,,,,,,,,,,,,,,,,,,,,,,,,,,,,,,,,,,,,,,,,,,,,,,,,,,,,,,,,,,,,,,,,,,,,,,,,,,,,,,,,,,,
A,TYR,161,,,,,,,,,,,,,,,,,,,,,,,,,,,,,,,,,,,,,,,,,,,,,,,,,,,,,,,,,,,,,,,,,,,,,,,,,,,,,,,,,,,,,,,,,,,,,,,,,,,,,,,,,,,,,,,,,,,,,,,,,,,,,,,,,,,,,,,,,,,,,,,,,,,,,,,,,,,,,,,,,,,,,,,,,,,,,,,,,,,,,,,,,,,,,,,,,,,,,,,,,,,,,,,,,,,,,,,,,,,,,,,,,,,,,,,,,,,,,,,,,,,,,,,,,,,,,,,,,,,,,,,,,,,,,,,,,,,,,,,,,,,,,,,,,,,,,,,,,,,,,,,,,,,,,,,,,,,,,,,,,,,,,,,,,,,,,,,,,,,,,,,,,,,,,,,,,,,,,,,,,,,,,,,,,,,,,,,,,,,,,,,,,,,,,,,,,,,,,,,,,,,,,,,,,,,,,,,,,,,,,,,,,,,,,,,,,,,,,,,,,,,,,,,,,,,,,
A,MET,162,,,,,,,,,,,,,,,,,,,,,,,,,,,,,,,,,,,,,,,,,,,,,,,,,,,,,,,,,,,,,,,,,,,,,,,,,,,,,,,,,,,,,,,,,,,,,,,,,,,,,,,,,,,,,,,,,,,,,,,,,,,,,,,,,,,,,,,,,,,,,,,,,,,,,,,,,,,,,,,,,,,,,,,,,,,,,,,,,,,,,,,,,,,,,,,,,,,,,,,,,,,,,,,,,,,,,,,,,,,,,,,,,,,,,,,,,,,,,,,,,,,,,,,,,,,,,,,,,,,,,,,,,,,,,,,,,,,,,,,,,,,,,,,,,,,,,,,,,,,,,,,,,,,,,,,,,,,,,,,,,,,,,,,,,,,,,,,,,,,,,,,,,,,,,,,,,,,,,,,,,,,,,,,,,,,,,,,,,,,,,,,,,,,,,,,,,,,,,,,,,,,,,,,,,,,,,,,,,,,,,,,,,,,,,,,,,,,,,,,,,,,,,,,,,,,,,
A,HIS,163,-0.7096,-0.6225,-0.7074,-0.4094,-0.3963,-0.7531,,-0.5151,-0.5143,-0.1592,,-0.4643,-0.3045,-0.5575,-0.3542,-0.5340,-0.4517,-0.6749,,-0.0934,-0.6727,-0.4502,-0.7658,,-0.9077,-0.9044,-0.8605,-0.8594,-0.4687,-0.5341,-0.6606,-0.6501,-0.3702,,,-0.3215,,-0.4553,-0.7387,-0.4758,,-0.5391,-0.4610,,-0.4712,-0.3301,-0.4530,,,,,,-0.2775,-0.1873,,,-0.8366,,,-0.7638,,,,-0.3671,,,-0.5888,,,,-0.1304,,-0.4018,,-0.4923,-0.6883,,,-0.2870,,,-0.2822,-0.7931,,,-0.2932,-0.3702,-0.6753,,,-0.3219,,,,,,,-0.5026,-0.4380,,,,-0.5383,-0.5874,-0.3682,,,,,,,,-0.2956,,,,,-0.1440,,,,,,,,,,,,,-0.1677,,,,,,,,,,,,,-0.3759,-0.7486,,,,-0.5768,,,,,,,-0.5983,,,,,,,,,,-0.8044,,,,,,,,,-0.1471,,,,,,,,,,,,,,,,,,,,,-0.5264,,,,-0.6928,,,,,-0.5750,,,,,,,,,,,,,,,,,-0.3486,,,,,-0.2509,,,,-0.4251,-0.5112,,,,,,,-0.3936,,,,,,-0.7655,,-0.3625,,,,-0.4148,,,,-0.6517,-0.0922,,,-0.2705,-0.4968,,,,,,,,,,,,,,,-0.3761,,,,,,,,,,,,,,,,,,,,,-0.0245,,,,,,,,,-0.5284,-0.4789,,,,,,,,,,,,,,,,-0.5874,,,,-0.4203,,,,,,,,,,,,,,,,-0.0049,,,,,,-0.5384,,,,,,,,,-0.5874,,,,,,,,-0.3498,,,,,,,,,,,,,,,,,,,,,,,,,,-0.3408,,,,,,,,,,,,,,,,,,,,,,,,,,,,,,,,,,-0.5874,,,,,,,,,,,,,,,,,,,,,-0.0692,,,,,,,
A,HIS,164,-0.3179,,,,,,-0.0084,,,-0.3949,-0.5585,,,,,,,,,,,,,-0.5062,,,,,,,,,-0.0039,,,,,,,,,,,-0.5595,,-0.3786,-0.0045,,,-0.0015,,,,,,,,,,,,,,,,,,,,,,,,-0.2954,,,,,,,,,,,,,,,,,,,,,,,,,,,,,,,,,,,,,,,,-0.5874,,,,,,,,,,,,,,,,,-0.3115,,,,,,,,,,,,,,,,,,,,,,,-0.0049,,,,,,,-0.4421,,,,,,,,,,,,,,,,,,,,,-0.4330,,,,,,,,,,,,,,,,,,,,,,,,,,,,,,,,,,,,,,,,,,,,,,,,,,,,,,,,,,,,,,,,-0.5222,,,,,,,-0.0918,,,,,,,,,,,,,,,,,,,,,,,,,,,,,,,,,,,-0.5163,,-0.3148,,,,,,,,,,,,,,,,,,,,,,,,,,,,,,,,,,,,,,,,,,,,,,,,,,,,,,,,,,,,,,,,,,,,,,,,,,,,,,-0.0132,,,,,,,,,,,,,,,,,,,,,,,,,,,,,,,,,,,-0.3676,,,,,,,,,,,,,,,,,,,,,,,,,,,,,,,,,,,,,,,,,,,,,,,,,,
A,MET,165,-0.2455,-0.1704,,,,-0.2132,-0.2242,-0.2683,-0.0540,-0.2316,-0.2214,-0.0748,-0.1403,-0.1313,-0.2355,-0.0760,-0.2882,-0.1907,-0.1300,-0.2028,-0.1284,-0.0634,-0.1753,-0.0780,-0.0595,-0.1288,-0.1054,-0.0279,-0.0883,-0.0267,-0.0858,-0.0847,-0.0399,-0.2499,-0.0863,-0.1456,-0.0598,-0.1029,-0.1355,-0.1912,-0.2452,-0.0947,-0.0717,-0.2594,-0.2122,-0.1601,-0.2104,-0.0280,-0.1100,-0.2127,-0.0743,-0.2120,-0.0753,-0.0879,-0.0302,-0.0812,-0.0517,-0.0698,-0.0240,-0.1611,-0.0891,-0.1203,-0.1796,-0.1582,-0.1911,-0.1403,-0.2040,-0.2152,-0.1052,-0.1444,-0.0946,-0.0359,,-0.1185,,-0.0897,-0.0661,,-0.1123,-0.1934,,-0.1515,-0.0600,-0.0695,-0.0520,-0.0772,-0.0073,-0.1052,-0.0835,-0.2052,-0.1861,-0.0473,-0.1965,-0.2142,-0.0784,-0.1206,-0.0351,-0.0217,-0.1437,-0.1600,-0.1817,-0.0163,-0.1753,-0.2855,,-0.0606,-0.1798,,-0.0351,-0.1104,-0.0351,-0.1186,-0.1403,-0.0747,-0.2011,-0.1529,-0.0127,-0.0942,-0.1739,-0.1437,-0.0494,-0.2330,-0.0447,-0.0953,-0.2104,-0.2323,-0.1589,-0.1338,-0.1319,-0.0636,-0.2451,,-0.1391,-0.0128,-0.2076,-0.0095,,-0.2659,-0.1797,-0.0635,-0.1436,-0.1127,-0.2096,-0.0535,-0.2215,-0.1371,,-0.0163,,-0.1754,-0.1358,-0.2327,-0.1589,-0.1876,-0.2056,-0.1316,-0.1633,-0.1602,-0.1031,-0.0206,,-0.1309,-0.1464,-0.1355,-0.1514,,-0.1796,,-0.2302,-0.1666,-0.0174,-0.0701,-0.0661,-0.0672,-0.1929,-0.0217,-0.1403,-0.0729,-0.1461,-0.1079,,-0.2647,,-0.1753,,-0.1362,-0.1907,-0.1184,-0.1068,-0.2447,-0.0862,-0.0160,-0.0135,-0.1323,,-0.0710,-0.1055,,-0.0948,-0.0769,-0.1693,-0.1037,,-0.0770,,-0.0653,-0.0570,-0.1504,-0.0999,-0.0924,-0.0989,-0.1478,-0.0346,-0.0585,-0.2607,-0.2064,-0.0457,-0.1993,-0.1284,,-0.2319,,-0.2165,-0.0817,-0.1577,-0.1194,,-0.1091,-0.1052,-0.0491,-0.1821,-0.0903,-0.0133,-0.1806,-0.1010,-0.0317,-0.0466,-0.2028,-0.1674,-0.1205,-0.2465,-0.0510,-0.0207,-0.1017,,-0.1275,,-0.1899,-0.0185,-0.0214,-0.1273,-0.1991,-0.2279,-0.0559,-0.1039,-0.0550,-0.0701,-0.0003,,,-0.1687,-0.0384,-0.1777,-0.0396,-0.0939,-0.2125,-0.1591,-0.1623,-0.0556,-0.1753,,-0.0093,-0.0836,-0.0604,,-0.1322,-0.0421,-0.1052,-0.1052,-0.2196,-0.1987,-0.0856,-0.0049,-0.1453,,-0.1340,-0.1601,-0.1126,-0.0678,,-0.0300,-0.0684,-0.0999,,,,,-0.0094,-0.0339,-0.1421,-0.1052,-0.0313,-0.1259,-0.1175,-0.0251,,-0.1753,-0.1251,-0.0185,-0.1111,-0.1088,-0.1223,-0.0914,-0.0493,,-0.0680,-0.1229,-0.2240,-0.0701,-0.1005,-0.1072,-0.0811,,-0.0698,,-0.0271,-0.1880,-0.1733,-0.0701,-0.1357,,,-0.0075,,-0.0652,-0.0431,-0.1686,,-0.0592,,-0.2208,,,,-0.0139,-0.0772,-0.1272,-0.0054,,-0.0747,-0.1215,-0.0983,-0.0066,,-0.0268,-0.0288,-0.0695,-0.0768,,,-0.0362,-0.0705,,-0.0114,,,,,-0.0532,-0.0351,,-0.0570,-0.0833,-0.0654,-0.0851,,-0.0144,,,,-0.0162,,-0.1738,,-0.0538,-0.1217,-0.0875,,,-0.0667,-0.0163,-0.0471,-0.0605,-0.1605,-0.0351,-0.0324,-0.0594,,,,-0.1323,-0.1655,,,,,-0.0167,-0.0896,-0.0302,-0.0298,,,-0.0034,-0.0410,-0.0670,-0.1403,,-0.0054,-0.0332,-0.1703,,,-0.0020,-0.0059,,-0.0849,-0.1438,-0.0700,,-0.1592,,-0.0068,,-0.0176,,-0.1687,-0.1115,,-0.0208,-0.0066,,,-0.0060,,-0.1532,,-0.0084,,,,,,
A,GLU,166,-0.0216,-0.9886,,-0.4133,-0.5823,-0.2649,-0.1543,-0.0781,-0.4785,-0.0383,-0.2035,-0.6225,-0.7808,-0.4215,-0.1945,-0.0428,-0.0939,-0.5059,-0.3835,-0.0037,-1.0588,-0.6824,-0.2988,-0.3613,-1.1059,-0.6133,-0.5520,-0.5509,-0.3413,,-0.4854,-0.4783,-0.3616,-0.0963,-0.3353,-0.0918,-0.7635,-0.3645,-0.6130,,-0.4584,-0.1601,-0.3029,-0.1176,,-0.3365,-0.2329,-0.0328,-0.3398,-0.0282,-0.3293,-0.1953,-0.3743,-0.4763,-0.3964,-0.3458,-0.4117,-0.7090,-0.2905,-0.1785,-0.1328,-0.1119,,-0.6370,-0.2255,-0.1851,-0.1966,-0.0469,-0.2643,-0.1731,-0.3010,-0.7711,-0.5753,-0.1912,,,-0.2793,,-0.1020,-0.1428,-0.4611,-0.3574,-1.0290,-0.8127,-0.8453,-1.2801,-0.5385,-0.3253,-0.2095,-0.0087,-0.0023,-0.6727,-0.1217,-0.0104,-0.3573,-0.1627,-0.8853,-0.6748,-0.1184,-0.1051,-0.2647,-0.2603,-0.1631,-0.1406,-0.3137,-0.1908,-0.4008,,-0.2736,-0.0175,-0.5360,-0.2221,-0.2671,-0.3437,-0.0493,-0.0727,-0.7094,-0.3270,-0.1265,-0.1365,-0.3649,-0.6020,-0.4209,-0.3183,,,-0.5324,-0.0394,-0.1979,-0.3110,-0.0146,-0.6407,-0.6529,-0.4550,-0.1770,-0.7417,-0.5630,-0.0300,,-0.2367,-0.5070,-0.1772,,-0.6320,-0.2382,-0.6465,,-0.4527,-0.6851,,-0.6170,-0.2862,-0.3331,-0.1782,-0.2519,-0.2335,-0.4976,,-0.3637,-0.2607,-0.2854,-0.4663,-0.4025,-0.2992,,-0.3084,-0.0630,,-0.3927,-0.1093,-0.2851,-0.3220,-0.3143,-0.2037,-0.0516,-1.3938,-0.5649,-0.2288,-0.1080,-0.5706,-0.1514,-0.0252,-0.4830,-0.0812,-0.2265,-0.0692,-0.0144,-0.4141,-0.2420,-0.1225,-0.3009,-0.2766,-0.4387,-0.2990,-0.5669,-0.7105,-0.0598,,-0.2481,-0.3027,-0.1402,-0.2292,-0.7811,-0.1432,-0.6704,-0.1701,-0.4180,-0.0354,-0.0185,-0.4866,-0.2210,-0.1364,-0.3062,-0.0723,-0.0662,-0.0301,-0.5612,,-0.0397,-0.4366,,-1.0769,-0.0326,-0.1798,,-0.3594,-0.2364,-0.1615,-0.1746,-0.6049,-0.0010,-0.2299,-0.3746,,-0.2278,-0.2030,-0.7778,-0.0879,-0.5874,-0.2971,-0.0738,-0.2133,-0.0089,-0.0334,-0.1486,-0.1887,-0.3413,-0.0231,-0.5097,-0.1504,-0.0711,-0.1372,-0.0142,-0.2651,-0.2069,-0.2361,-0.0109,-0.5803,-0.1072,-0.2038,-0.1470,-0.2370,-0.1326,-0.2252,-0.1248,-0.0140,,-0.0274,-0.1955,,-0.0731,-0.1016,,-0.5494,-0.1376,-0.1554,-0.3526,-0.0260,-0.1834,-0.3244,-0.1068,-0.0817,,-0.1538,,-0.3768,-0.2431,-0.2274,-0.1639,,-0.0213,-0.2251,-0.3352,-0.2741,-0.8862,-0.8132,-0.0295,-0.2110,-0.0049,-0.0906,-0.1714,-0.0726,-0.0870,-0.0220,-0.3509,-0.1967,-0.0344,-0.1464,-0.4600,-0.1521,-0.0208,-0.0760,-0.0154,-0.1837,-0.6107,-0.3129,-0.1095,-0.0332,,-0.5919,-0.0687,-0.4112,,-0.2982,-0.6396,-0.0675,-0.1289,-0.0221,,-0.0377,-0.0034,-0.1265,-0.2099,,,-0.2964,-0.0940,-0.2201,-0.3273,-0.6591,-0.5087,-1.1208,-0.3864,-0.0252,-0.6672,-0.4186,-0.0758,-0.3169,-0.1751,-0.1786,-0.0094,-0.1409,-0.3523,-0.5223,-0.2018,-0.0864,-0.2759,-0.3598,-0.3314,-0.2368,-0.0981,-0.1951,,-0.2228,-0.2350,-0.1866,-0.2077,-0.0460,,,-0.5515,-0.0744,-0.1697,-0.2222,-0.1495,-0.3865,-0.1092,-1.1502,-0.4436,-0.1301,-0.0150,-0.5874,-0.1009,-0.2024,-0.2709,-0.0614,-0.1865,-0.6676,-0.0952,-0.0816,-0.0566,-0.1461,-0.1602,,-0.0662,-0.0030,-0.0395,-0.0506,-0.1325,-0.0269,-0.0325,,,-0.6555,-0.6972,-0.2765,,-0.2345,-0.6190,,-0.2953,-0.4186,-0.2697,-0.1428,-0.1285,-0.1016,-0.5392,-0.3163,-0.7657,-0.1447,-0.5874,-0.6895,-0.1786,-0.1978,-0.0342,,-0.0390,-0.2748,-0.3401,-0.0231,-0.4344,,-0.5270,-0.2568,-0.0145,-0.0007,-0.2418,,-0.2037,-0.1679,,-0.0186,-0.1826,,-0.1469,-0.2889,,,,,,-0.0056,
A,LEU,167,,,,,,,,,-0.3407,,,,,,,-0.0021,,-0.0106,,,-0.2891,,,,-0.4654,-0.0137,,,,,,,,,,,,,-0.4753,,,,,,,,,,,,,,-0.2426,,-0.0233,,,,,,,,,,-0.3389,,,,,,,,,,,,,,,,,,-0.2468,,,,,,,,,,-0.0041,,,,-0.0056,,,,-0.1768,,,,,,-0.0170,,,,,,-0.0047,,-0.0174,,,,,,,,,,,,-0.3609,-0.0037,,,,,,-0.0025,,,,,,,-0.4019,,,,,,,,,,,,,,,-0.0741,,,,,,-0.4753,,,,,,,,,,,,-0.0029,,,-0.0080,,,-0.3938,,,,,,,,,-0.3225,,,,,-0.0377,,,,,,,,,,,,,,,,,,,,,-0.0193,,,,-0.0056,,,,-0.0657,,,,,-0.0049,,,,,,,,,,-0.0070,,,-0.0012,,,,,,,-0.0046,,,,,,,,,,,,,,,,,,-0.0022,,,,,,,,,,,,,,,-0.0350,,,,,,-0.0251,,,,,,,,,,,,,,,,,,,,,,,,,,,,,,,-0.0354,,,,,,,,,,,,,,,,,,,-0.0220,,,,,,,,,,,,,,,,,,,,,,,,,,,,,,,,,,,,,,,,,,,,,,,,,,,,,,,,,,,,,,,,,,,,,,,,,,,,,,,,,,,,-0.0051,,,,,,,,,,,,,,,,,,,,,,,,,,,,,,,,
A,PRO,168,,,,,,,,,-0.2298,,,-0.1248,,-0.1526,,-0.0697,,-0.0373,,,-0.0748,-0.2594,-0.0209,,-0.2487,-0.1543,,-0.1925,,,-0.2212,-0.1122,,,,-0.3935,,,-0.2197,,,,,,-0.0071,,,,,,,,-0.1158,,,,-0.1827,,,-0.1462,,,,-0.2226,-0.1677,,,,,,-0.0221,-0.1955,-0.0713,,,,,,,,-0.2545,,-0.0025,,-0.1662,,-0.1284,-0.0045,,,-0.1083,-0.2402,-0.1212,,,,-0.0681,-0.1513,-0.2289,,-0.0982,,,,,,-0.1007,,,-0.1555,-0.2279,-0.0784,-0.2158,,-0.0281,-0.1177,,,,-0.1838,,,,-0.1967,,,,-0.1049,,,,,,-0.2225,-0.0172,,,,,,,,,,,-0.1649,,,,-0.1213,,,,,,-0.1318,,,-0.1522,,,-0.0298,-0.2132,,,-0.2034,,,,,,-0.0318,,-0.1002,,-0.0001,-0.2119,,,,,,,-0.0940,,,-0.1106,-0.5512,-0.0818,,,-0.0082,,-0.1413,,-0.1920,,,,-0.2525,,,-0.0264,,,,,-0.0458,,,-0.0963,,,,,,-0.2112,,-0.1414,-0.0450,,-0.0076,-0.0226,-0.2337,-0.6729,-0.0808,-0.1350,-0.0361,,-0.0891,-0.0691,,,,,,,-0.1052,,,,,,,,,,-0.0308,-0.0176,,-0.0889,-0.1143,,,,,,-0.0067,,-0.0091,,,,-0.0972,,-0.0455,-0.0719,-0.0450,-0.0837,-0.0470,,,,-0.2571,,,,,,,,,,,,-0.0185,,,,,,,-0.2064,-0.1105,,-0.2734,-0.3076,,,,,-0.0033,,,-0.3572,,-0.0356,,-0.0854,,,,-0.1649,,-0.0628,,-0.0012,-0.0296,-0.2356,,-0.1314,,,,-0.0306,-0.4587,,-0.0457,,-0.1500,,,,,,,-0.0059,-0.0487,,-0.2777,,-0.0320,,-0.3038,-0.2399,-0.1919,-0.0418,-0.0306,,-0.2296,,,,,,,,,-0.0167,,,,,,-0.1290,-0.0546,,,,-0.1866,,-0.6390,,,,,-0.4647,-0.1251,,,,-0.0888,-0.0257,,,-0.0505,-0.3583,-0.2222,,-0.0827,-0.1525,,,-0.1764,,-0.2219,,-0.1061,,-0.1212,,-0.0719,,-0.3846,-0.1340,,-0.0715,-0.0981,,-0.1573,,,,,,,,,,,-0.3095,-0.0806,,,-0.0059,,-0.1019,,-0.3100,-0.1584,-0.0903,-0.1640,,,,-0.0747,,,,,-0.3780,-0.0183,,,,-0.6079,,,-0.7738,-0.4888,,-0.6252,-0.6257
A,THR,169,,,,,,,,,,,,,,,,,,,,,,,,,,,,,,,,,,,,,,,,,,,,,,,,,,,,,,,,,,,,,,,,,,,,,,,,,,,,,,,,,,,,,,,,,,,,,,,,,,,,,,,,,,,,,,,,,,,,,,,,,,,,,,,,,,,,,,,,,,,,,,,,,,,,,,,,,,,,,,,,,,,,,,,,,,,,,,,,,,,,,,,,,,,,,,,,,,,,,,,,,,,,,,,,,,,,,,,,,,,,,,,,,,,,,,,,,,,,,,,,,,,,,,,,,,,,,,,,,,,,,,,,,,,,,,,,,,,,,,,,,,,,,,,,,,,,,,,,,,,,,,,,,,,,,,,,,,,,,,,,,,,,,,,,,,,,,,,,,,,,,,,,,,,,,,,,,,,,,,,,,,,,,,,,,,,,,,,,,,,,,,,,,,,,,,,,,,,,,,,,,,,,,,,,,,,,,,,,,,,,,,,,,,,,,,,,,,,,,,,,,,,,,,,,,,,,,
A,GLY,170,,,,,,,,,,,,,,,,,,,,,,,,,,,,,,,,,,,,,,,,,,,,,,,,,,,,,,,,,,,,,,,,,,,,,,,,,,,,,,,,,,,,,,,,,,,,,,,,,,,,,,,,,,,,,,,,,,,,,,,,,,,,,,,,,,,,,,,,,,,,,,,,,,,,,,,,,,,,,,,,,,,,,,,,,,,,,,,,,,,,,,,,,,,,,,,,,,,,,,,,,,,,,,,,,,,,,,,,,,,,,,,,,,,,,,,,,,,,,,,,,,,,,,,,,,,,,,,,,,,,,,,,,,,,,,,,,,,,,,,,,,,,,,,,,,,,,,,,,,,,,,,,,,,,,,,,,,,,,,,,,,,,,,,,,,,,,,,,,,,,,,,,,,,,,,,,,,,,,,,,,,,,,,,,,,,,,,,,,,,,,,,,,,,,,,,,,,,,,,,,,,,,,,,,,,,,,,,,,,,,-0.0119,,,,,,,,,,,,,,,,,,,,,,,,,,,,,,,,,
A,VAL,171,,,,,,,,,,,,,,,,,,,,,,,,,,,,,,,,,,,,,,,,,,,,,,,,,,,,,,,,,,,,,,,,,,,,,,,,,,,,,,,,,,,,,,,,,,,,,,,,,,,,,,,,,,,,,,,,,,,,,,,,,,,,,,,,,,,,,,,,,,,,,,,,,,,,,,,,,,,,,,,,,,,,,,,,,,,,,,,,,,,,,,,,,,,,,,,,,,,,,,,,,,,,,,,,,,,,,,,,,,,,,,,,,,,,,,,,,,,,,,,,,,,,,,,,,,,,,,,,,,,,,,,,,,,,,,,,,,,,,,,,,,,,,,,,,,,,,,,,,,,,,,,,,,,,,,,,,,,,,,,,,,,,,,,,,,,,,,,,,,,,,,,,,,,,,,,,,,,,,,,,,,,,,,,,,,,,,,,,,,,,,,,,,,,,,,,,,,,,,,,,,,,,,,,,,,,,,,,,,,,,,,,,,,,,,,,,,,,,,,,,,,,,,,,,,,,,,
A,HIS,172,,,,,,,,,,,,,,,,,,,,,,,,,,,,,,,,,,,,,,,,,,,,,,,,,,,,,,,,,,,,,,,,,,,,,,,,,,,,-0.1452,,,,,,,,,,,,,,,,,,,,,,,,,,,,,,,,,,,,,,,,,,,,,,-0.2100,,,,,,,,,,,-0.0957,,,,,,,,,,,,,,,,,,,,,,,,,,,,,,,,,,,,,,,,,,,-0.2100,,,,,,,,,,,,,,,,,,,,,,,,,,,,,,,,,,,,,,,,,,,,,,,,,,,,,,,,,,,,,,,,,,,,,,,,,,,,,,,,,,,,,,,,,,,,,,,,,,,,,,,,,,,,,,,,,,,,,,,,,,,,,,,,,,,,,,,,,,,,,,,,,,,,,,,,,,,,,,,,,,,,,,,,,,,,,,,,,,,,,,,,,,,,,,,,,,,,,,,,,,,,,,,,,,,,,,,,,,,,,,,,,,,,,,,,,,,,,,,,,,,,,,,,,,,,,,,,,,,,,,,,,,,,,,,,,,,,,
A,ALA,173,,,,,,,,,,,,,,,,,,,,,,,,,,,,,,,,,,,,,,,,,,,,,,,,,,,,,,,,,,,,,,,,,,,,,,,,,,,,,,,,,,,,,,,,,,,,,,,,,,,,,,,,,,,,,,,,,,,,,,,,,,,,,,,,,,,,,,,,,,,,,,,,,,,,,,,,,,,,,,,,,,,,,,,,,,,,,,,,,,,,,,,,,,,,,,,,,,,,,,,,,,,,,,,,,,,,,,,,,,,,,,,,,,,,,,,,,,,,,,,,,,,,,,,,,,,,,,,,,,,,,,,,,,,,,,,,,,,,,,,,,,,,,,,,,,,,,,,,,,,,,,,,,,,,,,,,,,,,,,,,,,,,,,,,,,,,,,,,,,,,,,,,,,,,,,,,,,,,,,,,,,,,,,,,,,,,,,,,,,,,,,,,,,,,,,,,,,,,,,,,,,,,,,,,,,,,,,,,,,,,,,,,,,,,,,,,,,,,,,,,,,,,,,,,,,,,,
A,GLY,174,,,,,,,,,,,,,,,,,,,,,,,,,,,,,,,,,,,,,,,,,,,,,,,,,,,,,,,,,,,,,,,,,,,,,,,,,,,,,,,,,,,,,,,,,,,,,,,,,,,,,,,,,,,,,,,,,,,,,,,,,,,,,,,,,,,,,,,,,,,,,,,,,,,,,,,,,,,,,,,,,,,,,,,,,,,,,,,,,,,,,,,,,,,,,,,,,,,,,,,,,,,,,,,,,,,,,,,,,,,,,,,,,,,,,,,,,,,,,,,,,,,,,,,,,,,,,,,,,,,,,,,,,,,,,,,,,,,,,,,,,,,,,,,,,,,,,,,,,,,,,,,,,,,,,,,,,,,,,,,,,,,,,,,,,,,,,,,,,,,,,,,,,,,,,,,,,,,,,,,,,,,,,,,,,,,,,,,,,,,,,,,,,,,,,,,,,,,,,,,,,,,,,,,,,,,,,,,,,,,,,,,,,,,,,,,,,,,,,,,,,,,,,,,,,,,,,
A,PHE,181,,,,,,,,,,,,,,,,,,,,,,,,,,,,,,,,,,,,,,,,,,,,,,,,,,,,,,,,,,,,,,,,,,,,,,,,,,,,,,,,,,,,,,,,,,,,,,,,,,,,,,,,,,,,,,,,,,,,,,,,,,,,,,,,,,,,,,,,,,,,,,,,,,,,,,,,,,,,,,,,,,,,,,,,,,,,,,,,,,,,,,,,,,,,,,,,,,,,,,,,,,,,,,,,,,,,,,,,,,,,,,,,,,,,,,,,,,,,,,,,,,,,,,,,,,,,,,,,,,,,,,,,,,,,,,,,,,,,,,,,,,,,,,,,,,,,,,,,,,,,,,,,,,,,,,,,,,,,,,,,,,,,,,,,,,,,,,,,,,,,,,,,,,,,,,,,,,,,,,,,,,,,,,,,,,,,,,,,,,,,,,,,,,,,,,,,,,,,,,,,,,,,,,,,,,,,,,,,,,,,,,,,,,,,,,,,,,,,,,,,,,,,,,,,,,,,,
A,PHE,185,,,,,,,,,,,,,,,,,,,,,,,,,,,,,,,,,,,,,,,,,,,,,,,,,,,,,,,,,,,,,,,,,,,,,,,,,,,,,,,,,,,,,,,,,,,,,,,,,,,,,,,,,,,,,,,,,,,,,,,,,,,,,,,,,,,,,,,,,,,,,,,,,,,,,,,,,,,,,,,,,,,,,,,,,,,,,,,,,,,,,,,,,,,,,,,,,,,,,,,,,,,,,,,,,,,,,,,,,,,,,,,,,,,,,,,,,,,,,,,,,,,,,,,,,,,,,,,,,,,,,,,,,,,,,,,,,,,,,,,,,,,,,,,,,,,,,,,,,,,,,,,,,,,,,,,,,,,,,,,,,,,,,,,,,,,,,,,,,,,,,,,,,,,,,,,,,,,,,,,,,,,,,,,,,,,,,,,,,,,,,,,,,,,,,,,,,,,,,,,,,,,,,,,,,,,,,,,,,,,,,,,,,,,,,,,,,,,,,,,,,,,,,,,,,,,,,
A,VAL,186,,,,,,,,,,,,,,,,,,,,,,,,,,,,,,,,,,,,,,,,,,,,,,,,,,,,,,,,,,,,,,,,,,,,,,,,,,,,,,,,,,,,,,,,,,,,,,,,,,,,,,,,,,,,,,,,,,,,,,,,,,,,,,,,,,,,,,,,,,,,,,,,,,,,,,,,,,,,,,,,,,,,,,,,,,,,,,,,,,,,,,,,,,,,,,,,,,,,,,,,,,,,,,,,,,,,,,,,,,,,,,,,,,,,,,,,,,,,,,,,,,,,,,,,,,,,,,,,,,,,,,,,,,,,,,,,,,,,,,,,,,,,,,,,,,,,,,,,,,,,,,,,,,,,,,,,,,,,,,,,,,,,,,,,,,,,,,,,,,,,,,,,,,,,,,,,,,,,,,,,,,,,,,,,,,,,,,,,,,,,,,,,,,,,,,,,,,,,,,,,,,,,,,,,,,,,,,,,,,,,,,,,,,,,,,,,,,,,,,,,,,,,,,,,,,,,,
A,ASP,187,-0.0405,,,,,-0.0357,-0.3050,-0.0224,,-0.0588,-0.0023,,-0.0290,,,,-0.0237,,,-0.0135,,,,,,,,,,,,,,-0.0532,,,,,,-0.0632,-0.0565,-0.0323,,-0.0019,-0.0070,,-0.3206,,,-0.0480,,-0.0457,,,,,,,,,,,-0.0757,,,,,-0.0518,,,,,,,,,,,,,,-0.0130,,,,,,,,-0.0404,,,,-0.0016,,,,,,,-0.0032,,,-0.0266,,,,,,,,,,,,,,,-0.0351,,,,,,-0.0249,-0.0215,-0.0024,,,,-0.0405,,,,,,,-0.0387,-0.0096,,-0.0284,,-0.0229,,-0.0220,,,,,,-0.0540,-0.0052,,-0.0372,-0.0479,,-0.0477,,,,,,,,,,,,,,,,,,,,,,,,,-0.0500,,,,,,,,,,,,,,,-0.0439,,,,-0.0302,,,,,,,,,,,,,,,,,-0.0032,,,-0.0184,,,,-0.0056,,,,,,,,,-0.0083,,,,,,,,,,-0.0371,,,,,,,,,-0.0535,,,,,,,,,,,,,,,,,,,,-0.0649,,,,,,,,,,,,,,,,,,,,,,,,,,,,,,,,,,,,,,,,,,,,,,,,,,,,,,,,,,,,,,,,,,,,,,,,,,,,,,,,,,,,,,,,,,,,,,,,,,,,,,,,,,,,,,,,,,,,,,,,,,,,,,,,,,,,,,,,,,,,,,,,,,,,,,,,,,,,,,,,,,,,,,,,,,,,,,,,,,,,
A,ARG,188,,,,,,,,,,-0.0001,,,,,,,,,,,,,,,,,,,,,,,,-0.2358,,,,,,,,-0.4336,,,,,,-0.1401,,,,,,,,,,,,,,,,,,,,-0.2431,,,,,,,,,,,,,,,,,,,,,,,,,,,,,-0.3541,,,,,,,,,,,,,-0.1030,,,,,,-0.2751,,,,-0.1801,,,,,,,,,,,,,,,,,,,,,,,,,,,,,,,-0.5874,,,-0.3416,-0.2166,,-0.4554,,,,,,,,,,,,,,,,,-0.2389,,,,,,,,,,-0.1283,,,-0.1305,,,,,,,,,,,,,,-0.4606,,,,,,,,,,,,,,,,,,,,,,,,,,,,,,-0.1761,,,,,,,,-0.1906,,,,,,,,,,,,,,,,,,,,,,,,,,,,-0.1671,,,,,,-0.5290,,,,,,,,,,,,,,,,,,,,,,,,,,,,,-0.2868,,,,,,,,,,,,,,,,,,,,,,,,,,,,,,,,,,,,,,,,,,,,,,-0.4689,,,,,,,,,,,,,,,,,,,,,,-0.4255,,,,,,,,,,,,,,,,,-0.4607,,,,,,,,,-0.5387,,,,,,,,,,,-0.3802,,,-0.2601,,,,,,,,,,,,,,,,,,,,,,-0.2675,,,,,,,,,,,,,,,,,,,,,
A,GLN,189,-0.3309,-0.4444,,,,-0.5874,-0.0791,-0.3007,-0.2228,-0.3470,-0.3479,-0.1944,-0.3354,-0.2810,-0.2679,-0.7061,-0.3108,-0.2724,-0.0433,-0.4476,-0.4060,-0.4504,-0.7936,-0.0242,-0.3069,-0.5047,-0.1492,-0.2037,,,-0.5688,-0.1121,,-0.1658,-0.5767,-0.2793,,-0.0032,-0.3224,-0.5131,-0.4393,-0.2106,,-0.3251,-0.8587,-0.4077,-0.2519,,-0.1734,-0.8160,-0.4470,-0.3265,-0.2434,-0.0826,,-0.1089,-0.2299,,,-0.2218,,-0.0510,-0.4870,-0.3084,-0.2989,-0.1511,-0.2389,-0.4108,,-0.3395,-0.5714,-0.2371,-0.4752,-0.1820,,-0.0753,-0.0083,,-0.0183,-0.1896,,-0.3579,-0.1767,,-0.2544,-0.2473,-0.1405,-0.0231,,-0.4663,-0.3487,-0.2762,-0.2581,-0.3047,-0.0107,-0.0350,-0.0433,-0.2331,-0.3491,-0.3185,-0.5030,,-0.2285,-0.4408,-0.2289,,-0.3723,,-0.0289,-0.7327,-0.4576,-0.2268,-0.2603,-0.0243,-0.6691,-0.2288,,-0.0152,-0.4348,-0.1979,-0.3211,-0.2324,,-0.3110,-0.8524,-0.3255,-0.3848,-0.2559,-0.1468,,-0.2976,,-0.0970,-0.4053,-0.2968,,,-0.3412,-0.5575,,-0.3949,-0.2766,-0.6350,-0.2789,-0.3986,-0.3230,,,-0.2189,-0.3466,-0.2101,-0.2869,-0.9397,-0.1710,-0.1580,-0.2171,-0.0975,-0.2367,-0.1310,-0.0421,,-0.1674,-0.3207,-0.2737,-0.9428,-0.4521,-0.6260,-0.4188,-0.3164,-0.1020,-0.0113,-0.1548,,-0.1145,-0.2337,-0.0189,-0.2434,-0.0298,-0.0404,-0.0387,,-0.3514,,-0.1298,-0.0162,-0.0187,-0.2560,-0.2805,-0.1961,-0.3702,-0.2615,-0.1913,,-0.2392,,-0.2468,-0.1137,,,-0.1919,-0.1525,,,,,-0.0659,,-0.2856,-0.0564,-0.3572,-0.0281,-0.3382,,,-0.5131,-0.6627,-0.2304,-0.5114,-0.2534,,-1.1291,,-0.6447,,-0.3966,-0.0467,-0.1513,-0.2522,-0.5268,-0.1890,-0.3049,-0.1809,,-0.8464,-0.0232,-0.1308,-0.1847,-0.7176,-0.1989,-0.0221,-0.2726,,,-0.1792,,-0.1909,,-0.2649,,,-0.2550,-0.2819,-0.2915,-0.4960,-0.2347,-0.1781,,-0.1327,-0.3474,-0.0054,-0.1636,-0.0158,-0.1619,-0.2390,-0.0217,-0.2863,-0.3003,-0.2980,-0.1537,-0.3722,,,-0.2266,-0.1364,,-0.0054,-0.0271,-0.0046,-0.0682,-0.3562,-0.2945,-0.3009,-0.4772,-0.0877,,-0.0127,-0.1889,-0.2297,,,,-0.1504,-0.2454,-0.1581,,-0.1729,-0.1991,,-0.5874,-0.3364,-0.3267,-0.1161,-0.0304,-0.0606,-0.0131,,-0.2906,,-0.3662,-0.1377,-0.0379,-0.1120,-0.2534,,,,-0.1838,-0.2783,-0.2639,-0.1317,-0.0965,-0.0370,,,,,-0.1796,-0.2997,-0.2587,-0.2867,-0.4487,-0.1345,-0.3713,,-0.3135,,-0.2260,-0.0117,-0.3537,-0.0411,-0.3701,,,-0.1814,-0.2839,-0.2340,-0.2055,-0.1344,-0.0115,-0.2800,-0.1616,-0.1150,-0.1101,,-0.1991,-0.7154,-0.0995,-0.0993,,,-0.0701,-0.5435,,,,,,,,-0.2298,-0.0073,-0.0564,-0.2108,-0.4960,-0.1124,,,-0.0032,-0.0031,-0.0122,-0.1578,-0.2000,-0.2817,,,-0.2033,-0.1432,,,-0.1398,-0.0107,-0.3601,-0.0427,-0.3272,-0.0036,-0.1250,-0.0656,-0.7016,,-0.1742,-0.3090,-0.3715,,-0.2539,-0.2795,,-0.1655,-0.0208,,-0.2890,,-0.0007,,-0.3984,,-0.0493,,,-0.0803,-0.2539,-0.0665,,,,,-0.0944,-0.1970,-0.0208,-0.0278,-0.1732,-0.1052,-0.0882,-0.0575,,-0.4264,-0.2355,-0.0826,,-0.0619,-0.0094,,,-0.1589,,-0.3042,,-0.0466,,-0.0249,,,,
A,THR,190,,,,,,,,,,,,,,,,,,,,,,,,,,,,,,,,,,,,,,,,-0.1093,,,,,,,,,,,,,,,,,,,,,,,,,,,,-0.2670,,,,,,,,,,,,,-0.5100,,,,,,,,,,-0.5364,,,,,,,,,-0.2455,,,,,,,,,,,,,,,,,,,,,,,,,,,,,,,,,,,,,,,,,,,,,,,,,,-0.4214,,,,,,,,,,,,,,,,,,,,,,,,,,,,,,,,,,-0.2335,,,-0.3761,,,,,,,,,,,,,,,,,,,,,,,,,,,,,,,,,-0.2490,,,,-0.2114,,,,,,,,,,,,,,,,,,,,,,,,,,,,,,,,,,,,,,-0.1045,,,,,-0.4368,,,,,,,,,,,,,,,,,,,,,,,,,,,,,,,,,,,,,,,,,,,,,,,,,,,,,,,,,,,,,,,,,,,,,,,-0.1608,,,,,,,,,,,,,,,,,,,,,,,,,,,,,,,,,,,,,,,,,,,,,,,,,,,,,,,,,,,,,,,,,,,,,,,,,,,,,,,,,,,,,,,,,,,,,,,,,,,,,,,,,,,,,,,,,,,
A,ALA,191,,,,,,,,,,,,,,,,,,,,,,,,,,,,,,,,,,,,,,,,,,,,,,,,,,,,,,,,,,,,,,,,,,,,,,,,,,,,,,,,,,,,,,,,,,,,,,,,,,,,,,,,,,,,,,,-0.0029,,,,,,,,,,,,,,,-0.0575,,,,,,,,,,,,,,,,,,,,,,,,,,,,,,,,,,,,,,,,,,,,,,,,,,,,,,,,,,,,,,,,,,,,,,,,,,-0.0340,,,,,,,,,,,,,,,,,,,,,,,,,,,,,,,,,,,,,,,,,,,,,,-0.0428,,,,,,,,,,-0.0816,,,,,,,,,,,,,,,,,,,,,,,,,,,,,,,,,,,,,,,,,,,,,,,,,,,,,,,,,,,,,,,-0.0309,,,,,,,,,,,,,,,,,,,,,,,,,,,,,,,-0.0254,,,,,,,,,,,,,,,,,,,,,,,,,,,,,,,,,,,,,,,,,,,,,,,,,,,,,,,,,,,,,,,,,,,,,,,,-0.1107,,,,,,,,,,,,,,,,,,,,,,,,,,,,,,,
A,GLN,192,,,,,,,,,,,,,,,,,,,,,,,,,,,,,,,,,,,,,,,,,,,,,,,,,,,,,,,,,,,,,,,-0.0009,,,,,,,,,,,,,,,,,,,,,,,,,,,,,,,,,,,,,,,,,,,,,,,,,,,,,,,,,,,,,,,,,-0.0003,,,,,,,,,,,,,,,,,,,,,,,,,,,,-0.0215,,,,,,,,,,,,,,,,,,,,,,,,,,,,,,,,,,,,,,-0.0108,,,,,,,,,,,,,,,,,,,,,,,,,,,,,-0.0726,,,,,,,,,,,,,,,,,,,,,,,,,,,,,,,,,,,,,,,,,,,,,,,,,,,,,,,,,,-0.0063,,,,,,,,,,,,,,,,,,,,,,,,,,,,,,,,,,,,,,,,,,,,,,,,,,,,,,,,,,,,,,,,,,,,,,,,,,,,,,,,,,,,,,,,,,,,,,,,,,,,,,,,,,,,,,,,,,,,,,,,,,,,,,,,,,,,,,,,,,,,,,,,,,,,,,,,,,,,,,,,,,,,,,,,,,,,
A,ALA,193,,,,,,,,,,,,,,,,,,,,,,,,,,,,,,,,,,,,,,,,,,,,,,,,,,,,,,,,,,,,,,,,,,,,,,,,,,,,,,,,,,,,,,,,,,,,,,,,,,,,,,,,,,,,,,,,,,,,,,,,,,,,,,,,,,,,,,,,,,,,,,,,,,,,,,,,,,,,,,,,,,,,,,,,,,,,,,,,,,,,,,,,,,,,,,,,,,,,,,,,,,,,,,,,,,,,,,,,,,,,,,,,,,,,,,,,,,,,,,,,,,,,,,,,,,,,,,,,,,,,,,,,,,,,,,,,,,,,,,,,,,,,,,,,,,,,,,,,,,,,,,,,,,,,,,,,,,,,,,,,,,,,,,,,,,,,,,,,,,,,,,,,,,,,,,,,,,,,,,,,,,,,,,,,,,,,,,,,,,,,,,,,,,,,,,,,,,,,,,,,,,,,,,,,,,,,,,,,,,,,,,,,,,,,,,,,,,,,,,,,,,,,,,,,,,,,,
A,ALA,194,,,,,,,,,,,,,,,,,,,,,,,,,,,,,,,,,,,,,,,,,,,,,,,,,,,,,,,,,,,,,,,,,,,,,,,,,,,,,,,,,,,,,,,,,,,,,,,,,,,,,,,,,,,,,,,,,,,,,,,,,,,,,,,,,,,,,,,,,,,,,,,,,,,,,,,,,,,,,,,,,,,,,,,,,,,,,,,,,,,,,,,,,,,,,,,,,,,,,,,,,,,,,,,,,,,,,,,,,,,,,,,,,,,,,,,,,,,,,,,,,,,,,,,,,,,,,,,,,,,,,,,,,,,,,,,,,,,,,,,,,,,,,,,,,,,,,,,,,,,,,,,,,,,,,,,,,,,,,,,,,,,,,,,,,,,,,,,,,,,,,,,,,,,,,,,,,,,,,,,,,,,,,,,,,,,,,,,,,,,,,,,,,,,,,,,,,,,,,,,,,,,,,,,,,,,,,,,,,,,,,,,,,,,,,,,,,,,,,,,,,,,,,,,,,,,,,

Intra-Ligand Free,,,-1.5632,-1.0843,-1.6558,-1.5215,-1.8860,-1.1296,-1.3228,-1.5555,-1.5809,-0.9316,-1.2652,-1.8263,-0.9861,-1.3599,-1.0182,-1.7891,-1.0955,-0.8042,-1.4028,-0.7401,-1.3289,-1.2257,-1.3491,-1.9830,-1.1077,-1.3022,-1.5653,-1.6237,-1.8483,-1.6767,-1.6617,-1.1667,-1.1969,-0.6525,-1.4205,-0.8436,-1.7804,-1.5244,-0.8743,-0.3728,-1.0314,-0.7298,-1.7696,-1.0343,-0.8115,-1.5283,-0.9052,-0.9696,-2.1054,-1.2846,-1.8465,-1.2294,-1.1130,-1.3054,-0.9063,-1.2381,-1.6433,-1.5120,-2.0202,-0.8899,-1.4110,-1.2221,-0.6397,-0.9305,-0.7569,-1.3657,-0.7331,-1.0675,-1.4239,-1.4106,-1.4436,-1.6064,-1.6107,-1.5848,-1.4917,-0.8858,-1.3721,-1.2931,-1.0246,-1.0820,-0.8019,-0.9215,-1.4612,-1.6154,-1.1757,-0.6377,-1.1053,-0.9855,-1.7222,-1.1170,-0.5688,-1.3561,-0.6578,-0.8267,-1.2045,-2.1787,-0.5461,-1.3479,-0.7840,-1.1136,-0.7393,-1.6059,-0.9927,-1.2221,-1.4374,-1.3125,-0.7732,-1.3402,-1.1092,-1.0214,-1.9032,-1.1374,-1.1583,-1.6324,-0.5506,-0.9804,-1.3587,-1.8405,-1.0773,-0.6858,-1.4801,-0.8093,-1.1594,-1.3809,-0.7210,-0.4863,-0.7087,-1.2967,-1.6536,-0.9652,-1.3564,-0.7760,-1.1788,-1.4201,-0.8352,-1.0423,-1.4318,-1.0192,-0.6875,-1.0129,-0.6287,-0.8343,-0.8662,-1.6319,-0.8617,-0.4696,-1.3248,-1.7193,-1.1028,-0.4972,-0.5796,-0.8490,-1.0300,-1.0694,-1.1543,-0.8336,-1.1790,-0.6106,-1.3421,-1.3575,-1.7960,-0.8610,-0.6470,-1.0961,-0.8069,-0.9927,-1.1796,-1.9147,-1.3835,-1.5448,-0.8199,-1.6113,-1.1595,-1.0716,-0.8567,-1.0787,-1.2627,-1.2269,-0.5760,-0.8283,-0.7838,-0.7855,-1.3115,-1.2594,-0.9334,-0.6691,-0.8664,-0.9470,-0.6214,-1.2217,-0.8204,-1.3032,-1.0892,-1.3031,-1.1628,-0.8959,-0.7042,-0.9507,-1.3108,-0.4579,-0.7617,-1.1545,-0.6067,-1.4746,-1.0078,-1.1073,-1.1000,-1.5070,-1.5230,-0.8298,-0.6194,-1.2695,-0.7090,-1.0301,-0.9442,-1.0040,-1.1108,-0.5476,-0.7681,-0.6326,-1.2403,-0.8756,-0.6667,-0.7809,-0.4376,-0.4876,-0.4282,-0.9839,-1.2265,-0.6133,-0.6226,-0.6896,-1.2021,-1.0035,-1.0555,-1.7224,-0.8715,-1.4957,-1.1345,-1.9657,-0.2692,-1.2598,-1.7126,-0.8737,-1.3376,-0.8384,-0.9264,-0.6394,-0.7326,-1.3328,-0.8510,-1.0496,-1.4414,-1.2687,-1.2100,-1.2817,-1.1152,-0.7912,-1.2760,-1.4023,-0.8242,-1.0642,-0.9818,-0.5965,-0.9094,-0.6847,-1.1119,-0.6962,-1.2705,-0.7474,-1.5307,-0.5260,-0.6115,-0.8026,-0.9845,-0.4954,-1.2037,-0.8192,-0.9695,-1.3003,-1.1524,-0.7603,-1.6092,-1.4499,-0.5059,-0.5313,-0.8817,-0.9646,-0.7356,-1.2512,-1.4020,-1.2223,-0.9966,-0.7255,-1.4339,-0.8900,-1.2655,-1.1782,-1.3071,-0.7317,-0.5752,-0.7885,-0.9652,-0.7962,-0.3100,-1.0809,-0.7679,-0.6177,-0.8667,-1.3203,-0.8892,-0.5488,-0.7412,-0.6132,-1.0158,-0.8571,-0.7086,-0.4909,-0.7741,-1.3339,-0.4639,-0.9496,-1.0974,-0.6759,-0.4270,-0.6371,-0.8693,-0.6590,-1.4266,-1.0809,-0.8232,-1.5589,-1.2489,-1.3740,-1.0480,-1.1221,-1.0556,-1.4115,-1.4317,-0.6991,-0.8852,-0.7389,-0.6615,-1.5610,-0.8226,-0.8530,-0.8950,-0.3363,-1.1531,-0.6354,-0.8656,-1.1678,-0.0649,-1.4115,-0.9814,-1.1332,-1.0638,-1.0154,-0.5740,-1.5671,-0.6288,-1.3197,-0.4032,-1.3992,-0.5527,-1.3852,-1.1421,-1.2475,-1.2547,-1.4980,-1.2668,-1.0483,-1.4389,-0.9156,-1.2539,-0.7145,-0.5616,-0.8038,-1.0727,-0.8782,-0.9717,-0.5875,-0.5613,-1.2476,-0.9820,-0.3056,-0.6052,-1.2071,-0.8281,0.1369,-0.6310,-0.8065,-1.0608,-0.5729,-0.9479,-1.2815,-0.2716,-1.1429,-1.2004,-1.6153,-0.7252,-0.4827,-0.8421,-0.6134,-1.1946,-0.6975,-0.9746,-0.5101,-0.0874,-0.7275,-0.4701,-1.3251,-1.5583,-0.4377,-0.5883,-0.9066,-0.6386,-0.2616,-0.3552,-0.2982,0.3641,-0.8917,-0.2669,-0.2104,-0.6545,-0.6789,-0.4965,-0.7561,-0.7021,-0.6521,-0.6351,-0.2914,-1.3464,-0.5285,-1.1620,-0.4128,0.6864,-0.7291,-0.5551,-0.9486,-0.5201,-0.9321,0.5006,-1.1109,2.7641,-0.7013,1.6439,7.4103,0.8783,6.7147,13.9914,-0.8367,-0.6303
Inter-Ligand Free,,,-9.2159,-9.4192,-8.5884,-8.5832,-8.2132,-8.9666,-8.6857,-8.4454,-8.3820,-8.9860,-8.6424,-8.0466,-8.8439,-8.3948,-8.7150,-7.9376,-8.6151,-8.8728,-8.2367,-8.8984,-8.2850,-8.3667,-8.2272,-7.5894,-8.3999,-8.1722,-7.9060,-7.8425,-7.5836,-7.7437,-7.7410,-8.2312,-8.1821,-8.7116,-7.9292,-8.4987,-7.5497,-7.7935,-8.4430,-8.9357,-8.2332,-8.5179,-7.4464,-8.1733,-8.3798,-7.6578,-8.2803,-8.1987,-7.0583,-7.8785,-7.2997,-7.9035,-8.0192,-7.8205,-8.2114,-7.8786,-7.4730,-7.6020,-7.0744,-8.1987,-7.6726,-7.8545,-8.4350,-8.1434,-8.2970,-7.6293,-8.2457,-7.9096,-7.5448,-7.5400,-7.4930,-7.3261,-7.3042,-7.3167,-7.3953,-8.0007,-7.5142,-7.5858,-7.8390,-7.7732,-8.0380,-7.9148,-7.3698,-7.2062,-7.6330,-8.1512,-7.6728,-7.7857,-7.0353,-7.6274,-8.1587,-7.3535,-8.0487,-7.8773,-7.4601,-6.4389,-8.0636,-7.2615,-7.8218,-7.4831,-7.8537,-6.9866,-7.5952,-7.3432,-7.1208,-7.2371,-7.7718,-7.2026,-7.4321,-7.5184,-6.6313,-7.3869,-7.3550,-6.8739,-7.9389,-7.4967,-7.1044,-6.6128,-7.3739,-7.7617,-6.9577,-7.6222,-7.2596,-7.0379,-7.6820,-7.9073,-7.6540,-7.0482,-6.6911,-7.3768,-6.9849,-7.5592,-7.1547,-6.9085,-7.4921,-7.2832,-6.8934,-7.3041,-7.6295,-7.2893,-7.6614,-7.4525,-7.4120,-6.6398,-7.4065,-7.7978,-6.9341,-6.4910,-7.1073,-7.7101,-7.6228,-7.3307,-7.1475,-7.1077,-7.0210,-7.3266,-6.9692,-7.5256,-6.7924,-6.7670,-6.3045,-7.2220,-7.4206,-6.9609,-7.2423,-7.0555,-6.8323,-6.0783,-6.5889,-6.4265,-7.1440,-6.3443,-6.7920,-6.8756,-7.0808,-6.8425,-6.6518,-6.6638,-7.2892,-7.0098,-7.0506,-7.0209,-6.4921,-6.5393,-6.8642,-7.1216,-6.8930,-6.8053,-7.1296,-6.5163,-6.9099,-6.4193,-6.6323,-6.4065,-6.5395,-6.8028,-6.9910,-6.7313,-6.3663,-7.2160,-6.9103,-6.5047,-7.0469,-6.1787,-6.6341,-6.5041,-6.4982,-6.0824,-6.0537,-6.7316,-6.9301,-6.2779,-6.8383,-6.4878,-6.5511,-6.4852,-6.3634,-6.9227,-6.7019,-6.8259,-6.2158,-6.5727,-6.7815,-6.6576,-6.9820,-6.9273,-6.9751,-6.4166,-6.1662,-6.7721,-6.7563,-6.6730,-6.1576,-6.3549,-6.2867,-5.6149,-6.4597,-5.8248,-6.1817,-5.3456,-7.0376,-6.0451,-5.5850,-6.4228,-5.9523,-6.4316,-6.3234,-6.5994,-6.4912,-5.8745,-6.3417,-6.1411,-5.7479,-5.9155,-5.9369,-5.8593,-6.0254,-6.3465,-5.8593,-5.7321,-6.2798,-6.0362,-6.0772,-6.4539,-6.1180,-6.3325,-5.8999,-6.3127,-5.7271,-6.2478,-5.4590,-6.4580,-6.3678,-6.1723,-5.9836,-6.4589,-5.7497,-6.1099,-5.9595,-5.6192,-5.7532,-6.1394,-5.2640,-5.4213,-6.3565,-6.3254,-5.9658,-5.8824,-6.1030,-5.5831,-5.4206,-5.5816,-5.7906,-6.0575,-5.3423,-5.8732,-5.4920,-5.5729,-5.4422,-6.0058,-6.1580,-5.9427,-5.7581,-5.9102,-6.3832,-5.6035,-5.9092,-6.0575,-5.7930,-5.3354,-5.7626,-6.0806,-5.8831,-6.0103,-5.6045,-5.7570,-5.8811,-6.0867,-5.7970,-5.2309,-6.1001,-5.5671,-5.4151,-5.8330,-6.0700,-5.8589,-5.6247,-5.8219,-5.0439,-5.3816,-5.6253,-4.8890,-5.1978,-5.0453,-5.3534,-5.2679,-5.3290,-4.9661,-4.9381,-5.6501,-5.4577,-5.5839,-5.6532,-4.7494,-5.4592,-5.4143,-5.3650,-5.9155,-5.0925,-5.6001,-5.3693,-5.0651,-6.1506,-4.7910,-5.2115,-5.0081,-5.0761,-5.0938,-5.5050,-4.4918,-5.4244,-4.7303,-5.6421,-4.6420,-5.4832,-4.6453,-4.8731,-4.7650,-4.7565,-4.4966,-4.7067,-4.9241,-4.5271,-5.0318,-4.6490,-5.1872,-5.3166,-5.0709,-4.7834,-4.9709,-4.8682,-5.2492,-5.2634,-4.5284,-4.7862,-5.4187,-5.1189,-4.5156,-4.8912,-5.8424,-5.0473,-4.8546,-4.5891,-5.0628,-4.6620,-4.3230,-5.3023,-4.4236,-4.3593,-3.8894,-4.7492,-4.9763,-4.6117,-4.8295,-4.2397,-4.7029,-4.3049,-4.7667,-5.1727,-4.5140,-4.7570,-3.8872,-3.6471,-4.7644,-4.6072,-4.2554,-4.4298,-4.7704,-4.6241,-4.6739,-5.3039,-4.0426,-4.6495,-4.7053,-4.2191,-4.1915,-4.3579,-4.0464,-4.0657,-4.0067,-4.0139,-4.3447,-3.2478,-4.0480,-3.3684,-4.0889,-5.1676,-3.6301,-3.6923,-3.0605,-3.4556,-2.9991,-4.3431,-2.3864,-3.3666,0.4890,1.2821,-2.6289,4.7002,-0.3655,0.2177,15.6319,16.5190
Total Free Energy,,,-10.7791,-10.5035,-10.2442,-10.1047,-10.0992,-10.0961,-10.0085,-10.0009,-9.9629,-9.9176,-9.9077,-9.8729,-9.8299,-9.7546,-9.7332,-9.7267,-9.7106,-9.6770,-9.6395,-9.6385,-9.6140,-9.5924,-9.5763,-9.5724,-9.5076,-9.4743,-9.4714,-9.4662,-9.4319,-9.4204,-9.4027,-9.3979,-9.3790,-9.3641,-9.3497,-9.3423,-9.3301,-9.3179,-9.3173,-9.3085,-9.2646,-9.2477,-9.2160,-9.2076,-9.1914,-9.1861,-9.1855,-9.1683,-9.1637,-9.1631,-9.1462,-9.1329,-9.1322,-9.1259,-9.1177,-9.1167,-9.1162,-9.1140,-9.0945,-9.0886,-9.0836,-9.0766,-9.0747,-9.0739,-9.0539,-8.9951,-8.9788,-8.9771,-8.9686,-8.9506,-8.9366,-8.9325,-8.9149,-8.9015,-8.8870,-8.8865,-8.8863,-8.8789,-8.8636,-8.8552,-8.8399,-8.8363,-8.8310,-8.8216,-8.8087,-8.7889,-8.7781,-8.7712,-8.7575,-8.7444,-8.7276,-8.7096,-8.7065,-8.7040,-8.6646,-8.6176,-8.6097,-8.6094,-8.6058,-8.5967,-8.5929,-8.5926,-8.5878,-8.5653,-8.5582,-8.5496,-8.5450,-8.5428,-8.5412,-8.5398,-8.5345,-8.5242,-8.5133,-8.5064,-8.4895,-8.4770,-8.4632,-8.4533,-8.4512,-8.4474,-8.4378,-8.4314,-8.4190,-8.4188,-8.4030,-8.3936,-8.3626,-8.3449,-8.3447,-8.3420,-8.3413,-8.3352,-8.3335,-8.3286,-8.3273,-8.3256,-8.3252,-8.3233,-8.3170,-8.3021,-8.2902,-8.2869,-8.2782,-8.2717,-8.2683,-8.2674,-8.2589,-8.2103,-8.2101,-8.2074,-8.2024,-8.1796,-8.1775,-8.1770,-8.1752,-8.1602,-8.1482,-8.1362,-8.1345,-8.1245,-8.1005,-8.0830,-8.0676,-8.0570,-8.0493,-8.0482,-8.0118,-7.9930,-7.9724,-7.9713,-7.9640,-7.9556,-7.9515,-7.9473,-7.9375,-7.9212,-7.9145,-7.8907,-7.8652,-7.8382,-7.8344,-7.8064,-7.8036,-7.7988,-7.7976,-7.7907,-7.7594,-7.7523,-7.7510,-7.7380,-7.7303,-7.7225,-7.7216,-7.7095,-7.7023,-7.6986,-7.6953,-7.6820,-7.6771,-7.6739,-7.6720,-7.6592,-7.6536,-7.6533,-7.6419,-7.6115,-7.5981,-7.5894,-7.5767,-7.5614,-7.5495,-7.5474,-7.5473,-7.5180,-7.4953,-7.4892,-7.4742,-7.4703,-7.4700,-7.4585,-7.4561,-7.4483,-7.4482,-7.4384,-7.4196,-7.4149,-7.4032,-7.4005,-7.3927,-7.3854,-7.3788,-7.3626,-7.3597,-7.3584,-7.3422,-7.3373,-7.3311,-7.3205,-7.3161,-7.3113,-7.3068,-7.3050,-7.2976,-7.2965,-7.2900,-7.2701,-7.2497,-7.2388,-7.2238,-7.2073,-7.1927,-7.1907,-7.1892,-7.1841,-7.1469,-7.1410,-7.1405,-7.1376,-7.1352,-7.1344,-7.1040,-7.1004,-7.0590,-7.0504,-7.0274,-7.0172,-7.0117,-7.0089,-6.9976,-6.9952,-6.9897,-6.9840,-6.9793,-6.9749,-6.9681,-6.9542,-6.9534,-6.9291,-6.9290,-6.9195,-6.9056,-6.8996,-6.8732,-6.8712,-6.8625,-6.8567,-6.8475,-6.8470,-6.8386,-6.8343,-6.8226,-6.8039,-6.7872,-6.7829,-6.7762,-6.7632,-6.7575,-6.7511,-6.7493,-6.7375,-6.7332,-6.7312,-6.7234,-6.7064,-6.6932,-6.6845,-6.6771,-6.6752,-6.6596,-6.6557,-6.6518,-6.6294,-6.6243,-6.6234,-6.6203,-6.6140,-6.5897,-6.5777,-6.5711,-6.5647,-6.5640,-6.5167,-6.5125,-6.5090,-6.4970,-6.4960,-6.4940,-6.4809,-6.4705,-6.4625,-6.4485,-6.4479,-6.4467,-6.4193,-6.4014,-6.3900,-6.3846,-6.3776,-6.3698,-6.3492,-6.3429,-6.3228,-6.3146,-6.3104,-6.2818,-6.2673,-6.2601,-6.2518,-6.2457,-6.2356,-6.2349,-6.2329,-6.2155,-6.2025,-6.1929,-6.1413,-6.1398,-6.1093,-6.0790,-6.0589,-6.0532,-6.0500,-6.0453,-6.0412,-6.0359,-6.0305,-6.0152,-6.0125,-6.0112,-5.9946,-5.9735,-5.9724,-5.9660,-5.9474,-5.9030,-5.9017,-5.8783,-5.8746,-5.8561,-5.8491,-5.8400,-5.8367,-5.8247,-5.7760,-5.7682,-5.7243,-5.7240,-5.7227,-5.7193,-5.7055,-5.6783,-5.6610,-5.6499,-5.6357,-5.6099,-5.6045,-5.5739,-5.5665,-5.5597,-5.5047,-5.4744,-5.4589,-5.4538,-5.4429,-5.4343,-5.4004,-5.2796,-5.2768,-5.2602,-5.2415,-5.2271,-5.2123,-5.2053,-5.2021,-5.1954,-5.1620,-5.0684,-5.0319,-4.9793,-4.9721,-4.9398,-4.9343,-4.9163,-4.9157,-4.8736,-4.8704,-4.8543,-4.8025,-4.7677,-4.6588,-4.6490,-4.6362,-4.5942,-4.5765,-4.5304,-4.5017,-4.4812,-4.3593,-4.2475,-4.0091,-3.9757,-3.9313,-3.8425,-3.4973,-0.6025,-0.2123,2.9260,4.7814,5.5786,6.3492,14.2090,14.7951,15.8887
Normalized Total Free Energy,,,-5.2363,-5.0798,-4.9324,-4.8532,-4.8501,-4.8483,-4.7985,-4.7942,-4.7726,-4.7469,-4.7412,-4.7215,-4.6971,-4.6543,-4.6421,-4.6384,-4.6293,-4.6102,-4.5889,-4.5883,-4.5744,-4.5621,-4.5529,-4.5507,-4.5139,-4.4950,-4.4933,-4.4904,-4.4709,-4.4644,-4.4543,-4.4516,-4.4409,-4.4324,-4.4242,-4.4200,-4.4131,-4.4061,-4.4058,-4.4008,-4.3758,-4.3663,-4.3482,-4.3435,-4.3342,-4.3312,-4.3309,-4.3211,-4.3185,-4.3182,-4.3086,-4.3010,-4.3006,-4.2971,-4.2924,-4.2918,-4.2916,-4.2903,-4.2792,-4.2759,-4.2730,-4.2690,-4.2680,-4.2675,-4.2561,-4.2227,-4.2135,-4.2125,-4.2077,-4.1974,-4.1895,-4.1871,-4.1772,-4.1695,-4.1613,-4.1610,-4.1609,-4.1567,-4.1480,-4.1432,-4.1345,-4.1325,-4.1295,-4.1241,-4.1168,-4.1055,-4.0994,-4.0955,-4.0877,-4.0803,-4.0707,-4.0605,-4.0588,-4.0573,-4.0349,-4.0082,-4.0037,-4.0036,-4.0015,-3.9963,-3.9942,-3.9940,-3.9913,-3.9785,-3.9745,-3.9696,-3.9670,-3.9657,-3.9648,-3.9640,-3.9610,-3.9552,-3.9490,-3.9450,-3.9355,-3.9284,-3.9205,-3.9149,-3.9137,-3.9115,-3.9061,-3.9025,-3.8954,-3.8953,-3.8863,-3.8809,-3.8634,-3.8533,-3.8532,-3.8516,-3.8513,-3.8478,-3.8468,-3.8440,-3.8433,-3.8423,-3.8421,-3.8410,-3.8374,-3.8290,-3.8222,-3.8203,-3.8154,-3.8117,-3.8097,-3.8092,-3.8044,-3.7768,-3.7767,-3.7751,-3.7723,-3.7594,-3.7582,-3.7579,-3.7569,-3.7484,-3.7415,-3.7347,-3.7337,-3.7280,-3.7144,-3.7045,-3.6958,-3.6897,-3.6853,-3.6847,-3.6640,-3.6533,-3.6416,-3.6410,-3.6369,-3.6321,-3.6298,-3.6274,-3.6218,-3.6125,-3.6087,-3.5952,-3.5807,-3.5654,-3.5632,-3.5473,-3.5457,-3.5430,-3.5423,-3.5384,-3.5206,-3.5166,-3.5158,-3.5085,-3.5041,-3.4997,-3.4991,-3.4923,-3.4882,-3.4861,-3.4842,-3.4766,-3.4739,-3.4720,-3.4710,-3.4637,-3.4605,-3.4603,-3.4538,-3.4366,-3.4290,-3.4240,-3.4168,-3.4081,-3.4013,-3.4002,-3.4001,-3.3834,-3.3706,-3.3671,-3.3586,-3.3563,-3.3562,-3.3496,-3.3483,-3.3438,-3.3438,-3.3383,-3.3275,-3.3249,-3.3183,-3.3167,-3.3123,-3.3081,-3.3044,-3.2952,-3.2935,-3.2928,-3.2836,-3.2808,-3.2773,-3.2712,-3.2688,-3.2660,-3.2634,-3.2624,-3.2582,-3.2576,-3.2539,-3.2426,-3.2310,-3.2248,-3.2163,-3.2069,-3.1986,-3.1975,-3.1966,-3.1938,-3.1726,-3.1692,-3.1690,-3.1673,-3.1660,-3.1655,-3.1482,-3.1462,-3.1226,-3.1178,-3.1047,-3.0989,-3.0958,-3.0942,-3.0878,-3.0864,-3.0833,-3.0800,-3.0774,-3.0749,-3.0710,-3.0631,-3.0626,-3.0488,-3.0488,-3.0434,-3.0355,-3.0321,-3.0171,-3.0160,-3.0110,-3.0077,-3.0025,-3.0022,-2.9974,-2.9950,-2.9883,-2.9777,-2.9682,-2.9658,-2.9620,-2.9546,-2.9513,-2.9477,-2.9467,-2.9400,-2.9375,-2.9364,-2.9319,-2.9223,-2.9148,-2.9098,-2.9057,-2.9046,-2.8957,-2.8935,-2.8913,-2.8786,-2.8757,-2.8752,-2.8734,-2.8698,-2.8560,-2.8492,-2.8454,-2.8418,-2.8414,-2.8145,-2.8122,-2.8101,-2.8033,-2.8028,-2.8017,-2.7942,-2.7883,-2.7837,-2.7758,-2.7754,-2.7748,-2.7592,-2.7490,-2.7425,-2.7395,-2.7355,-2.7311,-2.7194,-2.7158,-2.7043,-2.6997,-2.6973,-2.6811,-2.6728,-2.6687,-2.6640,-2.6605,-2.6548,-2.6544,-2.6533,-2.6434,-2.6360,-2.6305,-2.6012,-2.6004,-2.5830,-2.5658,-2.5544,-2.5512,-2.5494,-2.5467,-2.5444,-2.5414,-2.5383,-2.5296,-2.5280,-2.5273,-2.5179,-2.5059,-2.5053,-2.5016,-2.4911,-2.4658,-2.4651,-2.4518,-2.4497,-2.4392,-2.4352,-2.4300,-2.4281,-2.4214,-2.3937,-2.3892,-2.3643,-2.3641,-2.3634,-2.3614,-2.3536,-2.3381,-2.3283,-2.3220,-2.3140,-2.2993,-2.2962,-2.2788,-2.2746,-2.2708,-2.2395,-2.2223,-2.2135,-2.2106,-2.2044,-2.1995,-2.1803,-2.1116,-2.1100,-2.1006,-2.0900,-2.0818,-2.0734,-2.0694,-2.0676,-2.0638,-2.0448,-1.9916,-1.9709,-1.9410,-1.9369,-1.9185,-1.9154,-1.9052,-1.9048,-1.8809,-1.8791,-1.8700,-1.8406,-1.8208,-1.7589,-1.7533,-1.7460,-1.7222,-1.7122,-1.6859,-1.6696,-1.6580,-1.5887,-1.5252,-1.3897,-1.3707,-1.3455,-1.2951,-1.0990,0.5459,0.7676,2.5507,3.6049,4.0579,4.4957,8.9616,9.2946,9.9160
