Chain ID,Residue name,Residue sequence,Conf 1,Conf 2,Conf 3,Conf 4,Conf 5,Conf 6,Conf 7,Conf 8,Conf 9,Conf 10,Conf 11,Conf 12,Conf 13,Conf 14,Conf 15,Conf 16,Conf 17,Conf 18,Conf 19,Conf 20,Conf 21,Conf 22,Conf 23,Conf 24,Conf 25,Conf 26,Conf 27,Conf 28,Conf 29,Conf 30,Conf 31,Conf 32,Conf 33,Conf 34,Conf 35,Conf 36,Conf 37,Conf 38,Conf 39,Conf 40,Conf 41,Conf 42,Conf 43,Conf 44,Conf 45,Conf 46,Conf 47,Conf 48,Conf 49,Conf 50,Conf 51,Conf 52,Conf 53,Conf 54,Conf 55,Conf 56,Conf 57,Conf 58,Conf 59,Conf 60,Conf 61,Conf 62,Conf 63,Conf 64,Conf 65,Conf 66,Conf 67,Conf 68,Conf 69,Conf 70,Conf 71,Conf 72,Conf 73,Conf 74,Conf 75,Conf 76,Conf 77,Conf 78,Conf 79,Conf 80,Conf 81,Conf 82,Conf 83,Conf 84,Conf 85,Conf 86,Conf 87,Conf 88,Conf 89,Conf 90,Conf 91
A,VAL,20,,,,,,,,,,,,,,,,,,,,,,,,,,,,,,,,,,,,,,,,,,,,,,,,,,,,,,,,,,,,,,,,,,,,,,,,,,,,,,,,,,,,,,,,,,,
A,THR,21,,,,,,,,,,,,,,,,,,,,,,,,,,,,,,,,,,,,,,,,,,,,,,,,,,,,,,,,,,,,,,,,,,,,,,,,,,,,,,,,,,,,,,,,,,,
A,CYS,22,,,,,,,,,,,,,,,,,,,,,,,,,,,,,,,,,,,,,,,,,,,,,,,,,,,,,,,,,,,,,,,,,,,,,,,,,,,,,,,,,,,,,,,,,,,
A,GLY,23,,,,,,,,,,,,,,,,,,,,,,,,,,,,,,,,,,,,,,,,,,,,,,,,,,,,,,,,,,,,,,,,,,,,,,,,,,,,,,,,,,,,,,,,,,,
A,THR,24,,,,,,,,,,,,,,,,,,,,,,,,,,,,,,,,,,,,,,,,,,,,,,,,,,,,,,,,,,,,,,,,,,,,,,,,,,,,,,,,,,,,,,,,,,,
A,THR,25,,,,,,,0.0272,,,,,,,,,,,,0.1680,,,,,,,,0.1366,,,,,,,,,,,,,,,,,,,,,,,,,,,,,,0.0048,,,,,0.0340,,,0.2255,,,,,,,,,,,,,,,,3.1594,0.0498,,,,,,,,,
A,THR,26,,,,,,,,,,,,,0.0460,,,,,,0.0464,,,,,,,,0.0045,,,,,0.3258,,,,,,,,,,,0.0009,,,,0.1292,,,,,,,,,,0.2086,,,,,,,,,,,,,,,,,,,,,,0.3577,,0.1547,0.1312,,,,,,,,,
A,LEU,27,,,,,,,,0.2313,,,,,,,,,,,,,,,,,,,0.0368,,,,,,,,,,,,,,,,,,,,0.0037,,,,,,,,,,0.2252,,,,,0.0894,,,0.0112,,,,,,,,,,,,,,0.5465,,,,,,,,,,,,
A,ASN,28,,,,,,,,,,,,,,,,,,,,,,,,,,,,,,,,,,,,,,,,,,,,,,,,,,,,,,,,,,,,,,,,,,,,,,,,,,,,,,,,,,,,,,,,,,,
A,PRO,39,,,,,,,,,,,,,,,,,,,,,,,,,,,,,,,,,,,,,,,,,,,,,,,,,,,,,,,,,,,,,,,,,,,,,,,,,,,,,,,,,,,,,,,,,,,
A,ARG,40,,,,,,,,,,,,,,,,,,,,,,,,,,,,,,,,,,,,,,,,,,,,,,,,,,,,,,,,,,,,,,,,,,,,,,,,,,,,,,,,,,,,,,,,,,,
A,HIS,41,,,,,0.0237,,0.0869,0.1380,,0.1601,,,,,,,,,0.0874,,,,0.0649,,,,1.0239,,,,,,,,,,,0.2137,,,0.0086,,,,,,,,,,,,,,,,0.0489,,,,,0.5859,,0.0035,0.2575,,,,,,0.6952,,,,2.1076,,,,,,0.0012,,,,0.2989,,4.9890,,,,0.2720
A,VAL,42,,,,,,,,,,,,,,,,,,,,,,,,,,,,,,,,,,,,,,,,,,,,,,,,,,,,,,,,,,,,,,,,,,,,,,,,,,,,,,,,,,,,,,,,,,,
A,ILE,43,,,,,,,,,,,,,,,,,,,,,,,,,,,,,,,,,,,,,,,,,,,,,,,,,,,,,,,,,,,,,,,,,,,,,,,,,,,,,,,,,,,,,,,,,,,
A,CYS,44,,,,,,,,,,,,,,,,,,,,,,,,,,,,,,,,,,,,,,,,,,,,,,,,,,,,,,,,,,,,,,,,,,,,,,,,,,,,,,,,,,,,,,,,,,,
A,THR,45,,,,,,,,,,,,,,,,,,,,,,,,,,,,,,,,,,,,,,,,,,,,,,,,,,,,,,,,,,,,,,,,,,,,,,,,,,,,,,,,,,,,,,,,,,,
A,SER,46,,,,,,,,,,,,,,,,,,,,,,,,,,,,,,,,,,,,,,,,,,,,,,,,,,,,,,,,,,,,,,,,,,,,,,,,,,,,,,,,,,,,,,,,,,,
A,GLU,47,,,,,,,,,,,,,,,,,,,,,,,,,,,,,,,,,,,,,,,,,,,,,,,,,,,,,,,,,,,,,,,,,,,,,,,,,,,,,,,,,,,,,,,,,,,
A,ASP,48,,,,,,,,,,,,,,,,,,,,,,,,,,,,,,,,,,,,,,,,,,,,,,,,,,,,,,,,,,,,,,,,,,,,,,,,,,,,,,,,,,,,,,,,,,,
A,MET,49,,,,,,,0.0303,,,0.0327,,,0.0653,,0.0009,,,,0.3692,,,,,,0.0361,,0.0076,,,,,,,,0.0054,0.0551,,,,,,0.0196,,0.0313,0.0780,0.5099,0.1461,,0.1331,,,,,,,,0.8158,0.1519,,,,0.2555,,,0.3411,,0.0186,,0.1262,,,,,,1.5415,,0.2775,1.8847,,,6.6602,8.0438,1.0416,,,,4.1535,10.9933,0.1598,9.0620,
A,LEU,50,,,,,,,,,,,,,,,,,,,,,,,,,,,,,,,,,,,,,,,,,,,,,,,,,,,,,,,,,,,,,,,,,,,,,,,,,,,,,,,,,,,,,,,,,,,
A,ASN,51,,,,,,,,,,,,,,,,,,,,,,,,,,,,,,,,,,,,,,,,,,,,,,,,,,,,,,,,,,,,,,,,,,,,,,,,,,,,,,,,,,,,,,,,,,,
A,PRO,52,,,,,,,,,,,,,,,,,,,,,,,,,,,,,,,,,,,,,,,,,,,,,,,,,,,,,,,,,,,,,,,,,,,,,,,,,,,,,,,,,,,,,,,,,,,
A,TYR,54,,,,,,,,,,,,,,,,,,,,,,,,,,,,,,,,,,,,,,,,,,,,,,,,,,,,,,,,,,,,,,,,,,,,,,,,,,,,,,,,,,,,,,,,,,,
A,CYS,85,,,,,,,,,,,,,,,,,,,,,,,,,,,,,,,,,,,,,,,,,,,,,,,,,,,,,,,,,,,,,,,,,,,,,,,,,,,,,,,,,,,,,,,,,,,
A,CYS,117,,,,,,,,,,,,,,,,,,,,,,,,,,,,,,,,,,,,,,,,,,,,,,,,,,,,,,,,,,,,,,,,,,,,,,,,,,,,,,,,,,,,,,,,,,,
A,TYR,118,,,,,,,,,,,,,,,,,,,,,,,,,,,,,,,,,,,,,,,,,,,,,,,,,,,,,,,,,,,,,,,,,,,,,,,,,,,,,,,,,,,,,,,,,,,
A,ASN,119,,,,,,,,,,,,,,,,,,,,,,,,,,,,,,,,,,,,,,,,,,,,,,,,,,,,,,,,,,,,,,,,,,,,,,,,,,,,,,,,,,,,,,,,,,,
A,SER,139,,,,,,,,,,,,,,,,,,,,,,,,,,,,,,,,,,,,,,,,,,,,,,,,,,,,,,,,,,,,,,,,,,,,,,,,,,,,,,,,,,,,,,,,,,,
A,PHE,140,,,,,,,,,,,,,,,,,,0.0417,,,,,,,,,,,,,0.0020,,,,,,,,,,,,,,,,,,,,,0.1631,,,,,,,,,,,,,,,,,,,,,,,,,,,,,,,,,,,,,,,
A,LEU,141,0.0806,,,,,,,,,,,,0.0029,,,0.1987,0.0197,0.0403,,0.0390,0.4474,,0.0145,,,0.1446,,,,,0.0759,,,,,,,,,0.0490,,,,0.0092,,,,,,,,0.7409,0.0693,,,,,,,,,,,,,0.2688,,0.0544,,,,,,,,,,,,1.2707,,,,,,,,,,,1.4204
A,ASN,142,0.0368,,0.0266,0.0319,0.2833,0.0130,0.0711,0.3733,0.2856,0.3366,0.3636,0.0558,0.0249,0.2030,0.3211,0.0567,0.0392,0.3078,0.1051,0.0046,0.1214,0.3018,0.0577,0.0493,,0.4492,0.1139,0.0181,0.0177,0.2373,0.0289,,0.0823,0.1697,0.0728,,0.0017,,0.5244,0.2403,0.0252,0.5076,0.1269,0.4659,,0.0015,0.0629,0.2920,0.7073,0.2551,0.6559,0.3183,0.0915,,0.2446,0.0794,0.0685,0.9915,0.0333,,,0.2120,0.0018,0.1858,0.3846,0.2411,0.0797,,0.4722,0.2781,0.7446,,,2.8767,,0.4661,4.5455,4.0669,2.8247,2.7303,,0.3217,,4.5391,,,,0.4196,5.8510,,5.7707
A,GLY,143,0.7134,0.1338,0.2258,,0.0077,0.2328,,0.0045,0.1747,0.0269,0.2229,,0.2051,0.1189,0.0249,0.1260,0.0828,,0.7144,0.2495,0.2678,,0.3698,,,,0.1828,0.3064,0.1815,,,0.1985,,0.1504,0.1014,,0.1147,,,,,0.0176,0.0977,,,,0.6781,,,,,,0.2246,0.0570,0.0542,,0.1330,,0.0052,,,1.1618,0.7155,,1.5930,,,,,,,,,,,,,,5.5597,,,1.7963,,,,,,,,,19.6590
A,SER,144,0.2723,,,,,,,,,,,,,,,0.4466,,,,0.3397,0.4026,,,,,0.0643,,,,,0.1702,,0.1255,,,,,,,,,,,,,,0.0149,,,,0.0820,0.0017,,,,,,,,,,,,,,,,,,,,,,,,,,,0.0254,,,,,,,,,,,,9.2558
A,CYS,145,0.3935,0.1492,0.2416,0.3322,0.1912,0.1271,0.0724,0.0711,0.2845,0.1650,0.0490,0.0121,0.0646,0.0341,0.0907,0.7043,0.0759,0.1626,,0.5642,0.0991,0.2397,0.0412,,,0.1862,0.0016,0.1172,0.0018,,0.0081,,0.0255,0.0270,,,,0.0025,,0.0428,0.0012,,,0.0990,0.0649,,0.3160,,,0.1371,0.1070,0.1158,0.1678,,0.3460,,,0.0478,,,,0.7600,,0.0747,0.1744,,,,,,,,,0.0339,,,,,1.2707,7.0673,1.2382,0.0179,,,,,0.0507,,,,22.4914
A,GLY,146,,,,,,,,,,,,,,,,,,,,,,,,,,,,,,,,,,,,,,,,,,,,,,,,,,,,,,,,,,,,,,,,,,,,,,,,,,,,,,,,,,,,,,,,,,,
A,SER,147,,,,,,,,,,,,,,,,,,,,,,,,,,,,,,,,,,,,,,,,,,,,,,,,,,,,,,,,,,,,,,,,,,,,,,,,,,,,,,,,,,,,,,,,,,,
A,TYR,161,,,,,,,,,,,,,,,,,,,,,,,,,,,,,,,,,,,,,,,,,,,,,,,,,,,,,,,,,,,,,,,,,,,,,,,,,,,,,,,,,,,,,,,,,,,
A,MET,162,,,,,,,,,,,,,,,,,,,,,,,,,,,,,,,,,,,,,,,,,,,,,,,,,,,,,,,,,,,,,,,,,,,,,,,,,,,,,,,,,,,,,,,,,,,
A,HIS,163,,,,,,,,,,,,0.3434,,,,0.0128,,0.4714,,,0.0020,,,0.2196,,0.0672,,,,,0.3146,,0.6629,,,,,,,0.3841,,,,,,,,,,0.1123,0.0726,0.7206,,,,,,,,,,,,,,,,0.3402,,,,,,,,,,,,,0.3642,,,,,,,,,,
A,HIS,164,0.0050,,,,0.4632,,0.1038,,,0.5308,0.0057,,,,,,,,0.0245,,,0.4596,,,0.1734,0.0118,0.0072,,0.0419,,,,,0.3613,,,,0.1485,0.0138,0.0029,0.0080,,,,0.1265,,,,,0.0003,,,,,,,,0.0398,,,,,,1.2924,,,,,,,0.0308,0.6489,,,,0.1831,,,,,0.8303,,,,,,0.0010,,,,1.3699
A,MET,165,0.0128,0.0113,0.0204,0.0094,0.0269,,0.0234,,0.0755,0.0299,0.2452,0.1004,0.0297,0.0439,0.1844,,0.0348,,,,0.0348,0.0139,,0.1702,0.0880,0.0323,,0.0088,0.0047,0.0080,,0.0765,0.0472,,,0.1804,,0.1919,0.0750,0.0240,,,,,0.3428,,,,,0.0780,,,,,,,,,,,,0.0425,,0.4963,,,,0.0525,,,,0.0792,0.0736,,3.6391,1.3359,0.9772,,,,1.5187,1.5929,,,2.0688,0.0193,0.8337,,,,0.0689
A,GLU,166,0.6019,0.3674,0.3091,0.6002,0.0821,0.4353,0.3890,0.7113,0.0155,0.1829,,0.1185,0.1850,0.0428,,0.3165,0.7724,0.6689,0.5476,0.2036,0.8071,0.2365,0.7091,0.2600,0.4372,1.2922,0.1925,0.6972,0.4606,0.4538,0.0633,0.0466,0.2326,0.2779,0.0574,0.9917,0.1141,0.4006,0.0949,0.1062,0.2357,0.2309,0.1886,0.1679,1.1457,0.3263,0.5415,0.1513,0.1211,0.1911,0.0067,0.3131,,0.2849,0.0533,0.3749,,0.8188,0.0624,0.0043,0.4089,0.8088,1.2231,0.8972,,,1.1454,2.1324,0.9088,0.3832,0.9524,0.1079,2.6832,,0.7288,,0.5582,0.1150,,1.5379,7.0868,2.6404,4.9523,,18.3394,15.0927,6.9132,15.8087,,8.7422,
A,LEU,167,,0.0024,,,,0.0184,,,,,,,,,,,,,,0.0109,,,,,,,,0.0451,,,,,,,0.0005,,,,,,,,,,,,,,,,,,,,,,,,0.0305,,,,,,,,,,0.0823,,,,,,,,,,,,,,,,0.6136,6.0160,,,,,
A,PRO,168,0.0043,0.0486,0.0274,0.0312,,0.0832,0.0097,,,,,0.1179,,,,0.1538,0.0121,,,0.0869,,0.0206,,0.0131,0.1235,0.0092,,0.0088,,0.2669,0.0724,,0.0118,,0.1126,,0.0386,0.0144,0.0967,0.0584,0.0360,,,,,0.0945,,0.0641,,,0.0726,,,,0.2810,0.0129,,,0.0768,0.1267,,,,0.5549,,0.0284,,,0.0918,0.1823,,0.2526,,0.2685,,,,,,2.0990,,,0.0111,0.0045,,0.9882,0.5407,,,,
A,THR,169,,,,,,,,,,,,,,,,,,,,,,,,,,,,,,,,,,,,,,,,,,,,,,,,,,,,,,,,,,,,,,,,,,,,,,,,,,,,,,,,,,,,,,,,,,,
A,GLY,170,,,,,,,,,,,,,,,,,,,,,,,,,,,,,,,,,,,,,,,,,,,,,,,,,,,,,,,,,,,,,,,,0.0397,,,,,,,,,,,,,,,,,,,,,,,,,,,
A,VAL,171,,,,,,,,,,,,,,,,,,,,,,,,,,,,,,,,,,,,,,,,,,,,,,,,,,,,,,,,,,,,,,,,,,,,,,,,,,,,,,,,,,,,,,,,,,,
A,HIS,172,,,,,,,,,,,,,,,,,,,,,,,,,,,,,,,,,,,,,,,,,,,,,,,,,,,,,,,,,,,,,,,,,,,,,,,,,,,,,,,,,,,,,,,,,,,
A,ALA,173,,,,,,,,,,,,,,,,,,,,,,,,,,,,,,,,,,,,,,,,,,,,,,,,,,,,,,,,,,,,,,,,,,,,,,,,,,,,,,,,,,,,,,,,,,,
A,PHE,181,,,,,,,,,,,,,,,,,,,,,,,,,,,,,,,,,,,,,,,,,,,,,,,,,,,,,,,,,,,,,,,,,,,,,,,,,,,,,,,,,,,,,,,,,,,
A,PHE,185,,,,,,,,,,,,,,,,,,,,,,,,,,,,,,,,,,,,,,,,,,,,,,,,,,,,,,,,,,,,,,,,,,,,,,,,,,,,,,,,,,,,,,,,,,,
A,VAL,186,,,,,,,,,,,,,,,,,,,,,,,,,,,,,,,,,,,,,,,,,,,,,,,,,,,,,,,,,,,,,,,,,,,,,,,,,,,,,,,,,,,,,,,,,,,
A,ASP,187,,,,,,,,,,,,,,,,,,,,,,,,,,,,,,,,,,,,,,,,,,,,,,,,,,,,,,,,,,,,,,,,,,,,,,,,,,,,,,,,,,,,,,,,,,,
A,ARG,188,,,,,,,,,,,,,,,,,,,,,,,,,,,,,,,,,,,,0.0300,,,,,,,,,,,,,,,,,,,,,,,,,,,,,,,,,,,,,0.0736,,0.2670,,0.4978,,,,,,,,1.9564,,,,,,
A,GLN,189,0.1441,0.0248,0.1627,0.2471,0.1282,0.0102,0.0666,0.3504,0.2736,0.2033,0.2220,0.2764,0.3059,0.0426,0.0290,0.0019,,,0.4738,0.1182,0.0614,0.1443,0.3843,0.2120,0.0131,0.0521,0.7794,0.1841,,0.0240,0.0931,0.4374,0.0981,0.0965,0.0214,0.4432,0.1281,0.0521,0.5680,0.0451,0.0555,,0.2268,,1.1695,0.1820,0.1983,,,,0.0017,0.0065,0.2073,0.1086,0.2013,0.1267,0.4586,0.1816,0.3213,0.0029,,1.0960,0.8735,1.2621,,0.3319,0.5335,0.9103,0.5016,0.0004,1.8488,1.4044,1.2440,,2.7710,2.4147,3.3954,1.6475,1.6255,,0.9449,6.0780,12.3284,15.2934,0.2619,5.1898,13.6873,4.7356,35.2327,21.8249,10.9050
A,THR,190,0.0440,0.1621,0.1102,0.1102,0.0075,,,0.3884,0.0010,,0.0569,0.0302,,0.0469,0.0002,0.2073,,,,,,0.0004,,,,,,,,,,,,,,0.1360,,,,,,,,,,0.5265,,,,,,,,,,0.0897,,,,,,0.3144,,,,,,,,,,,,,0.0657,,0.3232,,,,,,,,,,,,,,
A,ALA,191,,,,,,,,,,,,0.0025,,,,,,0.3127,,,,0.1498,,,,,,,,,,,,,,,,,,,,,,,,0.0164,,,,,,,,,,0.0596,,,,,,,,,,,,,,,,,,,,,,,,,,,,,,,,,,,
A,GLN,192,,,,,,,,,,,,,,,,,,,,,,,,,,,,,,,,,,,,,,,,,,,,,,,,,,,,,,,,,,,,,,,,,,,,,,,,,,,,,0.1791,,,,,,,,,,,,,,
A,ALA,193,,,,,,,,,,,,,,,,,,,,,,,,,,,,,,,,,,,,,,,,,,,,,,,,,,,,,,,,,,,,,,,,,,,,,,,,,,,,,,,,,,,,,,,,,,,

Intra-Ligand Free,,,0.1974,-0.1225,-0.1037,-0.1681,-0.1143,-0.1126,-0.0749,-0.1708,-0.1038,-0.1212,-0.1241,-0.1132,-0.1583,-0.1033,-0.1041,-0.1006,0.0479,-0.1126,-0.1760,-0.1118,0.0037,-0.1066,-0.1590,-0.1141,0.0859,-0.1549,-0.1321,-0.1127,-0.1201,-0.1828,-0.0254,-0.0481,-0.1767,-0.1105,-0.1241,-0.1035,-0.1021,-0.1820,-0.1040,-0.1436,-0.1327,-0.1211,-0.1241,-0.1627,-0.1107,-0.1762,-0.1220,-0.0959,-0.1236,-0.1796,-0.1119,-0.1703,-0.1827,-0.0819,-0.0032,-0.0981,-0.1036,-0.1576,-0.1217,-0.1405,-0.1178,-0.1709,-0.1240,-0.0998,-0.1239,-0.0996,-0.1078,-0.1117,0.0285,-0.1489,-0.1066,-0.1102,-0.1767,-0.1330,0.1489,2.6726,-0.1594,-0.1829,-0.1237,-0.1058,-0.1637,-0.1561,-0.1190,-0.1581,-0.0994,-0.1003,-0.1175,2.5170,-0.1206,6.0519,-0.1216
Inter-Ligand Free,,,-8.7881,-8.2447,-8.2586,-7.9379,-7.7165,-7.5772,-7.5775,-7.3609,-7.3262,-7.3088,-7.2450,-7.2394,-7.1254,-7.0892,-7.0314,-7.0337,-7.1501,-6.8298,-6.7465,-6.8086,-6.9158,-6.7042,-6.4946,-6.4973,-6.6133,-6.3537,-6.3699,-6.3758,-6.3011,-6.1904,-6.2978,-6.2077,-6.0116,-6.0244,-5.9964,-5.8814,-5.8779,-5.7868,-5.8103,-5.7137,-5.6491,-5.6129,-5.5959,-5.3742,-5.4120,-5.3249,-5.3205,-5.1943,-5.0812,-4.8592,-4.9244,-4.8424,-4.7378,-4.7679,-4.6607,-4.4661,-4.4096,-4.3504,-4.2935,-4.2602,-4.2429,-4.0347,-3.9079,-3.7017,-3.6705,-3.6597,-3.6455,-3.5116,-3.2421,-2.8833,-2.8164,-2.3819,-1.4069,-0.9975,0.5851,-1.0168,2.5907,3.7500,4.3129,7.4495,11.5265,11.9007,12.4577,13.4906,14.2998,20.0382,21.3496,25.5827,35.8769,31.6471,57.8788
Total Free Energy,,,-8.5907,-8.3672,-8.3623,-8.1061,-7.8307,-7.6899,-7.6524,-7.5317,-7.4301,-7.4300,-7.3691,-7.3526,-7.2836,-7.1925,-7.1355,-7.1343,-7.1022,-6.9423,-6.9225,-6.9204,-6.9121,-6.8108,-6.6536,-6.6114,-6.5273,-6.5086,-6.5021,-6.4885,-6.4212,-6.3731,-6.3232,-6.2559,-6.1884,-6.1349,-6.1205,-5.9849,-5.9799,-5.9688,-5.9143,-5.8573,-5.7818,-5.7340,-5.7200,-5.5368,-5.5228,-5.5012,-5.4425,-5.2902,-5.2048,-5.0387,-5.0363,-5.0127,-4.9204,-4.8498,-4.6639,-4.5642,-4.5132,-4.5080,-4.4152,-4.4007,-4.3607,-4.2056,-4.0319,-3.8016,-3.7945,-3.7593,-3.7533,-3.6233,-3.2136,-3.0322,-2.9229,-2.4922,-1.5836,-1.1305,0.7340,1.6557,2.4313,3.5671,4.1891,7.3438,11.3628,11.7446,12.3386,13.3326,14.2004,19.9379,21.2322,28.0998,35.7563,37.6991,57.7573
Normalized Total Free Energy,,,-8.3027,-8.0915,-8.0869,-7.8449,-7.5847,-7.4516,-7.4162,-7.3022,-7.2062,-7.2061,-7.1486,-7.1330,-7.0678,-6.9818,-6.9279,-6.9268,-6.8964,-6.7454,-6.7267,-6.7247,-6.7169,-6.6212,-6.4727,-6.4327,-6.3533,-6.3356,-6.3295,-6.3166,-6.2530,-6.2076,-6.1604,-6.0968,-6.0331,-5.9826,-5.9690,-5.8409,-5.8362,-5.8256,-5.7741,-5.7203,-5.6490,-5.6038,-5.5905,-5.4175,-5.4042,-5.3838,-5.3284,-5.1845,-5.1039,-4.9469,-4.9447,-4.9223,-4.8352,-4.7684,-4.5928,-4.4986,-4.4504,-4.4455,-4.3578,-4.3442,-4.3064,-4.1599,-3.9957,-3.7781,-3.7714,-3.7381,-3.7325,-3.6097,-3.2226,-3.0512,-2.9480,-2.5410,-1.6826,-1.2546,0.5070,1.3778,2.1105,3.1836,3.7713,6.7517,10.5487,10.9094,11.4707,12.4097,13.2296,18.6502,19.8730,26.3613,33.5949,35.4304,54.3808
