Chain ID,Residue name,Residue sequence,Conf 1,Conf 2,Conf 3,Conf 4,Conf 5,Conf 6,Conf 7,Conf 8,Conf 9,Conf 10,Conf 11
A,GLN,19,,,,,,,,,,,
A,VAL,20,,,,,,,,,,,
A,THR,21,,,,,,,,,,,
A,CYS,22,,,,,,,,,,,
A,GLY,23,,,,,,,,,,,
A,THR,24,,,,,,,,,,,
A,THR,25,-0.0445,-0.0379,-0.1424,-0.1437,-0.0210,-0.0181,-0.0554,-0.0295,-0.1052,-0.0872,-0.0934
A,THR,26,-0.0460,-0.0649,,,-0.0866,-0.0827,,-0.0401,-0.6067,,
A,LEU,27,,,-0.2260,-0.2027,,,-0.0177,,-0.2104,-0.3212,-0.0560
A,ASN,28,,,,,,,,,,,
A,GLY,29,,,,,,,,,,,
A,CYS,38,,,,,,,,,,,
A,PRO,39,,,,,,,,,,,
A,ARG,40,,,,,,,,,,,
A,HIS,41,,,-0.0156,-0.0126,,,-0.0292,,-0.1364,-0.2046,-0.0408
A,VAL,42,,,,,,,,,,-0.0045,
A,ILE,43,,,,,,,,,,,
A,CYS,44,,,,,,,,,,,
A,THR,45,,,,,,,,,,,
A,SER,46,,,,,,,,,,,
A,GLU,47,,,,,,,,,,,
A,ASP,48,,,,,,,,,,,
A,MET,49,,,,,,,,-0.0021,-0.0057,-0.0052,-0.0213
A,LEU,50,,,,,,,,,,,
A,ASN,51,,,,,,,,,,,
A,PRO,52,,,,,,,,,,,
A,TYR,54,,,,,,,,,,,
A,LEU,57,,,,,,,,,,,
A,CYS,85,,,,,,,,,,,
A,CYS,117,,,,,,,,,,,
A,TYR,118,,,,,,,,,,,
A,ASN,119,,,,,,,,,,,
A,GLY,120,,,,,,,,,,,
A,GLY,138,,,,,,,,,,,
A,SER,139,,,,,,,,,,,
A,PHE,140,,,,,,,,,-0.0272,-0.0762,-0.0263
A,LEU,141,,,,,,,,,-0.0661,,
A,ASN,142,-0.0886,-0.1020,-0.0790,-0.0683,-0.0838,-0.0979,-0.0276,-0.1259,-0.6820,,-0.7437
A,GLY,143,,,,,-0.5721,-0.5449,,-0.5327,,,-0.2355
A,SER,144,,,,,,,,,-0.3464,-0.0819,
A,CYS,145,,,,,,,,,,-0.5874,
A,GLY,146,,,,,,,,,,,
A,SER,147,,,,,,,,,,,
A,TYR,161,,,,,,,,,,,
A,HIS,163,,,,,,,,,-0.8117,-0.0069,
A,HIS,164,,,,,,,,,,,
A,MET,165,-0.0225,-0.1214,-0.1248,-0.0180,-0.1101,-0.0813,-0.0095,,-0.0179,-0.0929,-0.0383
A,GLU,166,-0.2205,-0.1723,-0.2371,-0.2419,-0.1511,-0.1750,-0.2258,-0.1938,-0.4314,-0.3836,-0.3457
A,LEU,167,,,,,,,,,,,
A,PRO,168,-0.1526,-0.1511,,,-0.0453,-0.0431,-0.1167,-0.1136,,,
A,THR,169,,,,,,,,,,,
A,GLY,170,,,,,,,,,,,
A,VAL,171,,,,,,,,,,,
A,HIS,172,,,,,,,,,,,
A,ALA,173,,,,,,,,,,,
A,PHE,181,,,,,,,,,,,
A,PHE,185,,,,,,,,,,,
A,VAL,186,,,,,,,,,,,
A,ASP,187,,,,,,,,,,,
A,ARG,188,,-0.2476,-0.3345,,-0.2597,,,,,,
A,GLN,189,-0.6212,-0.2486,-0.1625,-0.1530,-0.1699,-0.1305,-0.4337,-0.4236,-0.0804,-0.2071,-0.1999
A,THR,190,,,,,,-0.0374,,,,,
A,ALA,191,-0.0438,-0.0794,,,,,,,,,
A,GLN,192,,,,,,,,,,,
A,ALA,193,,,,,,,,,,,

Intra-Ligand Free,,,-1.3560,1.0189,0.0975,0.1426,-0.3857,-0.5716,1.6798,1.8196,23.8591,41.6635,56.9595
Inter-Ligand Free,,,-10.7456,-12.0782,-11.0546,-9.8842,-8.9358,-6.9446,-5.9538,1.5315,32.9603,48.1312,81.1374
Total Free Energy,,,-12.1015,-11.0594,-10.9571,-9.7416,-9.3215,-7.5161,-4.2740,3.3511,56.8194,89.7947,138.0969
Normalized Total Free Energy,,,-6.3153,-5.7028,-5.6427,-4.9283,-4.6814,-3.6204,-1.7150,2.7664,34.1902,53.5701,81.9578
